-1.781999999999999886e+02 3.318935043868927348e+00
-1.746000000000000227e+02 2.674828013805941485e+00
-1.710000000000000000e+02 2.165593539321986061e+00
-1.673999999999999773e+02 1.672050666331783564e+00
-1.638000000000000114e+02 1.395030175685860296e+00
-1.601999999999999886e+02 1.158750262863997182e+00
-1.566000000000000227e+02 9.740834242623406247e-01
-1.530000000000000000e+02 8.813587145675629841e-01
-1.493999999999999773e+02 8.726430757414505024e-01
-1.458000000000000114e+02 8.747562227994110096e-01
-1.421999999999999886e+02 9.710738095110293955e-01
-1.386000000000000227e+02 1.048823398341422131e+00
-1.350000000000000000e+02 1.086388367164175417e+00
-1.313999999999999773e+02 1.168471002157292382e+00
-1.277999999999999972e+02 1.289109882030903709e+00
-1.242000000000000028e+02 1.460781680449352304e+00
-1.205999999999999943e+02 1.478996609572773568e+00
-1.170000000000000000e+02 1.463938036803499987e+00
-1.134000000000000057e+02 1.396213411197595011e+00
-1.097999999999999972e+02 1.338798034562600048e+00
-1.061999999999999886e+02 1.196844808149069017e+00
-1.025999999999999943e+02 9.841597762030351859e-01
-9.900000000000000000e+01 7.234546947813651485e-01
-9.540000000000000568e+01 4.493118911997400211e-01
-9.179999999999999716e+01 2.624817150214280304e-01
-8.819999999999998863e+01 1.054836337376920952e-01
-8.459999999999999432e+01 0.000000000000000000e+00
-8.100000000000000000e+01 5.497239718959390231e-02
-7.740000000000000568e+01 3.088719991659321096e-01
-7.379999999999999716e+01 6.514632781673861395e-01
-7.019999999999998863e+01 1.092184250824769887e+00
-6.659999999999999432e+01 1.764700084856159368e+00
-6.300000000000000000e+01 2.430532696728914477e+00
-5.939999999999999858e+01 3.250827123218176684e+00
-5.579999999999999716e+01 4.152700130470734052e+00
-5.220000000000000284e+01 5.300504168353024070e+00
-4.859999999999999432e+01 6.091137235509318515e+00
-4.499999999999998579e+01 7.309269308339604976e+00
-4.139999999999999147e+01 8.514827045107482562e+00
-3.779999999999999716e+01 9.448439675180607011e+00
-3.420000000000000284e+01 1.080028646206436171e+01
-3.059999999999999432e+01 1.089639725298909134e+01
-2.699999999999998579e+01 1.171073826528394157e+01
-2.339999999999999147e+01 1.217982904682537182e+01
-1.979999999999999716e+01 1.281666353320514951e+01
-1.620000000000000284e+01 1.335757412033685654e+01
-1.259999999999999432e+01 1.393547184921712301e+01
-8.999999999999985789e+00 1.405938378673087641e+01
-5.399999999999991473e+00 1.415095780572708151e+01
-1.799999999999997158e+00 1.426192329985289575e+01
1.799999999999997158e+00 1.422667965521061362e+01
5.400000000000005684e+00 1.417104683269726806e+01
9.000000000000014211e+00 1.383380162251206258e+01
1.260000000000000853e+01 1.344608661297382213e+01
1.620000000000000284e+01 1.333411667140135393e+01
1.979999999999999716e+01 1.249226092346469486e+01
2.340000000000000568e+01 1.214982025152367484e+01
2.700000000000001421e+01 1.157650845910852944e+01
3.060000000000000853e+01 1.092546943442054008e+01
3.420000000000000284e+01 1.021644455858350398e+01
3.779999999999999716e+01 9.246533021033458866e+00
4.140000000000000568e+01 8.511825946780934515e+00
4.500000000000001421e+01 7.724435711840314411e+00
4.860000000000000853e+01 6.980709499934048878e+00
5.220000000000000284e+01 6.160496757927393929e+00
5.579999999999999716e+01 5.567380713526116409e+00
5.940000000000000568e+01 5.061555674096114288e+00
6.300000000000001421e+01 4.658410646654733256e+00
6.660000000000000853e+01 4.432073947468634145e+00
7.020000000000000284e+01 4.378440605273585362e+00
7.379999999999999716e+01 4.390304394467033688e+00
7.739999999999999147e+01 4.711304674588149055e+00
8.100000000000000000e+01 5.130526512751648838e+00
8.460000000000002274e+01 5.752869013032045231e+00
8.820000000000001705e+01 6.510337226128406485e+00
9.180000000000001137e+01 7.320412869072459472e+00
9.540000000000000568e+01 8.120737345434189791e+00
9.900000000000000000e+01 9.100991300891760005e+00
1.026000000000000227e+02 9.757417641386982865e+00
1.062000000000000171e+02 1.073365795121152289e+01
1.098000000000000114e+02 1.142755203238810502e+01
1.134000000000000057e+02 1.167780502495899597e+01
1.170000000000000000e+02 1.191557053475953332e+01
1.206000000000000227e+02 1.226952137501053386e+01
1.242000000000000171e+02 1.245360628837681283e+01
1.278000000000000114e+02 1.251327618841352241e+01
1.314000000000000057e+02 1.260664231356507869e+01
1.350000000000000000e+02 1.257856464540303065e+01
1.386000000000000227e+02 1.218532822997573284e+01
1.422000000000000171e+02 1.206139589051520034e+01
1.458000000000000114e+02 1.120627711074782873e+01
1.494000000000000057e+02 1.061763504949036019e+01
1.530000000000000000e+02 9.951334914785382679e+00
1.566000000000000227e+02 9.131859041892026241e+00
1.602000000000000171e+02 8.394247979779386526e+00
1.638000000000000114e+02 7.472017899690788667e+00
1.674000000000000057e+02 6.408388496485786234e+00
1.710000000000000000e+02 5.520654987725615470e+00
1.746000000000000227e+02 4.809884033107998391e+00
1.782000000000000171e+02 3.933165581451814941e+00
