0.000000000000000000e+00 -8.451270717628425189e+01
1.000000000000000000e+01 -7.718159759602633585e+01
2.000000000000000000e+01 -6.950917705720900130e+01
3.000000000000000000e+01 -7.407181186717429000e+01
4.000000000000000000e+01 -7.008918223321992969e+01
5.000000000000000000e+01 -7.151028945248290825e+01
6.000000000000000000e+01 -7.595953591479181455e+01
7.000000000000000000e+01 -8.018051599152057918e+01
8.000000000000000000e+01 -7.645554547803655510e+01
9.000000000000000000e+01 -7.111981871510126041e+01
1.000000000000000000e+02 -7.907092592547023457e+01
1.100000000000000000e+02 -6.531552706730796842e+01
1.200000000000000000e+02 -7.658617985532639238e+01
1.300000000000000000e+02 -7.252763331351721376e+01
1.400000000000000000e+02 -8.274341350492026947e+01
1.500000000000000000e+02 -6.721986689098429224e+01
1.600000000000000000e+02 -7.594842053356627787e+01
1.700000000000000000e+02 -7.608524285504351781e+01
1.800000000000000000e+02 -6.739244177887769638e+01
1.900000000000000000e+02 -6.362117627554709287e+01
2.000000000000000000e+02 -7.610443694118039559e+01
2.100000000000000000e+02 -7.554620416138443773e+01
2.200000000000000000e+02 -7.020285705977389057e+01
2.300000000000000000e+02 -7.493394146150764357e+01
2.400000000000000000e+02 -7.469897146972449775e+01
2.500000000000000000e+02 -6.908730823265416632e+01
2.600000000000000000e+02 -6.964725988583552407e+01
2.700000000000000000e+02 -7.262434858933528403e+01
2.800000000000000000e+02 -7.185807483412732211e+01
2.900000000000000000e+02 -7.027573729131452751e+01
3.000000000000000000e+02 -7.628405920995390943e+01
3.100000000000000000e+02 -8.668410262827104873e+01
3.200000000000000000e+02 -7.574341623446845517e+01
3.300000000000000000e+02 -7.534108527072760353e+01
3.400000000000000000e+02 -7.168223408680167097e+01
3.500000000000000000e+02 -8.430678614471423771e+01
3.600000000000000000e+02 -7.421350432991013690e+01
3.700000000000000000e+02 -7.336810510319460832e+01
3.800000000000000000e+02 -7.549475255138167995e+01
3.900000000000000000e+02 -6.359814337218283242e+01
4.000000000000000000e+02 -7.455229427417098975e+01
4.100000000000000000e+02 -6.094953137263158993e+01
4.200000000000000000e+02 -8.558654467591844650e+01
4.300000000000000000e+02 -6.180524383965946811e+01
4.400000000000000000e+02 -7.467450617187239459e+01
4.500000000000000000e+02 -7.617554100355613400e+01
4.600000000000000000e+02 -7.260251889734080066e+01
4.700000000000000000e+02 -6.581732350428353584e+01
4.800000000000000000e+02 -7.448365393031431836e+01
4.900000000000000000e+02 -7.619278703318956047e+01
5.000000000000000000e+02 -6.444537606384278661e+01
5.100000000000000000e+02 -8.195972183274032830e+01
5.200000000000000000e+02 -8.166493504714551932e+01
5.300000000000000000e+02 -6.766579994293459777e+01
5.400000000000000000e+02 -8.927713772169461492e+01
5.500000000000000000e+02 -7.151510229796200235e+01
5.600000000000000000e+02 -7.456719117684438913e+01
5.700000000000000000e+02 -7.043559251615603500e+01
5.800000000000000000e+02 -6.846650846162992821e+01
5.900000000000000000e+02 -7.551406122907759766e+01
6.000000000000000000e+02 -7.193553872802901594e+01
6.100000000000000000e+02 -8.009972894240713970e+01
6.200000000000000000e+02 -7.871001981031733408e+01
6.300000000000000000e+02 -7.888746483946934518e+01
6.400000000000000000e+02 -6.411317513422594061e+01
6.500000000000000000e+02 -7.312190513862690011e+01
6.600000000000000000e+02 -6.924149117532387265e+01
6.700000000000000000e+02 -6.159147328629616425e+01
6.800000000000000000e+02 -6.537626059359183728e+01
6.900000000000000000e+02 -8.200796487909033772e+01
7.000000000000000000e+02 -7.817854415955397940e+01
7.100000000000000000e+02 -6.971716073684149251e+01
7.200000000000000000e+02 -8.609567497267168790e+01
7.300000000000000000e+02 -7.472337947179705964e+01
7.400000000000000000e+02 -6.800516284499059338e+01
7.500000000000000000e+02 -7.281560190134996446e+01
7.600000000000000000e+02 -7.427509729288671281e+01
7.700000000000000000e+02 -7.333332656503017688e+01
7.800000000000000000e+02 -7.393625005284634710e+01
7.900000000000000000e+02 -7.639469736019367474e+01
8.000000000000000000e+02 -7.118078142450318069e+01
8.100000000000000000e+02 -6.736190312839721628e+01
8.200000000000000000e+02 -7.554815221788788904e+01
8.300000000000000000e+02 -7.252007027062147415e+01
8.400000000000000000e+02 -6.941652978173634381e+01
8.500000000000000000e+02 -7.024451109147989314e+01
8.600000000000000000e+02 -6.651810818350804766e+01
8.700000000000000000e+02 -7.589341658523370882e+01
8.800000000000000000e+02 -7.268198814352544446e+01
8.900000000000000000e+02 -8.360519932457654591e+01
9.000000000000000000e+02 -7.763005166227523546e+01
9.100000000000000000e+02 -7.169741746837263463e+01
9.200000000000000000e+02 -7.240232744372210050e+01
9.300000000000000000e+02 -7.749013536870428709e+01
9.400000000000000000e+02 -8.316843359734831154e+01
9.500000000000000000e+02 -6.584958102814940162e+01
9.600000000000000000e+02 -7.835512975201329766e+01
9.700000000000000000e+02 -7.208084082487418698e+01
9.800000000000000000e+02 -7.566818687596779114e+01
9.900000000000000000e+02 -6.418009660469722633e+01
1.000000000000000000e+03 -7.033538219778765210e+01
1.010000000000000000e+03 -7.346149722380093294e+01
1.020000000000000000e+03 -7.805638955763208742e+01
1.030000000000000000e+03 -6.990062182284238190e+01
1.040000000000000000e+03 -6.510009493633877753e+01
1.050000000000000000e+03 -7.801765761068124050e+01
1.060000000000000000e+03 -6.510450671136128165e+01
1.070000000000000000e+03 -7.986206604898687544e+01
1.080000000000000000e+03 -7.494872377262201724e+01
1.090000000000000000e+03 -6.953702280605234876e+01
1.100000000000000000e+03 -7.265895524016119111e+01
1.110000000000000000e+03 -7.747134235302399929e+01
1.120000000000000000e+03 -8.499009561118725742e+01
1.130000000000000000e+03 -7.488627137295276270e+01
1.140000000000000000e+03 -7.006998814708305190e+01
1.150000000000000000e+03 -6.746474905262319055e+01
1.160000000000000000e+03 -7.710258671607779490e+01
1.170000000000000000e+03 -8.389047501077217817e+01
1.180000000000000000e+03 -7.258338210698343573e+01
1.190000000000000000e+03 -7.359545475630253009e+01
1.200000000000000000e+03 -7.815075570649013059e+01
1.210000000000000000e+03 -7.222637210483742365e+01
1.220000000000000000e+03 -7.430489109823349736e+01
1.230000000000000000e+03 -8.014923249590644616e+01
1.240000000000000000e+03 -7.118129708651879639e+01
1.250000000000000000e+03 -7.688136771137779135e+01
1.260000000000000000e+03 -7.682137903022760383e+01
1.270000000000000000e+03 -7.225713993843594096e+01
1.280000000000000000e+03 -7.319977010298516973e+01
1.290000000000000000e+03 -7.432780941003873920e+01
1.300000000000000000e+03 -5.900577205265025782e+01
1.310000000000000000e+03 -7.490082450094908495e+01
1.320000000000000000e+03 -6.837661138357390200e+01
1.330000000000000000e+03 -6.858178757001026327e+01
1.340000000000000000e+03 -7.360737227844124675e+01
1.350000000000000000e+03 -8.058181563123021363e+01
1.360000000000000000e+03 -6.834595814153441040e+01
1.370000000000000000e+03 -6.406160893266415712e+01
1.380000000000000000e+03 -7.261787416625030289e+01
1.390000000000000000e+03 -7.334140526994151799e+01
1.400000000000000000e+03 -7.442463927741584939e+01
1.410000000000000000e+03 -7.856953055895124294e+01
1.420000000000000000e+03 -7.997459495995056500e+01
1.430000000000000000e+03 -6.821692804607094729e+01
1.440000000000000000e+03 -8.024950011005432771e+01
1.450000000000000000e+03 -6.131456278390943027e+01
1.460000000000000000e+03 -7.320114520169349248e+01
1.470000000000000000e+03 -7.720726610524820899e+01
1.480000000000000000e+03 -7.615388319890018920e+01
1.490000000000000000e+03 -6.375479003337159867e+01
1.500000000000000000e+03 -7.743272499763217809e+01
1.510000000000000000e+03 -7.426220574249626338e+01
1.520000000000000000e+03 -8.437737454507436041e+01
1.530000000000000000e+03 -7.235419898893110258e+01
1.540000000000000000e+03 -6.924527269677174957e+01
1.550000000000000000e+03 -8.346998128492566593e+01
1.560000000000000000e+03 -6.301389830848794560e+01
1.570000000000000000e+03 -7.598314177595119645e+01
1.580000000000000000e+03 -8.473169164558325406e+01
1.590000000000000000e+03 -7.433594541072959316e+01
1.600000000000000000e+03 -7.712338508404106108e+01
1.610000000000000000e+03 -6.102877143569817520e+01
1.620000000000000000e+03 -7.453774114617466751e+01
1.630000000000000000e+03 -6.010401755435702853e+01
1.640000000000000000e+03 -6.984321145177027290e+01
1.650000000000000000e+03 -6.790695787890517465e+01
1.660000000000000000e+03 -7.115688908444622029e+01
1.670000000000000000e+03 -7.489091233109331824e+01
1.680000000000000000e+03 -7.766242377770012695e+01
1.690000000000000000e+03 -6.580345792564138208e+01
1.700000000000000000e+03 -7.338151231560067345e+01
1.710000000000000000e+03 -7.298834867658190717e+01
1.720000000000000000e+03 -6.883979046515766242e+01
1.730000000000000000e+03 -8.620109920697576911e+01
1.740000000000000000e+03 -6.527748266971128999e+01
1.750000000000000000e+03 -6.338677924155908272e+01
1.760000000000000000e+03 -7.440361172633454601e+01
1.770000000000000000e+03 -6.908513099303267779e+01
1.780000000000000000e+03 -6.797227506755008619e+01
1.790000000000000000e+03 -6.633888698519112381e+01
1.800000000000000000e+03 -7.020285705977389057e+01
1.810000000000000000e+03 -6.678121040303211942e+01
1.820000000000000000e+03 -7.303733656806558372e+01
1.830000000000000000e+03 -7.572301893696180741e+01
1.840000000000000000e+03 -7.440710676888484443e+01
1.850000000000000000e+03 -8.597741648375668433e+01
1.860000000000000000e+03 -8.391929478786725838e+01
1.870000000000000000e+03 -5.886150127983633240e+01
1.880000000000000000e+03 -6.455761849590891188e+01
1.890000000000000000e+03 -8.330766234156510563e+01
1.900000000000000000e+03 -7.478852477310343261e+01
1.910000000000000000e+03 -6.399583337778314274e+01
1.920000000000000000e+03 -6.537500008644254024e+01
1.930000000000000000e+03 -7.208290347293666400e+01
1.940000000000000000e+03 -7.836389600627879304e+01
1.950000000000000000e+03 -6.457543748333748113e+01
1.960000000000000000e+03 -7.570657504824154671e+01
1.970000000000000000e+03 -7.438464682331571964e+01
1.980000000000000000e+03 -7.233122338134636209e+01
1.990000000000000000e+03 -7.811093513972853941e+01
2.000000000000000000e+03 -5.749791902320447434e+01
2.010000000000000000e+03 -7.948185125613805724e+01
2.020000000000000000e+03 -7.413919170388167856e+01
2.030000000000000000e+03 -7.115270649254176760e+01
2.040000000000000000e+03 -6.948276370285347525e+01
2.050000000000000000e+03 -6.956154539968396477e+01
2.060000000000000000e+03 -6.074590217224208999e+01
2.070000000000000000e+03 -7.545899998496551575e+01
2.080000000000000000e+03 -6.634031937967895942e+01
2.090000000000000000e+03 -6.933837833848050991e+01
2.100000000000000000e+03 -8.592327197211682233e+01
2.110000000000000000e+03 -7.132419276062442748e+01
2.120000000000000000e+03 -7.728031822412738450e+01
2.130000000000000000e+03 -7.540330848727880664e+01
2.140000000000000000e+03 -7.887875588098336266e+01
2.150000000000000000e+03 -5.820844398494621430e+01
2.160000000000000000e+03 -7.453367314582925474e+01
2.170000000000000000e+03 -6.895867920764730741e+01
2.180000000000000000e+03 -6.984120609948730873e+01
2.190000000000000000e+03 -7.459824548934048494e+01
2.200000000000000000e+03 -8.130425811511067025e+01
2.210000000000000000e+03 -7.481241711316039300e+01
2.220000000000000000e+03 -6.769238518462867660e+01
2.230000000000000000e+03 -7.677525592771957008e+01
2.240000000000000000e+03 -7.056101297751017398e+01
2.250000000000000000e+03 -6.099519610890351373e+01
2.260000000000000000e+03 -7.663195918315734900e+01
2.270000000000000000e+03 -6.446130429054743161e+01
2.280000000000000000e+03 -7.149585091604562592e+01
2.290000000000000000e+03 -6.832412844953991282e+01
2.300000000000000000e+03 -6.687683705903945963e+01
2.310000000000000000e+03 -6.156964359430166667e+01
2.320000000000000000e+03 -8.190947343410735471e+01
2.330000000000000000e+03 -6.029561464104877189e+01
2.340000000000000000e+03 -7.887417221862230576e+01
2.350000000000000000e+03 -7.068574588951015869e+01
2.360000000000000000e+03 -7.647004131025337870e+01
2.370000000000000000e+03 -7.420743097728174575e+01
2.380000000000000000e+03 -8.573683150558126442e+01
2.390000000000000000e+03 -6.460958576792728536e+01
2.400000000000000000e+03 -7.873356837569720312e+01
2.410000000000000000e+03 -6.843528226179529383e+01
2.420000000000000000e+03 -7.514226891581719769e+01
2.430000000000000000e+03 -7.987157714838605216e+01
2.440000000000000000e+03 -7.210616555941898298e+01
2.450000000000000000e+03 -8.301505279559178518e+01
2.460000000000000000e+03 -7.191731867014384250e+01
2.470000000000000000e+03 -7.321111466732877204e+01
2.480000000000000000e+03 -6.162120979586345015e+01
2.490000000000000000e+03 -7.974117195421426629e+01
2.500000000000000000e+03 -6.790099911783580922e+01
2.510000000000000000e+03 -6.958732850046484941e+01
2.520000000000000000e+03 -8.242060908314357448e+01
2.530000000000000000e+03 -6.044131780835054002e+01
2.540000000000000000e+03 -8.035452327390180471e+01
2.550000000000000000e+03 -7.931300059391301716e+01
2.560000000000000000e+03 -6.900342721144701841e+01
2.570000000000000000e+03 -7.673073710703789629e+01
2.580000000000000000e+03 -6.896056996837124586e+01
2.590000000000000000e+03 -8.462741332686944418e+01
2.600000000000000000e+03 -7.422714072543425345e+01
2.610000000000000000e+03 -6.315026226372906848e+01
2.620000000000000000e+03 -7.769697313274652117e+01
2.630000000000000000e+03 -7.161239053157522960e+01
2.640000000000000000e+03 -8.558333611226571236e+01
2.650000000000000000e+03 -6.436258366244638296e+01
2.660000000000000000e+03 -7.391969157256704648e+01
2.670000000000000000e+03 -7.298846326814093288e+01
2.680000000000000000e+03 -8.252351230314906161e+01
2.690000000000000000e+03 -7.890660162982672432e+01
2.700000000000000000e+03 -6.749414178751339932e+01
2.710000000000000000e+03 -7.204514555423753563e+01
2.720000000000000000e+03 -7.405433665442279789e+01
2.730000000000000000e+03 -7.077128848832317942e+01
2.740000000000000000e+03 -7.529444650620395407e+01
2.750000000000000000e+03 -7.562722039361592863e+01
2.760000000000000000e+03 -7.137404008880079687e+01
2.770000000000000000e+03 -7.913910790309080312e+01
2.780000000000000000e+03 -6.580592164416044909e+01
2.790000000000000000e+03 -7.978173736610953881e+01
2.800000000000000000e+03 -7.654097348529057854e+01
2.810000000000000000e+03 -7.714429804356332454e+01
2.820000000000000000e+03 -7.795858566200324447e+01
2.830000000000000000e+03 -7.556442421926959696e+01
2.840000000000000000e+03 -7.066683828227083097e+01
2.850000000000000000e+03 -8.014006517118434658e+01
2.860000000000000000e+03 -8.246650300253354260e+01
2.870000000000000000e+03 -6.529902588280819486e+01
2.880000000000000000e+03 -7.135295524193999483e+01
2.890000000000000000e+03 -7.457475421974011454e+01
2.900000000000000000e+03 -8.773410508362779581e+01
2.910000000000000000e+03 -6.831255470207828751e+01
2.920000000000000000e+03 -6.281003992498038713e+01
2.930000000000000000e+03 -7.227644861613185867e+01
2.940000000000000000e+03 -9.271574392917224827e+01
2.950000000000000000e+03 -6.489766894731906177e+01
2.960000000000000000e+03 -6.806051056800022536e+01
2.970000000000000000e+03 -6.823205413186239809e+01
2.980000000000000000e+03 -7.476314274277915217e+01
2.990000000000000000e+03 -7.581709860692228631e+01
3.000000000000000000e+03 -5.645387532891709270e+01
3.010000000000000000e+03 -8.631339893482140724e+01
3.020000000000000000e+03 -6.895988241901707738e+01
3.030000000000000000e+03 -6.542627980910675944e+01
3.040000000000000000e+03 -7.771404727504140908e+01
3.050000000000000000e+03 -7.087740027198141490e+01
3.060000000000000000e+03 -7.635172552555886227e+01
3.070000000000000000e+03 -7.738356521880996297e+01
3.080000000000000000e+03 -6.534090909763226307e+01
3.090000000000000000e+03 -6.978270710860445547e+01
3.100000000000000000e+03 -7.787075123200969529e+01
3.110000000000000000e+03 -6.454862305852536508e+01
3.120000000000000000e+03 -6.458237027265856511e+01
3.130000000000000000e+03 -8.543843508587713131e+01
3.140000000000000000e+03 -6.728025664259106975e+01
3.150000000000000000e+03 -7.488867779569230265e+01
3.160000000000000000e+03 -7.778268761889809468e+01
3.170000000000000000e+03 -7.289908185210052238e+01
3.180000000000000000e+03 -7.150667981837359832e+01
3.190000000000000000e+03 -7.292274500903941714e+01
3.200000000000000000e+03 -7.027716968580236312e+01
3.210000000000000000e+03 -7.558940517913728740e+01
3.220000000000000000e+03 -7.665923197420556789e+01
3.230000000000000000e+03 -5.800567422124940720e+01
3.240000000000000000e+03 -7.352543931373753594e+01
3.250000000000000000e+03 -8.032255222893351743e+01
3.260000000000000000e+03 -7.102980704548620849e+01
3.270000000000000000e+03 -6.994663033379138994e+01
3.280000000000000000e+03 -7.526900718010014657e+01
3.290000000000000000e+03 -6.664925822281350065e+01
3.300000000000000000e+03 -7.159611853019350747e+01
3.310000000000000000e+03 -6.930806887111808123e+01
3.320000000000000000e+03 -7.303378422973577244e+01
3.330000000000000000e+03 -7.029361357452260961e+01
3.340000000000000000e+03 -7.600795084848036254e+01
3.350000000000000000e+03 -7.000633253604401318e+01
3.360000000000000000e+03 -7.532979800216352828e+01
3.370000000000000000e+03 -6.886362550943510996e+01
3.380000000000000000e+03 -7.687752889415041579e+01
3.390000000000000000e+03 -8.130706560830681440e+01
3.400000000000000000e+03 -7.954682467010590585e+01
3.410000000000000000e+03 -7.985077878042280020e+01
3.420000000000000000e+03 -6.342041186413325704e+01
3.430000000000000000e+03 -7.379186468847336755e+01
3.440000000000000000e+03 -7.808440719381398765e+01
3.450000000000000000e+03 -7.260567016521402195e+01
3.460000000000000000e+03 -7.547212071847401660e+01
3.470000000000000000e+03 -8.409020809815478970e+01
3.480000000000000000e+03 -7.063566937821572367e+01
3.490000000000000000e+03 -7.826775368825585133e+01
3.500000000000000000e+03 -7.618195813086158807e+01
3.510000000000000000e+03 -7.241510440255351000e+01
3.520000000000000000e+03 -7.851022942715520969e+01
3.530000000000000000e+03 -7.496665735160961219e+01
3.540000000000000000e+03 -8.357471796987557866e+01
3.550000000000000000e+03 -6.275325980748292665e+01
3.560000000000000000e+03 -7.569093330043448020e+01
3.570000000000000000e+03 -6.826173334565017115e+01
3.580000000000000000e+03 -6.739937456819878037e+01
3.590000000000000000e+03 -8.366702147067115902e+01
3.600000000000000000e+03 -7.106338237228086996e+01
3.610000000000000000e+03 -6.873081389252376994e+01
3.620000000000000000e+03 -7.013988899808902033e+01
3.630000000000000000e+03 -6.392152075175468440e+01
3.640000000000000000e+03 -7.883492460965584314e+01
3.650000000000000000e+03 -8.031940096106029614e+01
3.660000000000000000e+03 -5.698718444462485877e+01
3.670000000000000000e+03 -8.303195505054816294e+01
3.680000000000000000e+03 -6.602095270467303578e+01
3.690000000000000000e+03 -7.942976939256067226e+01
3.700000000000000000e+03 -5.264760210430400633e+01
3.710000000000000000e+03 -6.714400727890895837e+01
3.720000000000000000e+03 -7.772733989588844850e+01
3.730000000000000000e+03 -6.252900412646872041e+01
3.740000000000000000e+03 -6.924492892209467243e+01
3.750000000000000000e+03 -7.291541114926174316e+01
3.760000000000000000e+03 -6.995436526402565391e+01
3.770000000000000000e+03 -7.330966340809126791e+01
3.780000000000000000e+03 -6.564354540502036173e+01
3.790000000000000000e+03 -6.935109800153240656e+01
3.800000000000000000e+03 -7.471071710452467585e+01
3.810000000000000000e+03 -7.285759970773305838e+01
3.820000000000000000e+03 -7.890843509477113571e+01
3.830000000000000000e+03 -7.175626023393257924e+01
3.840000000000000000e+03 -7.585600244121167179e+01
3.850000000000000000e+03 -7.552374421581531294e+01
3.860000000000000000e+03 -7.838257443040005512e+01
3.870000000000000000e+03 -6.221359086024919804e+01
3.880000000000000000e+03 -7.547842325422045917e+01
3.890000000000000000e+03 -7.810812764653239526e+01
3.900000000000000000e+03 -7.902892811908715487e+01
3.910000000000000000e+03 -6.432259120834625321e+01
3.920000000000000000e+03 -7.536698296306751388e+01
3.930000000000000000e+03 -7.685380844143200818e+01
3.940000000000000000e+03 -8.052767111959035162e+01
3.950000000000000000e+03 -5.816793586883046885e+01
3.960000000000000000e+03 -7.972507184017109694e+01
3.970000000000000000e+03 -6.964874957610287254e+01
3.980000000000000000e+03 -8.650992345855128463e+01
3.990000000000000000e+03 -8.100563251228848571e+01
4.000000000000000000e+03 -6.020692077436252987e+01
4.010000000000000000e+03 -7.227547458788012591e+01
4.020000000000000000e+03 -8.003641710604517812e+01
4.030000000000000000e+03 -5.917198710901771364e+01
4.040000000000000000e+03 -6.771495972175682709e+01
4.050000000000000000e+03 -6.706568394831458590e+01
4.060000000000000000e+03 -7.644053398380413000e+01
4.070000000000000000e+03 -6.161502185167603329e+01
4.080000000000000000e+03 -6.459698069643440022e+01
4.090000000000000000e+03 -7.251858058035413990e+01
4.100000000000000000e+03 -7.049901894407700809e+01
4.110000000000000000e+03 -6.974208440092967010e+01
4.120000000000000000e+03 -8.117878035797701841e+01
4.130000000000000000e+03 -6.986578598889842340e+01
4.140000000000000000e+03 -8.730799637138899527e+01
4.150000000000000000e+03 -8.449809675250841678e+01
4.160000000000000000e+03 -6.679742510863432869e+01
4.170000000000000000e+03 -8.102729031694443051e+01
4.180000000000000000e+03 -8.095532681787599927e+01
4.190000000000000000e+03 -8.114468936916674124e+01
4.200000000000000000e+03 -6.640300096246627959e+01
4.210000000000000000e+03 -6.812519750307049549e+01
4.220000000000000000e+03 -6.522769263731441924e+01
4.230000000000000000e+03 -7.125440650117749897e+01
4.240000000000000000e+03 -7.676780747638285618e+01
4.250000000000000000e+03 -7.376367516495294296e+01
4.260000000000000000e+03 -8.414504015914880597e+01
4.270000000000000000e+03 -7.316562181839537971e+01
4.280000000000000000e+03 -7.691236472809437430e+01
4.290000000000000000e+03 -7.792248932091001734e+01
4.300000000000000000e+03 -7.333687890335998816e+01
4.310000000000000000e+03 -5.503964360319567817e+01
4.320000000000000000e+03 -7.977589319659919909e+01
4.330000000000000000e+03 -6.910827848795597106e+01
4.340000000000000000e+03 -7.286332928568435818e+01
4.350000000000000000e+03 -6.688715029935181633e+01
4.360000000000000000e+03 -7.610735902593556546e+01
4.370000000000000000e+03 -6.310115978068636622e+01
4.380000000000000000e+03 -7.084657514260337052e+01
4.390000000000000000e+03 -7.507282643104734632e+01
4.400000000000000000e+03 -7.086668596121246821e+01
4.410000000000000000e+03 -7.632554135432138764e+01
4.420000000000000000e+03 -6.311978090902811545e+01
4.430000000000000000e+03 -6.527192497909851454e+01
4.440000000000000000e+03 -7.604341693599896246e+01
4.450000000000000000e+03 -7.324125224735264794e+01
4.460000000000000000e+03 -6.842496902148295135e+01
4.470000000000000000e+03 -6.956377993508496616e+01
4.480000000000000000e+03 -7.942163339186980409e+01
4.490000000000000000e+03 -6.319541133798538368e+01
4.500000000000000000e+03 -7.684618810275675571e+01
4.510000000000000000e+03 -7.340534735987812098e+01
4.520000000000000000e+03 -7.572502428924475737e+01
4.530000000000000000e+03 -7.784256170848925649e+01
4.540000000000000000e+03 -8.185309438706649132e+01
4.550000000000000000e+03 -6.951255750820027401e+01
4.560000000000000000e+03 -7.129176334942002313e+01
4.570000000000000000e+03 -6.555966438381321382e+01
4.580000000000000000e+03 -7.340643597968886525e+01
4.590000000000000000e+03 -7.017638640963885166e+01
4.600000000000000000e+03 -5.575475222729846081e+01
4.610000000000000000e+03 -8.129256977608999080e+01
4.620000000000000000e+03 -7.409581879879026189e+01
4.630000000000000000e+03 -6.925547134552508055e+01
4.640000000000000000e+03 -8.752812675627826877e+01
4.650000000000000000e+03 -7.720193759775349918e+01
4.660000000000000000e+03 -7.142480414944940037e+01
4.670000000000000000e+03 -7.124695804984079928e+01
4.680000000000000000e+03 -7.862757118359799335e+01
4.690000000000000000e+03 -7.513619556318882076e+01
4.700000000000000000e+03 -7.044894243278257306e+01
4.710000000000000000e+03 -7.650161128476507599e+01
4.720000000000000000e+03 -7.028295655953317578e+01
4.730000000000000000e+03 -7.398632656414076791e+01
4.740000000000000000e+03 -7.634943369437833383e+01
4.750000000000000000e+03 -7.279377220935548110e+01
4.760000000000000000e+03 -6.203328104212152994e+01
4.770000000000000000e+03 -8.246455494603010550e+01
4.780000000000000000e+03 -7.597924566294430804e+01
4.790000000000000000e+03 -7.109054057177007735e+01
4.800000000000000000e+03 -6.891834297887010052e+01
4.810000000000000000e+03 -7.468304324301985275e+01
4.820000000000000000e+03 -6.725332762621992799e+01
4.830000000000000000e+03 -6.649776818178091276e+01
4.840000000000000000e+03 -7.666564910151103618e+01
4.850000000000000000e+03 -6.934112853589714121e+01
4.860000000000000000e+03 -7.097348529422484376e+01
4.870000000000000000e+03 -7.161032788351275258e+01
4.880000000000000000e+03 -7.280414274544733644e+01
4.890000000000000000e+03 -6.917783556428484815e+01
4.900000000000000000e+03 -7.270353135662236355e+01
4.910000000000000000e+03 -7.246437877293476504e+01
4.920000000000000000e+03 -6.925793506404413336e+01
4.930000000000000000e+03 -7.154334911726196822e+01
4.940000000000000000e+03 -7.100608659276778667e+01
4.950000000000000000e+03 -6.944500578415434688e+01
4.960000000000000000e+03 -7.595369174528147482e+01
4.970000000000000000e+03 -7.131720267552383064e+01
4.980000000000000000e+03 -7.905923758644956933e+01
4.990000000000000000e+03 -6.671108036890811377e+01
5.000000000000000000e+03 -8.127807394387319562e+01
5.010000000000000000e+03 -7.585548677919605609e+01
5.020000000000000000e+03 -8.023890039084442094e+01
5.030000000000000000e+03 -8.730461592039772256e+01
5.040000000000000000e+03 -6.447322181268614827e+01
5.050000000000000000e+03 -6.975543431755623658e+01
5.060000000000000000e+03 -7.959054134987437124e+01
5.070000000000000000e+03 -6.975612186691039085e+01
5.080000000000000000e+03 -6.646803167221361264e+01
5.090000000000000000e+03 -9.553057098509096079e+01
5.100000000000000000e+03 -7.471747800650720706e+01
5.110000000000000000e+03 -6.624108308956230928e+01
5.120000000000000000e+03 -7.677783423779764860e+01
5.130000000000000000e+03 -6.965350512580246800e+01
5.140000000000000000e+03 -6.116347381333343236e+01
5.150000000000000000e+03 -7.287942939972754175e+01
5.160000000000000000e+03 -6.289942134102079763e+01
5.170000000000000000e+03 -7.630617538084595708e+01
5.180000000000000000e+03 -6.868887338192020309e+01
5.190000000000000000e+03 -7.961494935194694733e+01
5.200000000000000000e+03 -7.775552941940888729e+01
5.210000000000000000e+03 -6.710246783876198151e+01
5.220000000000000000e+03 -7.043221206516476229e+01
5.230000000000000000e+03 -7.337366279380738376e+01
5.240000000000000000e+03 -8.181144035536047454e+01
5.250000000000000000e+03 -7.782686266490267712e+01
5.260000000000000000e+03 -7.287278308930402204e+01
5.270000000000000000e+03 -6.621260708714430621e+01
5.280000000000000000e+03 -5.785120479968215079e+01
5.290000000000000000e+03 -7.794420442134546079e+01
5.300000000000000000e+03 -7.729452757744662961e+01
5.310000000000000000e+03 -6.126821049828334509e+01
5.320000000000000000e+03 -7.230629971725817029e+01
5.330000000000000000e+03 -7.523646317733671651e+01
5.340000000000000000e+03 -6.795371123498783561e+01
5.350000000000000000e+03 -7.512639798489207976e+01
5.360000000000000000e+03 -7.917583449775868587e+01
5.370000000000000000e+03 -6.872095901844753030e+01
5.380000000000000000e+03 -6.554516855159640443e+01
5.390000000000000000e+03 -6.553416776192989346e+01
5.400000000000000000e+03 -5.459909635451958820e+01
5.410000000000000000e+03 -7.076051688177471988e+01
5.420000000000000000e+03 -7.819447238625861019e+01
5.430000000000000000e+03 -6.848616091400290884e+01
5.440000000000000000e+03 -6.664633613805833079e+01
5.450000000000000000e+03 -9.190793073381729528e+01
5.460000000000000000e+03 -7.168584372091100931e+01
5.470000000000000000e+03 -6.840090479408745239e+01
5.480000000000000000e+03 -7.189010317487513646e+01
5.490000000000000000e+03 -7.487515599172721181e+01
5.500000000000000000e+03 -6.053419426694124894e+01
5.510000000000000000e+03 -7.117923443845633358e+01
5.520000000000000000e+03 -7.087018100376275243e+01
5.530000000000000000e+03 -7.913779010016200743e+01
5.540000000000000000e+03 -7.956034647407098248e+01
5.550000000000000000e+03 -7.732025338244800139e+01
5.560000000000000000e+03 -6.481149609493137120e+01
5.570000000000000000e+03 -7.312545747695671139e+01
5.580000000000000000e+03 -7.332501867700077014e+01
5.590000000000000000e+03 -7.284665621384604606e+01
5.600000000000000000e+03 -6.985467060767290093e+01
5.610000000000000000e+03 -6.672030498940972620e+01
5.620000000000000000e+03 -8.363825898935559167e+01
5.630000000000000000e+03 -7.547034454930911807e+01
5.640000000000000000e+03 -7.716131489007871380e+01
5.650000000000000000e+03 -7.125188548687890489e+01
5.660000000000000000e+03 -7.826231058920210160e+01
5.670000000000000000e+03 -7.313737499909542805e+01
5.680000000000000000e+03 -7.238823268196186689e+01
5.690000000000000000e+03 -7.191439658538868684e+01
5.700000000000000000e+03 -8.359047430924167088e+01
5.710000000000000000e+03 -6.734064639419786147e+01
5.720000000000000000e+03 -7.712980221134651515e+01
5.730000000000000000e+03 -6.838898727194873572e+01
5.740000000000000000e+03 -6.584184609791513765e+01
5.750000000000000000e+03 -8.146829593185663043e+01
5.760000000000000000e+03 -8.300634383710580266e+01
5.770000000000000000e+03 -6.446989865747438841e+01
5.780000000000000000e+03 -8.804040832090473145e+01
5.790000000000000000e+03 -8.195015343756163873e+01
5.800000000000000000e+03 -7.887978720501459406e+01
5.810000000000000000e+03 -8.561106726955003410e+01
5.820000000000000000e+03 -7.580054012664301410e+01
5.830000000000000000e+03 -6.633705352024671242e+01
5.840000000000000000e+03 -7.608031541800538378e+01
5.850000000000000000e+03 -6.941887890869638511e+01
5.860000000000000000e+03 -6.774589944269388297e+01
5.870000000000000000e+03 -7.219388539785350645e+01
5.880000000000000000e+03 -7.580518108478356964e+01
5.890000000000000000e+03 -7.182713511319025201e+01
5.900000000000000000e+03 -8.765263048516018785e+01
5.910000000000000000e+03 -5.977118637116553401e+01
5.920000000000000000e+03 -6.478840589578760500e+01
5.930000000000000000e+03 -7.258406965633759000e+01
5.940000000000000000e+03 -6.364014117856592634e+01
5.950000000000000000e+03 -7.058427506399247875e+01
5.960000000000000000e+03 -7.422358838710444218e+01
5.970000000000000000e+03 -6.831461735014075032e+01
5.980000000000000000e+03 -6.931649135070649947e+01
5.990000000000000000e+03 -7.739628488186185962e+01
6.000000000000000000e+03 -7.899644141210323767e+01
6.010000000000000000e+03 -8.518140621898143650e+01
6.020000000000000000e+03 -6.458500587851617070e+01
6.030000000000000000e+03 -8.124478509597608422e+01
6.040000000000000000e+03 -7.277033823553462355e+01
6.050000000000000000e+03 -6.570828963587014471e+01
6.060000000000000000e+03 -7.048830463330807561e+01
6.070000000000000000e+03 -7.634645431384366532e+01
6.080000000000000000e+03 -7.473168735982645217e+01
6.090000000000000000e+03 -6.575979854165241534e+01
6.100000000000000000e+03 -7.775931094085674999e+01
6.110000000000000000e+03 -7.362192540643756899e+01
6.120000000000000000e+03 -7.245314880015020265e+01
6.130000000000000000e+03 -6.821503728534700883e+01
6.140000000000000000e+03 -7.452301613083982090e+01
6.150000000000000000e+03 -7.684584432807967858e+01
6.160000000000000000e+03 -7.248357285907164282e+01
6.170000000000000000e+03 -7.331522109870404336e+01
6.180000000000000000e+03 -7.637974316174076250e+01
6.190000000000000000e+03 -6.676470921853236007e+01
6.200000000000000000e+03 -7.442784784106858353e+01
6.210000000000000000e+03 -6.253822874697033285e+01
6.220000000000000000e+03 -7.140990724677598678e+01
6.230000000000000000e+03 -7.484753942600190157e+01
6.240000000000000000e+03 -6.731623839212528537e+01
6.250000000000000000e+03 -7.694943509743933419e+01
6.260000000000000000e+03 -8.226780123918216248e+01
6.270000000000000000e+03 -6.740281231496956593e+01
6.280000000000000000e+03 -7.862608149333065910e+01
6.290000000000000000e+03 -8.379799962263805924e+01
6.300000000000000000e+03 -6.655225646809785189e+01
6.310000000000000000e+03 -7.838097014857369516e+01
6.320000000000000000e+03 -7.614803902938984947e+01
6.330000000000000000e+03 -6.494843300796765106e+01
6.340000000000000000e+03 -7.228968394119937102e+01
6.350000000000000000e+03 -7.771049493671159780e+01
6.360000000000000000e+03 -7.126065174114441447e+01
6.370000000000000000e+03 -7.632565594588039914e+01
6.380000000000000000e+03 -7.364753661987991507e+01
6.390000000000000000e+03 -7.171598130093487100e+01
6.400000000000000000e+03 -7.226814072810245193e+01
6.410000000000000000e+03 -7.612580826693877611e+01
6.420000000000000000e+03 -7.432419977592941507e+01
6.430000000000000000e+03 -7.356743712012062986e+01
6.440000000000000000e+03 -6.334375011114475029e+01
6.450000000000000000e+03 -6.749889733721299478e+01
6.460000000000000000e+03 -6.048131026245067687e+01
6.470000000000000000e+03 -8.131227952424249850e+01
6.480000000000000000e+03 -6.817779502866351038e+01
6.490000000000000000e+03 -7.466579721338641207e+01
6.500000000000000000e+03 -7.562636095692323579e+01
6.510000000000000000e+03 -6.214672668555743940e+01
6.520000000000000000e+03 -7.454908571051825561e+01
6.530000000000000000e+03 -8.660320098759858354e+01
6.540000000000000000e+03 -6.778348547405447277e+01
6.550000000000000000e+03 -7.488071368233998726e+01
6.560000000000000000e+03 -5.805546425364627794e+01
6.570000000000000000e+03 -7.621897120442703510e+01
6.580000000000000000e+03 -6.798745844912104985e+01
6.590000000000000000e+03 -7.447471578871027020e+01
6.600000000000000000e+03 -7.267075817074088206e+01
6.610000000000000000e+03 -7.665464831184452521e+01
6.620000000000000000e+03 -7.706591741718942501e+01
6.630000000000000000e+03 -8.400340499219247192e+01
6.640000000000000000e+03 -6.625964692212454565e+01
6.650000000000000000e+03 -7.868704420273257938e+01
6.660000000000000000e+03 -8.569649527680405754e+01
6.670000000000000000e+03 -7.139942211912509151e+01
6.680000000000000000e+03 -8.068282809051177651e+01
6.690000000000000000e+03 -8.453510982607387803e+01
6.700000000000000000e+03 -7.450181669241997895e+01
6.710000000000000000e+03 -7.551726979273033180e+01
6.720000000000000000e+03 -7.108882169838467746e+01
6.730000000000000000e+03 -8.217400804811926207e+01
6.740000000000000000e+03 -8.171392293862921008e+01
6.750000000000000000e+03 -8.092616326610384192e+01
6.760000000000000000e+03 -5.711907932906397889e+01
6.770000000000000000e+03 -8.048515765119164200e+01
6.780000000000000000e+03 -7.764895926951454896e+01
6.790000000000000000e+03 -6.044292209017691420e+01
6.800000000000000000e+03 -7.180582108321138435e+01
6.810000000000000000e+03 -6.797233236332959905e+01
6.820000000000000000e+03 -6.982963235202568342e+01
6.830000000000000000e+03 -7.127967393994275369e+01
6.840000000000000000e+03 -6.851102728231160199e+01
6.850000000000000000e+03 -7.268571236919379430e+01
6.860000000000000000e+03 -6.264714802382469827e+01
6.870000000000000000e+03 -8.676248325464494826e+01
6.880000000000000000e+03 -6.420398894475417251e+01
6.890000000000000000e+03 -5.005210329236137312e+01
6.900000000000000000e+03 -7.868102814588370109e+01
6.910000000000000000e+03 -7.470000279375571495e+01
6.920000000000000000e+03 -7.004609580702609151e+01
6.930000000000000000e+03 -8.025333892728171747e+01
6.940000000000000000e+03 -8.199885485014776521e+01
6.950000000000000000e+03 -6.899076484417463462e+01
6.960000000000000000e+03 -6.593099833083751093e+01
6.970000000000000000e+03 -6.352526314064219548e+01
6.980000000000000000e+03 -6.622028472159904311e+01
6.990000000000000000e+03 -6.441512389225987079e+01
7.000000000000000000e+03 -8.033997014590548247e+01
7.010000000000000000e+03 -7.786278711865737989e+01
7.020000000000000000e+03 -8.553704112241914004e+01
7.030000000000000000e+03 -7.148244370363956079e+01
7.040000000000000000e+03 -6.069330464664908220e+01
7.050000000000000000e+03 -8.529828960918813152e+01
7.060000000000000000e+03 -7.558556636190992606e+01
7.070000000000000000e+03 -5.911239949832410900e+01
7.080000000000000000e+03 -6.443569307710507132e+01
7.090000000000000000e+03 -7.203981704674281161e+01
7.100000000000000000e+03 -7.319054548248357150e+01
7.110000000000000000e+03 -7.081299981580869485e+01
7.120000000000000000e+03 -6.835214608572182726e+01
7.130000000000000000e+03 -8.881006252710396609e+01
7.140000000000000000e+03 -7.977451809789089054e+01
7.150000000000000000e+03 -6.635452873299820453e+01
7.160000000000000000e+03 -8.802906375656114335e+01
7.170000000000000000e+03 -8.099732462425909318e+01
7.180000000000000000e+03 -7.530980177511345630e+01
7.190000000000000000e+03 -7.889829374179731758e+01
7.200000000000000000e+03 -7.075203710640678878e+01
7.210000000000000000e+03 -7.740298848806489218e+01
7.220000000000000000e+03 -8.822495802671637932e+01
7.230000000000000000e+03 -7.422622399296204776e+01
7.240000000000000000e+03 -6.731217039177985839e+01
7.250000000000000000e+03 -7.769439482266842845e+01
7.260000000000000000e+03 -6.811471237541960022e+01
7.270000000000000000e+03 -8.517017624619687410e+01
7.280000000000000000e+03 -7.992893022367863409e+01
7.290000000000000000e+03 -6.637681679122879075e+01
7.300000000000000000e+03 -7.051242615648307321e+01
7.310000000000000000e+03 -7.383712835428870846e+01
7.320000000000000000e+03 -8.274931497021012206e+01
7.330000000000000000e+03 -9.200195310799826132e+01
7.340000000000000000e+03 -7.127188171392899108e+01
7.350000000000000000e+03 -6.600439422439374937e+01
7.360000000000000000e+03 -8.742018150767562190e+01
7.370000000000000000e+03 -6.656319996198485001e+01
7.380000000000000000e+03 -7.006655040031226633e+01
7.390000000000000000e+03 -8.582288976640990086e+01
7.400000000000000000e+03 -8.067056679369598271e+01
7.410000000000000000e+03 -7.023202061154604792e+01
7.420000000000000000e+03 -7.384635297479030669e+01
7.430000000000000000e+03 -6.336002211252647243e+01
7.440000000000000000e+03 -8.569872981220505892e+01
7.450000000000000000e+03 -6.793824137451930767e+01
7.460000000000000000e+03 -6.647582389822740367e+01
7.470000000000000000e+03 -8.743307305806605711e+01
7.480000000000000000e+03 -6.410440887996043102e+01
7.490000000000000000e+03 -7.536669648416994960e+01
7.500000000000000000e+03 -7.500590496057606060e+01
7.510000000000000000e+03 -7.265861146548411398e+01
7.520000000000000000e+03 -6.413443186842528121e+01
7.530000000000000000e+03 -6.862533236244019008e+01
7.540000000000000000e+03 -7.340683705014545524e+01
7.550000000000000000e+03 -7.092862269886610704e+01
7.560000000000000000e+03 -7.610661418080189833e+01
7.570000000000000000e+03 -7.091567385269614476e+01
7.580000000000000000e+03 -6.629368061515530997e+01
7.590000000000000000e+03 -6.787034587579630340e+01
7.600000000000000000e+03 -8.228395864900485890e+01
7.610000000000000000e+03 -7.136143501730792593e+01
7.620000000000000000e+03 -7.607647660077800822e+01
7.630000000000000000e+03 -7.796454442307260990e+01
7.640000000000000000e+03 -7.783476948247547966e+01
7.650000000000000000e+03 -9.074620150841003863e+01
7.660000000000000000e+03 -6.399783873006609980e+01
7.670000000000000000e+03 -7.771032304937307345e+01
7.680000000000000000e+03 -6.870772369338000374e+01
7.690000000000000000e+03 -6.841265042888763048e+01
7.700000000000000000e+03 -8.680081413113920519e+01
7.710000000000000000e+03 -6.776028068335166665e+01
7.720000000000000000e+03 -7.174411352867579694e+01
7.730000000000000000e+03 -7.112342834921058454e+01
7.740000000000000000e+03 -7.201546634044976258e+01
7.750000000000000000e+03 -7.157348669728584412e+01
7.760000000000000000e+03 -8.209144482984090985e+01
7.770000000000000000e+03 -8.035830479534968163e+01
7.780000000000000000e+03 -6.194573309102553793e+01
7.790000000000000000e+03 -8.072677395339832174e+01
7.800000000000000000e+03 -6.743971079697597304e+01
7.810000000000000000e+03 -6.456300429918314876e+01
7.820000000000000000e+03 -7.330966340809126791e+01
7.830000000000000000e+03 -6.731113906774862699e+01
7.840000000000000000e+03 -7.111065139037916083e+01
7.850000000000000000e+03 -7.698243746643886709e+01
7.860000000000000000e+03 -7.978970147946185421e+01
7.870000000000000000e+03 -6.217743722337645806e+01
7.880000000000000000e+03 -6.955203430028478806e+01
7.890000000000000000e+03 -6.905104000422240063e+01
7.900000000000000000e+03 -6.153268781651572539e+01
7.910000000000000000e+03 -7.162682906801252614e+01
7.920000000000000000e+03 -6.685747108556402907e+01
7.930000000000000000e+03 -6.915010440700052641e+01
7.940000000000000000e+03 -7.868801823098429793e+01
7.950000000000000000e+03 -8.413381018636424358e+01
7.960000000000000000e+03 -7.957381098225656046e+01
7.970000000000000000e+03 -8.125452537849331236e+01
7.980000000000000000e+03 -7.664330374750093711e+01
7.990000000000000000e+03 -6.994771895360213421e+01
8.000000000000000000e+03 -6.332232148960686402e+01
8.010000000000000000e+03 -7.506302885275061954e+01
8.020000000000000000e+03 -6.886230770650631428e+01
8.030000000000000000e+03 -7.281863857766416004e+01
8.040000000000000000e+03 -7.107392479571129229e+01
8.050000000000000000e+03 -7.543631085627833954e+01
8.060000000000000000e+03 -8.200005806151753518e+01
8.070000000000000000e+03 -8.294417791633411241e+01
8.080000000000000000e+03 -7.006815468213864051e+01
8.090000000000000000e+03 -6.929437517981445183e+01
8.100000000000000000e+03 -6.902640281903177311e+01
8.110000000000000000e+03 -7.609171727812849895e+01
8.120000000000000000e+03 -5.954521181676594210e+01
8.130000000000000000e+03 -7.875253327871602949e+01
8.140000000000000000e+03 -7.353397638488497989e+01
8.150000000000000000e+03 -6.940610194986497561e+01
8.160000000000000000e+03 -7.807403665772211809e+01
8.170000000000000000e+03 -6.851085539497306343e+01
8.180000000000000000e+03 -7.764844360749893326e+01
8.190000000000000000e+03 -8.676345728289666681e+01
8.200000000000000000e+03 -7.490718433247502617e+01
8.210000000000000000e+03 -7.334850994660114054e+01
8.220000000000000000e+03 -7.137014397579390845e+01
8.230000000000000000e+03 -6.829250117924870267e+01
8.240000000000000000e+03 -7.125377624760285755e+01
8.250000000000000000e+03 -7.572061251422225325e+01
8.260000000000000000e+03 -7.404041378000111706e+01
8.270000000000000000e+03 -7.370752530103011679e+01
8.280000000000000000e+03 -7.022531700534301535e+01
8.290000000000000000e+03 -6.441122777925298237e+01
8.300000000000000000e+03 -7.040660085172240201e+01
8.310000000000000000e+03 -6.285083451999370396e+01
8.320000000000000000e+03 -7.216512291653793909e+01
8.330000000000000000e+03 -7.621931497910412645e+01
8.340000000000000000e+03 -6.394650171162238195e+01
8.350000000000000000e+03 -6.445780924799711897e+01
8.360000000000000000e+03 -7.907442096802053300e+01
8.370000000000000000e+03 -7.448411229655042121e+01
8.380000000000000000e+03 -7.476159575673229085e+01
8.390000000000000000e+03 -7.457263427589813887e+01
8.400000000000000000e+03 -7.770986468313695639e+01
8.410000000000000000e+03 -7.531908369139456738e+01
8.420000000000000000e+03 -7.517521398903723195e+01
8.430000000000000000e+03 -6.420639536749372667e+01
8.440000000000000000e+03 -6.891662410548471485e+01
8.450000000000000000e+03 -6.511980468449128523e+01
8.460000000000000000e+03 -6.308437211728902838e+01
8.470000000000000000e+03 -7.750486038403914790e+01
8.480000000000000000e+03 -6.755367210242749820e+01
8.490000000000000000e+03 -8.032358355296474883e+01
8.500000000000000000e+03 -7.081345818204479770e+01
8.510000000000000000e+03 -7.178926260293211215e+01
8.520000000000000000e+03 -6.979410896872755643e+01
8.530000000000000000e+03 -7.138653056873465630e+01
8.540000000000000000e+03 -8.264813062359002060e+01
8.550000000000000000e+03 -6.829719943316877107e+01
8.560000000000000000e+03 -7.455790926056327805e+01
8.570000000000000000e+03 -8.525938577489874604e+01
8.580000000000000000e+03 -7.952144263978159699e+01
8.590000000000000000e+03 -7.035027910046105148e+01
8.600000000000000000e+03 -6.065228086851770684e+01
8.610000000000000000e+03 -6.263396999453669167e+01
8.620000000000000000e+03 -8.120376131784472307e+01
8.630000000000000000e+03 -7.430981853527163139e+01
8.640000000000000000e+03 -7.206846493649936747e+01
8.650000000000000000e+03 -8.501020642979635511e+01
8.660000000000000000e+03 -7.263437535075007645e+01
8.670000000000000000e+03 -6.412543643104173441e+01
8.680000000000000000e+03 -6.413385891063016686e+01
8.690000000000000000e+03 -7.822650072700642454e+01
8.700000000000000000e+03 -7.438350090772546253e+01
8.710000000000000000e+03 -7.451740114444751839e+01
8.720000000000000000e+03 -7.468768420116040829e+01
8.730000000000000000e+03 -8.021815931866068183e+01
8.740000000000000000e+03 -6.364724585522554889e+01
8.750000000000000000e+03 -7.451860435581730258e+01
8.760000000000000000e+03 -7.974065629219865059e+01
8.770000000000000000e+03 -7.432305386033915795e+01
8.780000000000000000e+03 -6.019729508340432034e+01
8.790000000000000000e+03 -7.785046852606205903e+01
8.800000000000000000e+03 -7.235259470710474261e+01
8.810000000000000000e+03 -6.697962568748592105e+01
8.820000000000000000e+03 -7.291329120541976749e+01
8.830000000000000000e+03 -7.207476747224579583e+01
8.840000000000000000e+03 -7.018601210059703988e+01
8.850000000000000000e+03 -6.770424541098788040e+01
8.860000000000000000e+03 -8.377364891634501021e+01
8.870000000000000000e+03 -6.886030235422335011e+01
8.880000000000000000e+03 -7.268513941139866574e+01
8.890000000000000000e+03 -8.175294136447762128e+01
8.900000000000000000e+03 -7.451190074961427001e+01
8.910000000000000000e+03 -7.488478168268541424e+01
8.920000000000000000e+03 -7.185784565100927068e+01
8.930000000000000000e+03 -8.453373472736555527e+01
8.940000000000000000e+03 -6.786782486149773774e+01
8.950000000000000000e+03 -7.748967700246818424e+01
8.960000000000000000e+03 -6.294193480941950725e+01
8.970000000000000000e+03 -8.568709876896390654e+01
8.980000000000000000e+03 -6.965934929531277930e+01
8.990000000000000000e+03 -7.039405307600904393e+01
9.000000000000000000e+03 -7.389849213414720452e+01
9.010000000000000000e+03 -7.714177702926475888e+01
9.020000000000000000e+03 -8.104528119171153833e+01
9.030000000000000000e+03 -5.697492314780905787e+01
9.040000000000000000e+03 -9.214513526100145668e+01
9.050000000000000000e+03 -7.424283976902083282e+01
9.060000000000000000e+03 -7.817831497643591376e+01
9.070000000000000000e+03 -7.744458522399139611e+01
9.080000000000000000e+03 -8.013124162113933835e+01
9.090000000000000000e+03 -6.691356365370734238e+01
9.100000000000000000e+03 -7.337354820224835805e+01
9.110000000000000000e+03 -7.049174238007884696e+01
9.120000000000000000e+03 -8.073152950309788878e+01
9.130000000000000000e+03 -7.117253083225328680e+01
9.140000000000000000e+03 -7.793687056156780102e+01
9.150000000000000000e+03 -6.176410546996907414e+01
9.160000000000000000e+03 -6.920275922837303995e+01
9.170000000000000000e+03 -7.580111308443812845e+01
9.180000000000000000e+03 -7.306867735945922959e+01
9.190000000000000000e+03 -6.397188374194666949e+01
9.200000000000000000e+03 -9.220913464671757254e+01
9.210000000000000000e+03 -5.467478407925636930e+01
9.220000000000000000e+03 -6.867420566236485513e+01
9.230000000000000000e+03 -7.797995698776163920e+01
9.240000000000000000e+03 -7.539557355704454267e+01
9.250000000000000000e+03 -7.776509781458757686e+01
9.260000000000000000e+03 -7.963483098743799360e+01
9.270000000000000000e+03 -7.594824864622773930e+01
9.280000000000000000e+03 -7.493995751835650765e+01
9.290000000000000000e+03 -7.453063646951504495e+01
9.300000000000000000e+03 -7.528247168828572455e+01
9.310000000000000000e+03 -7.506554986704918520e+01
9.320000000000000000e+03 -6.863066086993491410e+01
9.330000000000000000e+03 -7.314224514035403502e+01
9.340000000000000000e+03 -8.087035717685809288e+01
9.350000000000000000e+03 -7.395194909643291226e+01
9.360000000000000000e+03 -6.313060981135608785e+01
9.370000000000000000e+03 -7.569803797709410276e+01
9.380000000000000000e+03 -7.110870333387572373e+01
9.390000000000000000e+03 -6.364609993963529178e+01
9.400000000000000000e+03 -7.339595085203796998e+01
9.410000000000000000e+03 -6.144737440082075608e+01
9.420000000000000000e+03 -7.472183248575019832e+01
9.430000000000000000e+03 -7.791607219360454906e+01
9.440000000000000000e+03 -6.768516591641002833e+01
9.450000000000000000e+03 -6.903786197493438692e+01
9.460000000000000000e+03 -6.907934411930186513e+01
9.470000000000000000e+03 -7.595076966052630496e+01
9.480000000000000000e+03 -6.573716670874473778e+01
9.490000000000000000e+03 -7.993655056235388656e+01
9.500000000000000000e+03 -7.265494453559527699e+01
9.510000000000000000e+03 -7.285020855217585733e+01
9.520000000000000000e+03 -6.340064482020123648e+01
9.530000000000000000e+03 -7.255072351266097996e+01
9.540000000000000000e+03 -7.090919942961116362e+01
9.550000000000000000e+03 -7.573316028993562554e+01
9.560000000000000000e+03 -6.918070035326049094e+01
9.570000000000000000e+03 -6.738464955286390534e+01
9.580000000000000000e+03 -7.039153206171046406e+01
9.590000000000000000e+03 -7.364530208447889947e+01
9.600000000000000000e+03 -7.561157864580886212e+01
9.610000000000000000e+03 -6.857153162547740521e+01
9.620000000000000000e+03 -6.345524769807720844e+01
9.630000000000000000e+03 -7.742865699728676532e+01
9.640000000000000000e+03 -6.700179915415749576e+01
9.650000000000000000e+03 -7.666690960866031901e+01
9.660000000000000000e+03 -6.378080231727054894e+01
9.670000000000000000e+03 -7.453590768123025612e+01
9.680000000000000000e+03 -6.857749038654677065e+01
9.690000000000000000e+03 -7.146897919545398281e+01
9.700000000000000000e+03 -6.026158094801800047e+01
9.710000000000000000e+03 -7.325036227629522045e+01
9.720000000000000000e+03 -6.882506544982280161e+01
9.730000000000000000e+03 -7.046893865983264504e+01
9.740000000000000000e+03 -7.335756267976421441e+01
9.750000000000000000e+03 -5.255885094183823725e+01
9.760000000000000000e+03 -6.849441150625280272e+01
9.770000000000000000e+03 -5.343708065021476727e+01
9.780000000000000000e+03 -7.731148712818250601e+01
9.790000000000000000e+03 -8.093544518238495300e+01
9.800000000000000000e+03 -7.080721294207788219e+01
9.810000000000000000e+03 -6.629356602359628425e+01
9.820000000000000000e+03 -8.332794504751274189e+01
9.830000000000000000e+03 -7.253490987751537489e+01
9.840000000000000000e+03 -7.878862961980928503e+01
9.850000000000000000e+03 -6.861754013642641326e+01
9.860000000000000000e+03 -7.398237315535436665e+01
9.870000000000000000e+03 -8.228688073376002876e+01
9.880000000000000000e+03 -7.438842834476356813e+01
9.890000000000000000e+03 -7.157423154241952545e+01
9.900000000000000000e+03 -6.089853812886494211e+01
9.910000000000000000e+03 -8.072001305141577632e+01
9.920000000000000000e+03 -7.961953301430800423e+01
9.930000000000000000e+03 -8.075989091395688035e+01
9.940000000000000000e+03 -7.195507658884298507e+01
9.950000000000000000e+03 -7.793480791350532400e+01
9.960000000000000000e+03 -7.126294357232494292e+01
9.970000000000000000e+03 -7.521514914735783464e+01
9.980000000000000000e+03 -8.262893653745314282e+01
9.990000000000000000e+03 -6.406556234145055839e+01
