0.000000000000000000e+00 3.106072962339608523e+01
1.000000000000000000e+01 2.865379122183100691e+01
2.000000000000000000e+01 2.715894433433469146e+01
3.000000000000000000e+01 2.101093530524241615e+01
4.000000000000000000e+01 1.546012018601500415e+01
5.000000000000000000e+01 1.172724285495817753e+01
6.000000000000000000e+01 2.169613553243936721e+01
7.000000000000000000e+01 3.092138628762027253e+01
8.000000000000000000e+01 3.958496651623441664e+01
9.000000000000000000e+01 2.886561371869087722e+01
1.000000000000000000e+02 2.633027547523698075e+01
1.100000000000000000e+02 2.072789415444779237e+01
1.200000000000000000e+02 2.230965873946545486e+01
1.300000000000000000e+02 1.857236963338612412e+01
1.400000000000000000e+02 1.214510097494708596e+01
1.500000000000000000e+02 9.156553115544712185e+00
1.600000000000000000e+02 9.956402197547342681e+00
1.700000000000000000e+02 1.680594075099779516e+01
1.800000000000000000e+02 1.329290732593266355e+01
1.900000000000000000e+02 1.759496093067244971e+01
2.000000000000000000e+02 3.095404488194272474e+01
2.100000000000000000e+02 2.330299566888376361e+01
2.200000000000000000e+02 2.211256125794045246e+01
2.300000000000000000e+02 9.587360081703579340e+00
2.400000000000000000e+02 1.545834401685009851e+01
2.500000000000000000e+02 1.154595900857878377e+01
2.600000000000000000e+02 2.432068330459513206e+01
2.700000000000000000e+02 4.112358737927873165e+01
2.800000000000000000e+02 4.360466651953373685e+01
2.900000000000000000e+02 3.039317649628916129e+01
3.000000000000000000e+02 9.410430714567180388e+00
3.100000000000000000e+02 -5.466647619122697144e+00
3.200000000000000000e+02 2.405929995845644953e+01
3.300000000000000000e+02 2.011013105973773918e+01
3.400000000000000000e+02 3.444542050235190800e+01
3.500000000000000000e+02 3.621150561006315716e+00
3.600000000000000000e+02 -1.142099691346075296e+01
3.700000000000000000e+02 4.324112479852322832e-01
3.800000000000000000e+02 1.060304236513198894e+01
3.900000000000000000e+02 1.621086678497492173e+01
4.000000000000000000e+02 2.828663986671117669e+01
4.100000000000000000e+02 1.733071279555811728e+01
4.200000000000000000e+02 1.960249045325182848e+01
4.300000000000000000e+02 2.209445579161431894e+01
4.400000000000000000e+02 1.241433384287905994e+01
4.500000000000000000e+02 2.497477192351648156e+01
4.600000000000000000e+02 3.085234487330700759e+01
4.700000000000000000e+02 1.377900471932165516e+01
4.800000000000000000e+02 1.792378140929803010e+01
4.900000000000000000e+02 8.070053248638132004e+00
5.000000000000000000e+02 1.508168156233109336e+01
5.100000000000000000e+02 1.959057293111310827e+00
5.200000000000000000e+02 2.217724819301072259e+01
5.300000000000000000e+02 1.406204587011628249e+01
5.400000000000000000e+02 2.216114807896754613e+01
5.500000000000000000e+02 1.032756425723308880e+01
5.600000000000000000e+02 2.341621212920161454e+01
5.700000000000000000e+02 4.895007626920675037e+00
5.800000000000000000e+02 -1.022099410733875668e+00
5.900000000000000000e+02 -5.938650250751470239e+00
6.000000000000000000e+02 8.254946729126849903e+00
6.100000000000000000e+02 1.315362128593636193e+01
6.200000000000000000e+02 1.918572095307366610e+01
6.300000000000000000e+02 2.832411130651273368e+01
6.400000000000000000e+02 1.465551555431278707e+01
6.500000000000000000e+02 3.590319702050326356e+01
6.600000000000000000e+02 1.373591829312781698e+01
6.700000000000000000e+02 2.436863987204758075e+01
6.800000000000000000e+02 3.298993581538108089e+01
6.900000000000000000e+02 3.228897924881803050e+01
7.000000000000000000e+02 2.204134260400568834e+01
7.100000000000000000e+02 -1.061347019700336958e+00
7.200000000000000000e+02 -7.695281554843060867e+00
7.300000000000000000e+02 6.851715793071949001e+00
7.400000000000000000e+02 2.442610753889920261e+01
7.500000000000000000e+02 2.402899049109403151e+01
7.600000000000000000e+02 2.055251177335824764e+01
7.700000000000000000e+02 2.821169698710806628e+01
7.800000000000000000e+02 1.130130603005792267e+01
7.900000000000000000e+02 1.669341184003409850e+01
8.000000000000000000e+02 -6.439931025711426393e+00
8.100000000000000000e+02 1.501052020417584743e+01
8.200000000000000000e+02 1.576109491579722643e+01
8.300000000000000000e+02 2.104095829370727344e+01
8.400000000000000000e+02 1.063948248090230919e+01
8.500000000000000000e+02 8.164190214378127308e+00
8.600000000000000000e+02 1.390018529299182326e+01
8.700000000000000000e+02 3.655298845596113289e+00
8.800000000000000000e+02 1.247466629870633525e+01
8.900000000000000000e+02 3.047642726392167134e+01
9.000000000000000000e+02 2.982841199762870588e+01
9.100000000000000000e+02 2.956634110213587352e+00
9.200000000000000000e+02 9.029241893466643631e+00
9.300000000000000000e+02 1.615523258306771837e+01
9.400000000000000000e+02 2.324117352278915050e+01
9.500000000000000000e+02 3.864290930948031644e+01
9.600000000000000000e+02 2.756133259385507017e+01
9.700000000000000000e+02 2.570145429508090373e+01
9.800000000000000000e+02 2.330482913382818211e+01
9.900000000000000000e+02 3.117910270387011451e+01
1.000000000000000000e+03 1.451766190880431395e+01
1.010000000000000000e+03 -4.293000871576718502e+00
1.020000000000000000e+03 2.558732110229084356e+01
1.030000000000000000e+03 6.485423874644814290e+00
1.040000000000000000e+03 3.141796880866015584e+01
1.050000000000000000e+03 3.543486131876332479e+01
1.060000000000000000e+03 2.487461890092761152e+01
1.070000000000000000e+03 2.944097793656124651e+01
1.080000000000000000e+03 2.208104857920825737e+01
1.090000000000000000e+03 7.671675693683670083e+00
1.100000000000000000e+03 1.749669866880751457e+01
1.110000000000000000e+03 3.773093238697059348e+01
1.120000000000000000e+03 3.197431082773218236e+01
1.130000000000000000e+03 3.394098845951872789e+01
1.140000000000000000e+03 3.502932179136972479e+01
1.150000000000000000e+03 2.363508200694158745e+01
1.160000000000000000e+03 1.581231734268191857e+01
1.170000000000000000e+03 -4.643135380181164784e+00
1.180000000000000000e+03 1.116866630048513720e+01
1.190000000000000000e+03 3.522750789270548921e+01
1.200000000000000000e+03 2.202409657437225121e+01
1.210000000000000000e+03 4.953563913583045597e+00
1.220000000000000000e+03 2.373363074770409042e+01
1.230000000000000000e+03 9.739079305854220436e+00
1.240000000000000000e+03 1.271708474182618787e+01
1.250000000000000000e+03 7.910541798473710529e+00
1.260000000000000000e+03 1.566592662602599439e+01
1.270000000000000000e+03 1.144574869021040264e+01
1.280000000000000000e+03 1.231635805991168908e+01
1.290000000000000000e+03 1.952307850284669755e+01
1.300000000000000000e+03 7.085711756603378042e+00
1.310000000000000000e+03 2.333256029111251451e+01
1.320000000000000000e+03 3.039323379206867415e+01
1.330000000000000000e+03 2.247467058446313359e+01
1.340000000000000000e+03 2.955763214364987945e+01
1.350000000000000000e+03 1.256175588356622086e+01
1.360000000000000000e+03 1.817594013493510685e+00
1.370000000000000000e+03 -8.073720178526970770e+00
1.380000000000000000e+03 8.797652352674763421e+00
1.390000000000000000e+03 1.523019222282900564e+01
1.400000000000000000e+03 2.435059170150096008e+01
1.410000000000000000e+03 3.470720491894718407e+01
1.420000000000000000e+03 3.201911612731141332e+01
1.430000000000000000e+03 2.401392170108209001e+01
1.440000000000000000e+03 2.671346964862047457e+01
1.450000000000000000e+03 2.757743270789824308e+01
1.460000000000000000e+03 1.619075596636582759e+01
1.470000000000000000e+03 1.128583616958939118e+01
1.480000000000000000e+03 7.146674466005297433e+00
1.490000000000000000e+03 1.648657407599187152e+01
1.500000000000000000e+03 1.630357135622708853e+01
1.510000000000000000e+03 1.786906393986303598e+01
1.520000000000000000e+03 2.058923836802613394e+01
1.530000000000000000e+03 2.570288668956872868e+01
1.540000000000000000e+03 3.365708787203141128e+01
1.550000000000000000e+03 3.238552263729757641e+01
1.560000000000000000e+03 3.220647332631919113e+01
1.570000000000000000e+03 3.326592958529559496e+01
1.580000000000000000e+03 2.229854335823991818e+01
1.590000000000000000e+03 1.835619265728326255e+01
1.600000000000000000e+03 1.119003762624351772e+01
1.610000000000000000e+03 3.029554448799887112e+01
1.620000000000000000e+03 2.421485799983446796e+01
1.630000000000000000e+03 4.755085603771776448e+01
1.640000000000000000e+03 1.609621793016924229e+01
1.650000000000000000e+03 5.201711934654205116e+00
1.660000000000000000e+03 2.298672296597154840e+01
1.670000000000000000e+03 -1.504627277059200807e+01
1.680000000000000000e+03 1.545547922787444506e+01
1.690000000000000000e+03 1.864204130127403047e+01
1.700000000000000000e+03 1.792034366252724453e+01
1.710000000000000000e+03 2.474667742527489978e+01
1.720000000000000000e+03 2.110341069337653153e+01
1.730000000000000000e+03 3.748874312696879230e+01
1.740000000000000000e+03 2.329818282340466595e+01
1.750000000000000000e+03 2.374021976234809728e+01
1.760000000000000000e+03 2.768589361851650921e+01
1.770000000000000000e+03 2.475011517204568534e+01
1.780000000000000000e+03 4.007478813529176165e+01
1.790000000000000000e+03 3.277055027562548162e+01
1.800000000000000000e+03 1.789605025201369770e+01
1.810000000000000000e+03 8.331092820099735619e+00
1.820000000000000000e+03 1.486493162843310500e+01
1.830000000000000000e+03 1.329038631163408901e+01
1.840000000000000000e+03 2.748421247463046058e+01
1.850000000000000000e+03 1.904385660299927707e+01
1.860000000000000000e+03 2.661921809132145356e+01
1.870000000000000000e+03 3.937749849861754825e+01
1.880000000000000000e+03 1.592221064778801143e+01
1.890000000000000000e+03 2.185415729233645266e+01
1.900000000000000000e+03 4.331125483264724352e+01
1.910000000000000000e+03 2.486058143494690498e+01
1.920000000000000000e+03 3.181285132106431846e+01
1.930000000000000000e+03 2.449577920678711251e+01
1.940000000000000000e+03 3.794327054584607595e+01
1.950000000000000000e+03 2.590325003052598163e+01
1.960000000000000000e+03 1.769522854482034546e+01
1.970000000000000000e+03 1.852068884026532203e+01
1.980000000000000000e+03 1.204030699421765860e+01
1.990000000000000000e+03 2.401804699720703340e+01
2.000000000000000000e+03 1.679316379216637856e+01
2.010000000000000000e+03 1.518819441644591350e+01
2.020000000000000000e+03 2.611140559749701051e+00
2.030000000000000000e+03 9.316580227724751140e+00
2.040000000000000000e+03 2.592960608910199483e+01
2.050000000000000000e+03 3.787589070913868738e+01
2.060000000000000000e+03 1.281500322901404409e+01
2.070000000000000000e+03 1.845588731363602619e+01
2.080000000000000000e+03 1.719893250267802642e+01
2.090000000000000000e+03 1.851226636067689668e+01
2.100000000000000000e+03 1.468152783821172669e+01
2.110000000000000000e+03 3.190681639946577164e+01
2.120000000000000000e+03 1.721652230698854069e+01
2.130000000000000000e+03 2.807516114452839062e+01
2.140000000000000000e+03 2.117800979830256836e+01
2.150000000000000000e+03 2.681385185432739515e+00
2.160000000000000000e+03 1.561716791766036216e+01
2.170000000000000000e+03 1.467998085216487425e+01
2.180000000000000000e+03 5.657786339578340318e+00
2.190000000000000000e+03 5.990331043872270556e+00
2.200000000000000000e+03 1.527121600096037213e+01
2.210000000000000000e+03 1.723015870251265724e+01
2.220000000000000000e+03 3.157621975167528205e+01
2.230000000000000000e+03 3.165133451861693814e+01
2.240000000000000000e+03 3.688748121675850911e+01
2.250000000000000000e+03 2.473808305834793586e+01
2.260000000000000000e+03 1.998723161268217652e+01
2.270000000000000000e+03 -6.705955329990668901e+00
2.280000000000000000e+03 1.903291310911227896e+01
2.290000000000000000e+03 1.638235305305757805e+01
2.300000000000000000e+03 5.011375355111745478e+00
2.310000000000000000e+03 9.387856177439024563e+00
2.320000000000000000e+03 8.524752554853954223e+00
2.330000000000000000e+03 1.122888416475338680e+01
2.340000000000000000e+03 9.996394651647473317e-01
2.350000000000000000e+03 2.667370637763839625e+01
2.360000000000000000e+03 2.443315491977931231e+01
2.370000000000000000e+03 2.319654011054845810e+01
2.380000000000000000e+03 1.085525838654857544e+01
2.390000000000000000e+03 1.633187547130654949e+01
2.400000000000000000e+03 3.507641892212949131e+01
2.410000000000000000e+03 1.707236612573362677e+01
2.420000000000000000e+03 1.242670973125388478e+01
2.430000000000000000e+03 6.260881714733044667e+00
2.440000000000000000e+03 2.588680614180572448e+01
2.450000000000000000e+03 2.951832723890390753e+01
2.460000000000000000e+03 3.005375629845366348e+01
2.470000000000000000e+03 3.966288877637221333e+01
2.480000000000000000e+03 8.682258652735416860e+00
2.490000000000000000e+03 3.193420378207302335e+01
2.500000000000000000e+03 3.596530564549544096e+01
2.510000000000000000e+03 3.897659992936451090e+01
2.520000000000000000e+03 3.639685745678797701e+01
2.530000000000000000e+03 2.175474911488125329e+01
2.540000000000000000e+03 2.102468629232555841e+01
2.550000000000000000e+03 8.145339902918323105e+00
2.560000000000000000e+03 2.546276007762940097e+01
2.570000000000000000e+03 2.870191967662200128e+01
2.580000000000000000e+03 2.183295785391661070e+01
2.590000000000000000e+03 2.962335040275138454e+01
2.600000000000000000e+03 3.268386176122218956e+01
2.610000000000000000e+03 1.140443843318147010e+01
2.620000000000000000e+03 9.693930231597912339e+00
2.630000000000000000e+03 -3.480031056065594264e+00
2.640000000000000000e+03 2.550183579925732502e+01
2.650000000000000000e+03 1.757628250655118407e+01
2.660000000000000000e+03 1.978606613081174359e+01
2.670000000000000000e+03 2.761410200678662008e+01
2.680000000000000000e+03 2.198484896540579214e+01
2.690000000000000000e+03 1.376960821148150949e+01
2.700000000000000000e+03 1.359393935149439869e+01
2.710000000000000000e+03 1.165350318672483887e+01
2.720000000000000000e+03 2.552435304060596621e+01
2.730000000000000000e+03 2.074737471948223799e+01
2.740000000000000000e+03 1.961463715850860012e+01
2.750000000000000000e+03 1.471252485492830608e+01
2.760000000000000000e+03 2.862279420511443107e+01
2.770000000000000000e+03 3.608413709220557308e+01
2.780000000000000000e+03 4.110181498306376113e+01
2.790000000000000000e+03 4.084873952495448179e+01
2.800000000000000000e+03 1.623086301202498660e+01
2.810000000000000000e+03 8.110733252092419576e+00
2.820000000000000000e+03 1.079234762064321274e+01
2.830000000000000000e+03 1.589144281418948701e+01
2.840000000000000000e+03 2.944831179633892404e+01
2.850000000000000000e+03 1.967250589581681552e+01
2.860000000000000000e+03 2.318846140563711344e+01
2.870000000000000000e+03 1.555815326476188609e+01
2.880000000000000000e+03 2.823816763724310874e+01
2.890000000000000000e+03 2.326667014467246997e+00
2.900000000000000000e+03 2.713992213553634869e+01
2.910000000000000000e+03 1.673884739318797443e+01
2.920000000000000000e+03 2.501413412404196634e+01
2.930000000000000000e+03 2.671329776128193600e+01
2.940000000000000000e+03 1.579965497540952946e+01
2.950000000000000000e+03 1.012599770490606588e+01
2.960000000000000000e+03 3.092511051328861882e+01
2.970000000000000000e+03 3.827833626443857895e+01
2.980000000000000000e+03 4.801987928881185752e+01
2.990000000000000000e+03 1.628792960842001492e+01
3.000000000000000000e+03 1.947792942859038590e+01
3.010000000000000000e+03 3.042405892144671442e-02
3.020000000000000000e+03 2.144048176425199870e+01
3.030000000000000000e+03 2.481801067076868605e+01
3.040000000000000000e+03 8.131073253819565139e+00
3.050000000000000000e+03 2.454287633754686482e+01
3.060000000000000000e+03 3.164732381405102046e+01
3.070000000000000000e+03 3.625115428948620888e+01
3.080000000000000000e+03 3.528921544724107662e+01
3.090000000000000000e+03 3.322267127176322532e+01
3.100000000000000000e+03 1.929951037118664914e+01
3.110000000000000000e+03 3.317649087347567161e+01
3.120000000000000000e+03 1.593160715562815710e+01
3.130000000000000000e+03 1.001954214657075859e+01
3.140000000000000000e+03 1.813331207497737196e+01
3.150000000000000000e+03 2.565080482599134015e+01
3.160000000000000000e+03 3.031932223649679869e+01
3.170000000000000000e+03 2.231424240182650109e+01
3.180000000000000000e+03 2.146781185107973755e+01
3.190000000000000000e+03 3.284406076074077419e+01
3.200000000000000000e+03 4.129713629542386144e+01
3.210000000000000000e+03 2.707471953845045931e+01
3.220000000000000000e+03 3.921208558316327952e+01
3.230000000000000000e+03 2.030465023118465240e+01
3.240000000000000000e+03 2.072290942163015259e+01
3.250000000000000000e+03 1.897739349876410131e+01
3.260000000000000000e+03 -5.311318760862731442e-02
3.270000000000000000e+03 1.237004420531544824e+01
3.280000000000000000e+03 1.102130155557748914e+01
3.290000000000000000e+03 1.427959794492745438e+01
3.300000000000000000e+03 1.732360811889849472e+01
3.310000000000000000e+03 2.233670234739562943e+01
3.320000000000000000e+03 1.114551880556185282e+01
3.330000000000000000e+03 1.214550204540367773e+01
3.340000000000000000e+03 2.509366066600612655e+01
3.350000000000000000e+03 2.207262609961983557e+01
3.360000000000000000e+03 3.182516991365962866e+01
3.370000000000000000e+03 2.165035620460841770e+01
3.380000000000000000e+03 1.177216274609643420e+01
3.390000000000000000e+03 -2.116162320536182584e+00
3.400000000000000000e+03 7.434643053838049909e+00
3.410000000000000000e+03 2.078501804662233710e+01
3.420000000000000000e+03 2.524520800281822730e+01
3.430000000000000000e+03 2.843480675253200829e+01
3.440000000000000000e+03 1.844133418563970039e+01
3.450000000000000000e+03 2.903572488806521790e+01
3.460000000000000000e+03 2.270253589958666041e+01
3.470000000000000000e+03 2.240413947988252730e+01
3.480000000000000000e+03 1.325325864650961094e+01
3.490000000000000000e+03 1.057468095427301336e+01
3.500000000000000000e+03 1.369191513446176955e+01
3.510000000000000000e+03 2.412736734451799236e+01
3.520000000000000000e+03 3.379345182727254127e+01
3.530000000000000000e+03 1.966196347238641096e+01
3.540000000000000000e+03 1.717584230353425312e+01
3.550000000000000000e+03 8.139954099644093333e+00
3.560000000000000000e+03 5.019614488205726133e+01
3.570000000000000000e+03 1.889677833698919684e+01
3.580000000000000000e+03 9.104070181510730109e+00
3.590000000000000000e+03 1.780552292038303008e+01
3.600000000000000000e+03 2.023005112625861912e+01
3.610000000000000000e+03 2.367530364415977573e+01
3.620000000000000000e+03 8.909952080520406881e+00
3.630000000000000000e+03 1.246647300223596488e+01
3.640000000000000000e+03 1.194433656353324480e+01
3.650000000000000000e+03 1.518343886674632870e+01
3.660000000000000000e+03 8.053666655697389487e+00
3.670000000000000000e+03 2.182384782497403108e+01
3.680000000000000000e+03 8.747060179364712695e+00
3.690000000000000000e+03 -7.941825294087854203e+00
3.700000000000000000e+03 3.682055974628722694e+00
3.710000000000000000e+03 2.171108973089228300e+01
3.720000000000000000e+03 3.098194792656559571e+01
3.730000000000000000e+03 3.514752298450522261e+01
3.740000000000000000e+03 4.004969258386503128e+01
3.750000000000000000e+03 2.827879034491788346e+01
3.760000000000000000e+03 1.472512992642118412e+01
3.770000000000000000e+03 -2.835682719661470230e+00
3.780000000000000000e+03 -6.648946029375150779e+00
3.790000000000000000e+03 2.405213798601731767e+01
3.800000000000000000e+03 2.458372822833969096e+01
3.810000000000000000e+03 2.661377499226771448e+01
3.820000000000000000e+03 2.221563636528448882e+01
3.830000000000000000e+03 2.898318465825171586e+01
3.840000000000000000e+03 3.677008216453619838e+01
3.850000000000000000e+03 3.178122405077309764e+01
3.860000000000000000e+03 4.568817024574746455e+01
3.870000000000000000e+03 4.511538433795517733e+01
3.880000000000000000e+03 2.572849790301107475e+01
3.890000000000000000e+03 1.888285546256751601e+01
3.900000000000000000e+03 1.874488722550001318e+00
3.910000000000000000e+03 1.185793452802751613e+00
3.920000000000000000e+03 2.034573130509553240e-01
3.930000000000000000e+03 2.575296320086316371e+01
3.940000000000000000e+03 3.292559265498788790e+01
3.950000000000000000e+03 2.796658564235109878e+01
3.960000000000000000e+03 2.395994907678076657e+01
3.970000000000000000e+03 -2.762516009223264124e+00
3.980000000000000000e+03 1.234529242856579501e+01
3.990000000000000000e+03 2.385097250414688119e+01
4.000000000000000000e+03 3.798251815481253146e+01
4.010000000000000000e+03 2.988204084725295573e+01
4.020000000000000000e+03 1.790281115399623957e+01
4.030000000000000000e+03 1.281867015890288286e+01
4.040000000000000000e+03 3.034281350609716199e+01
4.050000000000000000e+03 1.395026180428625828e+01
4.060000000000000000e+03 1.814396908996680580e+01
4.070000000000000000e+03 1.793071419861911409e+01
4.080000000000000000e+03 2.164663197894006785e+01
4.090000000000000000e+03 2.483995495432219869e+01
4.100000000000000000e+03 3.100005339289172923e+01
4.110000000000000000e+03 3.268506497259196664e+01
4.120000000000000000e+03 1.354202937525554695e+01
4.130000000000000000e+03 3.399776857701620258e+01
4.140000000000000000e+03 2.631526398100455211e+01
4.150000000000000000e+03 2.435288353268148498e+01
4.160000000000000000e+03 1.404674789698628778e+01
4.170000000000000000e+03 2.981145244689283658e+01
4.180000000000000000e+03 2.393204603215789206e+01
4.190000000000000000e+03 3.968935942650725934e+01
4.200000000000000000e+03 2.957539383529893584e+01
4.210000000000000000e+03 2.016118159928389630e+01
4.220000000000000000e+03 3.526641172699486759e+01
4.230000000000000000e+03 6.100740010993980000e+00
4.240000000000000000e+03 7.418084573558768602e-01
4.250000000000000000e+03 1.352759083881825042e+01
4.260000000000000000e+03 3.025159862511233477e+00
4.270000000000000000e+03 1.165699822927513729e+01
4.280000000000000000e+03 2.180367971058542409e+01
4.290000000000000000e+03 2.267090862929543960e+01
4.300000000000000000e+03 2.118219239020702105e+01
4.310000000000000000e+03 1.399214501911032116e+01
4.320000000000000000e+03 3.576740602305725503e+01
4.330000000000000000e+03 4.347884498772300788e+01
4.340000000000000000e+03 3.707844804987560394e+01
4.350000000000000000e+03 3.586492343978852659e+01
4.360000000000000000e+03 2.384770664471463775e+01
4.370000000000000000e+03 1.779068331348914001e+01
4.380000000000000000e+03 2.364911947292229399e+01
4.390000000000000000e+03 2.752878859109163656e+01
4.400000000000000000e+03 4.323287420627334399e+01
4.410000000000000000e+03 1.208173184280561685e+01
4.420000000000000000e+03 2.938144762164715473e+01
4.430000000000000000e+03 2.045121283517911692e+01
4.440000000000000000e+03 1.119731419024167707e+01
4.450000000000000000e+03 1.206041781282674918e+01
4.460000000000000000e+03 -1.485496216279782722e+01
4.470000000000000000e+03 -1.113543474836754932e+01
4.480000000000000000e+03 1.605015212344072495e+01
4.490000000000000000e+03 1.740909342193201326e+01
4.500000000000000000e+03 3.520126642568848752e+01
4.510000000000000000e+03 3.689034600573415901e+01
4.520000000000000000e+03 2.353979912561133503e+01
4.530000000000000000e+03 3.262914429178719899e+01
4.540000000000000000e+03 2.702017395635400376e+01
4.550000000000000000e+03 3.699697345140801019e+01
4.560000000000000000e+03 2.417681360223778242e+01
4.570000000000000000e+03 2.520000163278240635e+01
4.580000000000000000e+03 3.392437268345993573e+01
4.590000000000000000e+03 5.878890752719325263e+00
4.600000000000000000e+03 6.482673677228185660e+00
4.610000000000000000e+03 1.531407324403615533e+01
4.620000000000000000e+03 1.666894654218201666e+01
4.630000000000000000e+03 3.059084693560929580e+01
4.640000000000000000e+03 4.071191720347723475e+01
4.650000000000000000e+03 2.761169558404706592e+01
4.660000000000000000e+03 2.256794811351042895e+01
4.670000000000000000e+03 2.465540524851055793e+01
4.680000000000000000e+03 1.435591592323888044e+01
4.690000000000000000e+03 4.626863378799450643e+00
4.700000000000000000e+03 2.256531250765282692e+01
4.710000000000000000e+03 2.534369944780121386e+01
4.720000000000000000e+03 2.686135005554374189e+01
4.730000000000000000e+03 2.205165584431804504e+01
4.740000000000000000e+03 1.058447853256975080e+01
4.750000000000000000e+03 3.137906497437077036e+01
4.760000000000000000e+03 2.400355116499022046e+01
4.770000000000000000e+03 4.554510268430329489e+01
4.780000000000000000e+03 7.839724214995541729e+00
4.790000000000000000e+03 -8.365756766705150227e+00
4.800000000000000000e+03 2.549662188332163293e+00
4.810000000000000000e+03 -1.089364655882234079e+00
4.820000000000000000e+03 8.180576807318868049e+00
4.830000000000000000e+03 1.617287968315774904e+01
4.840000000000000000e+03 2.297194065485717474e+01
4.850000000000000000e+03 3.049779858968004831e+01
4.860000000000000000e+03 2.665686141846154911e+01
4.870000000000000000e+03 2.385475402559474745e+01
4.880000000000000000e+03 2.615666926331234166e+01
4.890000000000000000e+03 2.444793723089368598e+01
4.900000000000000000e+03 1.225035332191261794e+01
4.910000000000000000e+03 2.430870848667689899e+01
4.920000000000000000e+03 1.745481545398345347e+01
4.930000000000000000e+03 2.288920554924028394e+01
4.940000000000000000e+03 2.580670664204643572e+01
4.950000000000000000e+03 3.689567451322887592e+01
4.960000000000000000e+03 2.514923757213381705e+01
4.970000000000000000e+03 2.610006103315341619e+01
4.980000000000000000e+03 1.250165261085699697e+01
4.990000000000000000e+03 1.548160610333240683e+01
5.000000000000000000e+03 1.257166805342198401e+01
5.010000000000000000e+03 1.330975228510951069e+01
5.020000000000000000e+03 3.740887281032755851e+01
5.030000000000000000e+03 3.881382261976784065e+01
5.040000000000000000e+03 3.563734460356256051e+01
5.050000000000000000e+03 3.685551017179020050e+01
5.060000000000000000e+03 3.097472865834694389e+01
5.070000000000000000e+03 1.716209131645111441e+01
5.080000000000000000e+03 1.615947247075168747e+01
5.090000000000000000e+03 1.457816625197012783e+01
5.100000000000000000e+03 -7.105822575212469294e-01
5.110000000000000000e+03 1.332711290630197531e+01
5.120000000000000000e+03 2.200198040348020356e+01
5.130000000000000000e+03 3.729519798377359763e+01
5.140000000000000000e+03 3.933452666398274289e+01
5.150000000000000000e+03 2.592742884948049920e+01
5.160000000000000000e+03 2.852292766142312885e+01
5.170000000000000000e+03 8.866407288090462302e+00
5.180000000000000000e+03 1.047510088947927542e+01
5.190000000000000000e+03 -8.296428873494320066e-02
5.200000000000000000e+03 5.602954278584320047e-01
5.210000000000000000e+03 -1.959011456487700187e+01
5.220000000000000000e+03 -2.795976744458904317e+00
5.230000000000000000e+03 1.593584704331212620e+01
5.240000000000000000e+03 3.428825817914751894e+01
5.250000000000000000e+03 4.390810496783502259e+01
5.260000000000000000e+03 3.127971409269508740e+01
5.270000000000000000e+03 2.670556283104767203e+01
5.280000000000000000e+03 1.961326205980028803e+01
5.290000000000000000e+03 1.637072200981642212e+01
5.300000000000000000e+03 2.003896970158249147e+01
5.310000000000000000e+03 6.023161525533265781e+00
5.320000000000000000e+03 4.765118094764518197e+00
5.330000000000000000e+03 7.726450458898177054e+00
5.340000000000000000e+03 1.211416125401002297e+01
5.350000000000000000e+03 2.144695618733697273e+01
5.360000000000000000e+03 1.727874552353974735e+01
5.370000000000000000e+03 1.547117827146102798e+01
5.380000000000000000e+03 1.931864716154401762e+01
5.390000000000000000e+03 9.942192844228097570e+00
5.400000000000000000e+03 3.879268047712751866e+01
5.410000000000000000e+03 2.039827153490902845e+01
5.420000000000000000e+03 9.439766153677878080e+00
5.430000000000000000e+03 2.180236190765662485e+01
5.440000000000000000e+03 3.138972198936020064e+01
5.450000000000000000e+03 3.797936688693931728e+01
5.460000000000000000e+03 3.614492791426895479e+01
5.470000000000000000e+03 3.243754720509545564e+01
5.480000000000000000e+03 3.128997003722792414e+01
5.490000000000000000e+03 -6.344533552822144706e+00
5.500000000000000000e+03 3.614790729480363396e+00
5.510000000000000000e+03 9.457928915783524459e+00
5.520000000000000000e+03 3.218074752131781935e+01
5.530000000000000000e+03 2.542832531414203956e+01
5.540000000000000000e+03 2.123301374663512675e+01
5.550000000000000000e+03 2.335851527923194126e+01
5.560000000000000000e+03 1.965657766911217763e+01
5.570000000000000000e+03 2.094378465165308612e+01
5.580000000000000000e+03 9.103898294172189765e+00
5.590000000000000000e+03 3.438468697606804625e+01
5.600000000000000000e+03 3.699324922573965324e+01
5.610000000000000000e+03 3.233831091497879129e+01
5.620000000000000000e+03 2.560084290625593084e+01
5.630000000000000000e+03 3.117600873177640963e+01
5.640000000000000000e+03 3.472783139957189036e+01
5.650000000000000000e+03 3.145790396698076918e+01
5.660000000000000000e+03 4.044755447680387306e+01
5.670000000000000000e+03 2.730441831851840462e+01
5.680000000000000000e+03 3.540489562607798746e+01
5.690000000000000000e+03 3.131540936333173164e+01
5.700000000000000000e+03 2.707918860925247984e+01
5.710000000000000000e+03 2.053400523657552057e+01
5.720000000000000000e+03 1.984038252979014594e+00
5.730000000000000000e+03 6.558304106185454785e+00
5.740000000000000000e+03 -7.266709124085204863e+00
5.750000000000000000e+03 -5.091417559091521383e+00
5.760000000000000000e+03 1.770978167281666771e+01
5.770000000000000000e+03 1.893957828428546719e+01
5.780000000000000000e+03 3.305032556698787261e+01
5.790000000000000000e+03 3.105076015776080922e+01
5.800000000000000000e+03 1.009414125149679187e+01
5.810000000000000000e+03 1.451439604937206518e+01
5.820000000000000000e+03 1.505246071477942138e+01
5.830000000000000000e+03 1.464720766628338922e+01
5.840000000000000000e+03 3.158435575236614667e+01
5.850000000000000000e+03 2.592301707445799153e+01
5.860000000000000000e+03 2.391268005868247215e+01
5.870000000000000000e+03 1.451347931689985593e+01
5.880000000000000000e+03 1.432446054028619820e+01
5.890000000000000000e+03 -1.005317476914493824e+01
5.900000000000000000e+03 5.088781953233920241e+00
5.910000000000000000e+03 7.649846001689185826e+00
5.920000000000000000e+03 4.475505118059740539e+01
5.930000000000000000e+03 2.654255633833295036e+01
5.940000000000000000e+03 1.452006833154386278e+01
5.950000000000000000e+03 2.898977367289571916e+01
5.960000000000000000e+03 3.327664389606454876e+01
5.970000000000000000e+03 3.178678174138586598e+01
5.980000000000000000e+03 3.123674225806027493e+01
5.990000000000000000e+03 2.544494109020083172e+01
6.000000000000000000e+03 4.040378050125588061e+01
6.010000000000000000e+03 3.465942023883327749e+01
6.020000000000000000e+03 3.039145762290376851e+01
6.030000000000000000e+03 1.884864988219820603e+01
6.040000000000000000e+03 3.260444981081705862e+01
6.050000000000000000e+03 2.818516904119350741e+01
6.060000000000000000e+03 8.836040524948529651e+00
6.070000000000000000e+03 2.783257081407000122e+00
6.080000000000000000e+03 3.044124765530063836e+00
6.090000000000000000e+03 5.007651129443394661e-02
6.100000000000000000e+03 1.811812869340640475e+01
6.110000000000000000e+03 1.436319248723704156e+01
6.120000000000000000e+03 2.743522458314677337e+01
6.130000000000000000e+03 1.563131997520009264e+01
6.140000000000000000e+03 1.196662462176383457e+01
6.150000000000000000e+03 9.892460107610741460e+00
6.160000000000000000e+03 -1.130336867812039436e+01
6.170000000000000000e+03 6.943904702308499211e+00
6.180000000000000000e+03 2.050908157248733232e+01
6.190000000000000000e+03 3.357486842843013619e+01
6.200000000000000000e+03 3.317889729621521866e+01
6.210000000000000000e+03 4.719516383850054808e+01
6.220000000000000000e+03 2.867384474466058819e+01
6.230000000000000000e+03 2.032155248614101239e+01
6.240000000000000000e+03 1.632792206252014822e+01
6.250000000000000000e+03 3.506839751299765595e+01
6.260000000000000000e+03 1.850963075481929820e+01
6.270000000000000000e+03 1.565223293472236854e+01
6.280000000000000000e+03 1.823100137904717855e+01
6.290000000000000000e+03 2.661812947151070574e+01
6.300000000000000000e+03 2.043826398900916175e+01
6.310000000000000000e+03 2.362728978092781063e+01
6.320000000000000000e+03 1.859362636758547538e+01
6.330000000000000000e+03 1.850877131812660181e+01
6.340000000000000000e+03 3.677059782655181408e+01
6.350000000000000000e+03 3.020123563492033725e+01
6.360000000000000000e+03 2.683946306776974211e+01
6.370000000000000000e+03 1.798600462584923676e+01
6.380000000000000000e+03 4.261316305505984836e+00
6.390000000000000000e+03 2.026717879138309897e+01
6.400000000000000000e+03 8.479145114361539726e+00
6.410000000000000000e+03 5.510879960906796882e+00
6.420000000000000000e+03 3.316428687243938356e+01
6.430000000000000000e+03 2.113652765393509725e+01
6.440000000000000000e+03 2.663268259950703154e+01
6.450000000000000000e+03 8.519595934697775874e+00
6.460000000000000000e+03 3.592995414953587385e+01
6.470000000000000000e+03 4.172456281059145056e+01
6.480000000000000000e+03 1.816574148618177631e+01
6.490000000000000000e+03 3.107173041306259620e+01
6.500000000000000000e+03 -3.861449060284182888e+00
6.510000000000000000e+03 2.065432637355299406e+01
6.520000000000000000e+03 1.764704279424984534e+01
6.530000000000000000e+03 2.944957230348821042e+01
6.540000000000000000e+03 2.448632540316745221e+01
6.550000000000000000e+03 3.835786280640273560e+01
6.560000000000000000e+03 4.555352516389171313e+01
6.570000000000000000e+03 2.481692205095793824e+01
6.580000000000000000e+03 2.756133259385507017e+01
6.590000000000000000e+03 7.407312967010309279e+00
6.600000000000000000e+03 1.004246045837599155e+01
6.610000000000000000e+03 -1.371317186866112259e+00
6.620000000000000000e+03 -8.758805814164895009e-01
6.630000000000000000e+03 2.359096425671651787e+00
6.640000000000000000e+03 3.648251464716003589e+00
6.650000000000000000e+03 1.051984889327899175e+01
6.660000000000000000e+03 1.549300796345551134e+01
6.670000000000000000e+03 1.411172131095412219e+01
6.680000000000000000e+03 1.758080887313271745e+01
6.690000000000000000e+03 -4.418077558253777903e-01
6.700000000000000000e+03 -1.228650695878537480e+00
6.710000000000000000e+03 3.002671269052348890e+01
6.720000000000000000e+03 2.556079315637628824e+01
6.730000000000000000e+03 3.687842848359544234e+01
6.740000000000000000e+03 2.055377228050753757e+01
6.750000000000000000e+03 1.938717291384166597e+00
6.760000000000000000e+03 9.572921545266281029e+00
6.770000000000000000e+03 1.201887837267976700e+01
6.780000000000000000e+03 3.813498222409684502e+01
6.790000000000000000e+03 1.744725241108772451e+01
6.800000000000000000e+03 1.651126855696201190e+01
6.810000000000000000e+03 6.855783793417378646e+00
6.820000000000000000e+03 1.692150633827568029e+01
6.830000000000000000e+03 1.790114957639036319e+01
6.840000000000000000e+03 4.126934784236001263e+01
6.850000000000000000e+03 3.572076725853361268e+01
6.860000000000000000e+03 4.636179672548277608e+01
6.870000000000000000e+03 1.916406314841772129e+01
6.880000000000000000e+03 1.918102269915359770e+01
6.890000000000000000e+03 2.963922133367651313e+01
6.900000000000000000e+03 2.266145482567578284e+01
6.910000000000000000e+03 1.916646957115727190e+01
6.920000000000000000e+03 2.224348211412784693e+01
6.930000000000000000e+03 2.007919133880067264e+01
6.940000000000000000e+03 1.826715501591993274e+01
6.950000000000000000e+03 1.757267287244185994e+01
6.960000000000000000e+03 1.328517239569839781e+01
6.970000000000000000e+03 6.268215574510719534e+00
6.980000000000000000e+03 1.900443710669427588e+01
6.990000000000000000e+03 2.325526828454936634e+01
7.000000000000000000e+03 2.468279263111781319e+01
7.010000000000000000e+03 -1.644388872025462703e-02
7.020000000000000000e+03 1.647385441293996777e+01
7.030000000000000000e+03 2.769677981662399446e+01
7.040000000000000000e+03 2.902741700003581826e+01
7.050000000000000000e+03 3.124728468149067950e+01
7.060000000000000000e+03 1.608561821095932487e+01
7.070000000000000000e+03 7.319192058119187827e+00
7.080000000000000000e+03 2.419807033643713368e+01
7.090000000000000000e+03 1.719612500948188227e+01
7.100000000000000000e+03 1.627584019894275613e+01
7.110000000000000000e+03 3.920119938505579160e+00
7.120000000000000000e+03 1.890376842208979014e+01
7.130000000000000000e+03 -1.752104937510057525e-01
7.140000000000000000e+03 1.834960364263925925e+01
7.150000000000000000e+03 2.083131303646890586e+01
7.160000000000000000e+03 2.789742963647880813e+01
7.170000000000000000e+03 2.626455721613547567e+01
7.180000000000000000e+03 1.323417915193175354e+01
7.190000000000000000e+03 1.862307639825520056e+01
7.200000000000000000e+03 2.395484975240410108e+01
7.210000000000000000e+03 3.557787158442798159e+01
7.220000000000000000e+03 4.294221271680348195e+01
7.230000000000000000e+03 2.659446631457180388e+01
7.240000000000000000e+03 1.946509517397945643e+01
7.250000000000000000e+03 2.827856116179983204e+01
7.260000000000000000e+03 2.298076420490218652e+00
7.270000000000000000e+03 2.885976954918053750e+01
7.280000000000000000e+03 2.052220230599582607e+01
7.290000000000000000e+03 4.462481787376416875e+00
7.300000000000000000e+03 1.539841263147941497e+01
7.310000000000000000e+03 -5.758798798859904089e+00
7.320000000000000000e+03 -6.442165561112436656e+00
7.330000000000000000e+03 1.394407386009884453e+00
7.340000000000000000e+03 2.205262987256976714e+01
7.350000000000000000e+03 2.791650913105666376e+01
7.360000000000000000e+03 4.400058035596914152e+01
7.370000000000000000e+03 2.528393994976907422e+01
7.380000000000000000e+03 2.030419186494854955e+01
7.390000000000000000e+03 2.392104524249138464e+01
7.400000000000000000e+03 3.579777278619919656e+01
7.410000000000000000e+03 2.879153027578045965e+01
7.420000000000000000e+03 2.498674674143471464e+01
7.430000000000000000e+03 2.386426512499391706e+01
7.440000000000000000e+03 1.854360715207055677e+01
7.450000000000000000e+03 1.601331093721381293e+01
7.460000000000000000e+03 1.683997444402856303e+01
7.470000000000000000e+03 2.795048552830792232e+01
7.480000000000000000e+03 2.918291774563432028e+01
7.490000000000000000e+03 4.789531826415041849e+01
7.500000000000000000e+03 2.773820466521195627e+01
7.510000000000000000e+03 3.463696029326414561e+01
7.520000000000000000e+03 3.032086922254364936e+01
7.530000000000000000e+03 3.074462880782241214e+01
7.540000000000000000e+03 2.211279044105850389e+01
7.550000000000000000e+03 7.301430366470132327e+00
7.560000000000000000e+03 2.010589117205377008e+01
7.570000000000000000e+03 2.450219633409257725e+01
7.580000000000000000e+03 1.937296356052241819e+01
7.590000000000000000e+03 1.049544089120642099e+01
7.600000000000000000e+03 1.611048457926800026e+01
7.610000000000000000e+03 2.704561328245781482e+01
7.620000000000000000e+03 2.806163934056330334e+01
7.630000000000000000e+03 2.162004673724599613e+01
7.640000000000000000e+03 1.875508587425334284e+01
7.650000000000000000e+03 4.254480919010073592e+01
7.660000000000000000e+03 3.246877340493008290e+01
7.670000000000000000e+03 2.434612263069894311e+01
7.680000000000000000e+03 -3.547640075891031142e+00
7.690000000000000000e+03 6.291248477874978207e+00
7.700000000000000000e+03 2.810443928785957368e+01
7.710000000000000000e+03 2.819983676074885892e+01
7.720000000000000000e+03 3.823255693660762233e+01
7.730000000000000000e+03 2.852189633739189389e+01
7.740000000000000000e+03 3.456367899126691157e+01
7.750000000000000000e+03 2.895281789510978854e+01
7.760000000000000000e+03 1.677597505831245073e+01
7.770000000000000000e+03 1.790166523840598245e+01
7.780000000000000000e+03 2.125965628410871133e+01
7.790000000000000000e+03 8.643985072020678118e+00
7.800000000000000000e+03 -3.772354123141339777e+00
7.810000000000000000e+03 1.302533603560657127e+01
7.820000000000000000e+03 2.472696767712239918e+01
7.830000000000000000e+03 3.317866811309716724e+01
7.840000000000000000e+03 2.109074832610414418e+01
7.850000000000000000e+03 2.612704734530407791e+01
7.860000000000000000e+03 2.374560556562232350e+01
7.870000000000000000e+03 4.365015936846712918e+01
7.880000000000000000e+03 1.885403568547243580e+01
7.890000000000000000e+03 2.347511219054106490e+01
7.900000000000000000e+03 2.247564461271485570e+01
7.910000000000000000e+03 1.352146019041034997e+01
7.920000000000000000e+03 1.746467032805970021e+01
7.930000000000000000e+03 2.996781262918403854e+01
7.940000000000000000e+03 2.391628969279179628e+01
7.950000000000000000e+03 2.067970840387728870e+01
7.960000000000000000e+03 -4.931676925809047596e+00
7.970000000000000000e+03 2.005335094224027515e+01
7.980000000000000000e+03 2.227041113049899224e+01
7.990000000000000000e+03 2.336785449129257231e+01
8.000000000000000000e+03 1.360127321127207267e+01
8.010000000000000000e+03 4.093130274323282691e+01
8.020000000000000000e+03 3.759926668564952479e+01
8.030000000000000000e+03 2.460595899079076787e+01
8.040000000000000000e+03 1.307862111055373688e+01
8.050000000000000000e+03 2.046387520245150782e+01
8.060000000000000000e+03 3.550063687364434628e+01
8.070000000000000000e+03 1.801923617796682819e+01
8.080000000000000000e+03 2.759748623072782436e+01
8.090000000000000000e+03 1.002275071022349096e+01
8.100000000000000000e+03 2.232020116289586298e+01
8.110000000000000000e+03 3.423978594967945810e+01
8.120000000000000000e+03 4.027423474377680179e+01
8.130000000000000000e+03 1.775074815516852311e+01
8.140000000000000000e+03 2.506564302982422632e+01
8.150000000000000000e+03 1.294019450725012987e+01
8.160000000000000000e+03 6.992376931776566273e+00
8.170000000000000000e+03 4.537252779640988720e+00
8.180000000000000000e+03 6.507883820213942627e+00
8.190000000000000000e+03 2.211829083589176292e+01
8.200000000000000000e+03 2.999926801213672078e+01
8.210000000000000000e+03 3.041729801946416600e+01
8.220000000000000000e+03 3.357160256899788919e+01
8.230000000000000000e+03 2.129678394923318763e+01
8.240000000000000000e+03 1.673707122402306879e+01
8.250000000000000000e+03 1.790235278776013672e+01
8.260000000000000000e+03 1.707322556242632317e+01
8.270000000000000000e+03 1.540402761787169617e+01
8.280000000000000000e+03 5.112559701731848705e+00
8.290000000000000000e+03 3.218831056421354475e+01
8.300000000000000000e+03 2.344497461051718190e+01
8.310000000000000000e+03 2.779114596548204119e+01
8.320000000000000000e+03 3.846706856215467241e+01
8.330000000000000000e+03 2.842672804762066363e+01
8.340000000000000000e+03 1.327170788751282515e+01
8.350000000000000000e+03 3.026832899273015798e+01
8.360000000000000000e+03 3.982159808562344949e+01
8.370000000000000000e+03 3.705650376632210197e+01
8.380000000000000000e+03 2.365519282555067804e+01
8.390000000000000000e+03 3.573835706284412339e+01
8.400000000000000000e+03 2.246802427403961744e+01
8.410000000000000000e+03 6.388307528370139821e+00
8.420000000000000000e+03 6.460385618997596779e+00
8.430000000000000000e+03 1.033289276472780571e+01
8.440000000000000000e+03 2.003501629279608665e+01
8.450000000000000000e+03 2.283242543174281991e+01
8.460000000000000000e+03 3.901590483411048638e+01
8.470000000000000000e+03 3.168599846522235097e+01
8.480000000000000000e+03 3.250114552035497439e+01
8.490000000000000000e+03 2.387136980165353961e+01
8.500000000000000000e+03 3.149331275871985625e+01
8.510000000000000000e+03 3.683757659280260555e+01
8.520000000000000000e+03 3.094820071243238857e+01
8.530000000000000000e+03 2.163803761201310394e+01
8.540000000000000000e+03 1.154630278325586268e+01
8.550000000000000000e+03 1.556227856088682771e+01
8.560000000000000000e+03 3.003828643798513198e+01
8.570000000000000000e+03 4.108285008004492767e+01
8.580000000000000000e+03 3.675048700794272349e+01
8.590000000000000000e+03 2.578997627442861784e+01
8.600000000000000000e+03 2.093129417171923379e+01
8.610000000000000000e+03 3.894239434899520091e+01
8.620000000000000000e+03 4.674000616604863012e+01
8.630000000000000000e+03 4.195523561891112507e+01
8.640000000000000000e+03 4.202072469489457518e+01
8.650000000000000000e+03 1.096629760724493075e+01
8.660000000000000000e+03 1.412054486099913930e+01
8.670000000000000000e+03 2.453508411153308444e+01
8.680000000000000000e+03 2.137384677267828081e+01
8.690000000000000000e+03 1.702756082615439581e+01
8.700000000000000000e+03 2.508787379227530323e+01
8.710000000000000000e+03 2.197952045791107523e+01
8.720000000000000000e+03 1.516785441471876972e+01
8.730000000000000000e+03 -1.440072122281811140e+00
8.740000000000000000e+03 1.309598173174619973e+01
8.750000000000000000e+03 2.626186431449836078e+01
8.760000000000000000e+03 1.909714167794644268e+01
8.770000000000000000e+03 1.191465734974546820e+01
8.780000000000000000e+03 1.164932059482038440e+01
8.790000000000000000e+03 2.062017808896319693e+00
8.800000000000000000e+03 1.254124399450053673e+01
8.810000000000000000e+03 9.400919615168009003e+00
8.820000000000000000e+03 1.501258285223831734e+01
8.830000000000000000e+03 1.408261505496147770e+01
8.840000000000000000e+03 1.292426628054549198e+01
8.850000000000000000e+03 1.884194627599517347e+01
8.860000000000000000e+03 2.616732627830177549e+01
8.870000000000000000e+03 4.272741083940893247e+01
8.880000000000000000e+03 4.746508425578668522e+01
8.890000000000000000e+03 3.272007269387446371e+01
8.900000000000000000e+03 3.529712226481387916e+01
8.910000000000000000e+03 2.294965259662658497e+01
8.920000000000000000e+03 2.480872875448756787e+01
8.930000000000000000e+03 2.404090801323275173e+01
8.940000000000000000e+03 7.929105631035950452e+00
8.950000000000000000e+03 1.276956767586017172e+01
8.960000000000000000e+03 2.015184238722326171e+01
8.970000000000000000e+03 2.174082624045957246e+01
8.980000000000000000e+03 3.115291853263263278e+01
8.990000000000000000e+03 1.780202787783272811e+01
9.000000000000000000e+03 2.600082474303676006e-01
9.010000000000000000e+03 4.578563036669921260e+00
9.020000000000000000e+03 -2.951763968954975059e+00
9.030000000000000000e+03 1.823163163262181996e+01
9.040000000000000000e+03 1.239181660153041875e+01
9.050000000000000000e+03 4.326375663143089412e+01
9.060000000000000000e+03 1.103270341570059365e+01
9.070000000000000000e+03 1.441579001283005290e+01
9.080000000000000000e+03 1.738187792666329656e+01
9.090000000000000000e+03 1.239313440445921977e+01
9.100000000000000000e+03 -1.763334910294621638e+00
9.110000000000000000e+03 9.963621465765989171e+00
9.120000000000000000e+03 1.414220266565508233e+01
9.130000000000000000e+03 2.595670699281168670e+00
9.140000000000000000e+03 2.505922590251876159e+01
9.150000000000000000e+03 4.135861466684139742e+01
9.160000000000000000e+03 3.249312411122313904e+01
9.170000000000000000e+03 8.859932865005484715e+00
9.180000000000000000e+03 5.260497404434627988e+00
9.190000000000000000e+03 -1.468542395121861688e+01
9.200000000000000000e+03 1.835132251602464848e+01
9.210000000000000000e+03 -5.389241021000522602e-01
9.220000000000000000e+03 2.508214421432399632e+01
9.230000000000000000e+03 1.208918029414231654e+01
9.240000000000000000e+03 8.112394829698299503e+00
9.250000000000000000e+03 1.960667304515628118e+01
9.260000000000000000e+03 3.129535584050215746e+01
9.270000000000000000e+03 3.776783086897701480e+01
9.280000000000000000e+03 2.742204655385876677e+01
9.290000000000000000e+03 2.035449755936103244e+01
9.300000000000000000e+03 6.582769404037541072e+00
9.310000000000000000e+03 -1.266385696265853333e+01
9.320000000000000000e+03 1.587849396801953006e+01
9.330000000000000000e+03 2.685923011170175556e+01
9.340000000000000000e+03 4.220091992146321758e+01
9.350000000000000000e+03 4.774216664551195066e+01
9.360000000000000000e+03 2.101064882634485187e+01
9.370000000000000000e+03 1.642950747959684321e+01
9.380000000000000000e+03 8.831170383689917358e+00
9.390000000000000000e+03 1.879123951112609703e+01
9.400000000000000000e+03 2.155982887297774653e+01
9.410000000000000000e+03 1.632958364012602814e+01
9.420000000000000000e+03 3.223431907516254569e+01
9.430000000000000000e+03 1.051010861076176894e+01
9.440000000000000000e+03 2.545966610553569609e+01
9.450000000000000000e+03 2.197430654197538402e+01
9.460000000000000000e+03 2.576132838467207620e+01
9.470000000000000000e+03 2.003203691226140748e+01
9.480000000000000000e+03 1.231859259531269957e-01
9.490000000000000000e+03 2.190881746599193391e+01
9.500000000000000000e+03 1.609713466264145154e+01
9.510000000000000000e+03 2.401483843355429926e+01
9.520000000000000000e+03 2.344010446925857138e+01
9.530000000000000000e+03 2.563957485320677421e+01
9.540000000000000000e+03 3.024369180753953046e+01
9.550000000000000000e+03 3.665239663341632337e+01
9.560000000000000000e+03 2.346932531681024159e+01
9.570000000000000000e+03 3.509068557122824217e+01
9.580000000000000000e+03 2.607622598887597576e+01
9.590000000000000000e+03 3.268810164890616221e+01
9.600000000000000000e+03 1.940012176001162203e+01
9.610000000000000000e+03 3.629074567312974864e+01
9.620000000000000000e+03 2.817021484274059517e+01
9.630000000000000000e+03 3.418781867766109173e+01
9.640000000000000000e+03 3.228875006569997197e+01
9.650000000000000000e+03 3.167654466160269422e+01
9.660000000000000000e+03 4.305772100830185423e+01
9.670000000000000000e+03 1.726499453645660864e+01
9.680000000000000000e+03 2.007569629625037777e+01
9.690000000000000000e+03 8.564343938497493980e+00
9.700000000000000000e+03 2.341094091748641048e+01
9.710000000000000000e+03 2.757078639747472693e+01
9.720000000000000000e+03 3.141917202002992582e+01
9.730000000000000000e+03 1.917959030466576920e+01
9.740000000000000000e+03 2.720008270402508543e+01
9.750000000000000000e+03 3.011987562801176210e+01
9.760000000000000000e+03 2.652147149147213767e+01
9.770000000000000000e+03 1.548481466698514097e+01
9.780000000000000000e+03 1.441802454823106139e+01
9.790000000000000000e+03 1.650118449976770663e+01
9.800000000000000000e+03 2.077075139752357913e+01
9.810000000000000000e+03 7.973853634835665893e+00
9.820000000000000000e+03 1.059295830793768545e+01
9.830000000000000000e+03 3.823175479569443702e+00
9.840000000000000000e+03 1.347453494698913445e+01
9.850000000000000000e+03 -7.228607430709004689e+00
9.860000000000000000e+03 1.689303033585768077e+01
9.870000000000000000e+03 1.672360671583749436e+01
9.880000000000000000e+03 2.726683228715782548e+01
9.890000000000000000e+03 3.948086008485914533e+01
9.900000000000000000e+03 2.972281587598610031e+01
9.910000000000000000e+03 2.079412807556491671e+01
9.920000000000000000e+03 3.478197591121175769e+00
9.930000000000000000e+03 5.194206187537990793e+00
9.940000000000000000e+03 -2.096452572383682156e-01
9.950000000000000000e+03 3.575944190970493874e+00
9.960000000000000000e+03 3.247438839132236410e+01
9.970000000000000000e+03 2.600575218007488232e+01
9.980000000000000000e+03 2.883243946235280220e+01
9.990000000000000000e+03 1.742370384570784836e+01
