0.000000000000000000e+00 -1.659611787684293347e+02
1.000000000000000000e+01 -1.789906973959403729e+02
2.000000000000000000e+01 -1.683834151431244379e+02
3.000000000000000000e+01 1.796261075907404461e+02
4.000000000000000000e+01 -1.774004530355547899e+02
5.000000000000000000e+01 -1.722927634750815571e+02
6.000000000000000000e+01 -1.634064745515000254e+02
7.000000000000000000e+01 1.795453205416270066e+02
8.000000000000000000e+01 -1.727678600788040342e+02
9.000000000000000000e+01 1.780476661609345399e+02
1.000000000000000000e+02 -1.733309057040790719e+02
1.100000000000000000e+02 -1.642950175001889193e+02
1.200000000000000000e+02 1.764444156585994961e+02
1.300000000000000000e+02 -1.756427331116524329e+02
1.400000000000000000e+02 -1.768800354702374591e+02
1.500000000000000000e+02 -1.666574370810723167e+02
1.600000000000000000e+02 1.789092800932522778e+02
1.700000000000000000e+02 -1.575981149033613065e+02
1.800000000000000000e+02 -1.796108669133899696e+02
1.900000000000000000e+02 1.729567069680791178e+02
2.000000000000000000e+02 -1.676287151353781155e+02
2.100000000000000000e+02 -1.748641407638491501e+02
2.200000000000000000e+02 -1.744658205046742125e+02
2.300000000000000000e+02 1.789343183488995237e+02
2.400000000000000000e+02 1.747321885836305455e+02
2.500000000000000000e+02 -1.780632506129621220e+02
2.600000000000000000e+02 1.746975246370251114e+02
2.700000000000000000e+02 -1.679661872767101727e+02
2.800000000000000000e+02 1.741820918045254416e+02
2.900000000000000000e+02 -1.764195492902908029e+02
3.000000000000000000e+02 1.709873364346554752e+02
3.100000000000000000e+02 -1.737185116524850912e+02
3.200000000000000000e+02 -1.739766864349710147e+02
3.300000000000000000e+02 -1.735871324300615868e+02
3.400000000000000000e+02 -1.685487707627991654e+02
3.500000000000000000e+02 1.794881966494524761e+02
3.600000000000000000e+02 -1.736674038171593963e+02
3.700000000000000000e+02 -1.771584929586710189e+02
3.800000000000000000e+02 -1.713584411985617066e+02
3.900000000000000000e+02 -1.676783905762159463e+02
4.000000000000000000e+02 -1.782273457254875666e+02
4.100000000000000000e+02 -1.721864798040847688e+02
4.200000000000000000e+02 1.793349304392549755e+02
4.300000000000000000e+02 -1.639523887387006766e+02
4.400000000000000000e+02 -1.761167410955641799e+02
4.500000000000000000e+02 -1.754014605841228445e+02
4.600000000000000000e+02 -1.694000141590250337e+02
4.700000000000000000e+02 -1.721282672920994798e+02
4.800000000000000000e+02 -1.757370419647309632e+02
4.900000000000000000e+02 -1.732317267097419347e+02
5.000000000000000000e+02 -1.791898002297483288e+02
5.100000000000000000e+02 -1.581757136566326949e+02
5.200000000000000000e+02 -1.770002420156558856e+02
5.300000000000000000e+02 1.776376002669594243e+02
5.400000000000000000e+02 -1.607727021588426624e+02
5.500000000000000000e+02 -1.798932778106099590e+02
5.600000000000000000e+02 -1.797167495139301536e+02
5.700000000000000000e+02 1.785983358978347724e+02
5.800000000000000000e+02 -1.647567068915053312e+02
5.900000000000000000e+02 -1.741816907340688374e+02
6.000000000000000000e+02 1.755657275839868419e+02
6.100000000000000000e+02 -1.779677385485138075e+02
6.200000000000000000e+02 1.782691143487526233e+02
6.300000000000000000e+02 1.779600036182795293e+02
6.400000000000000000e+02 -1.627432186078565906e+02
6.500000000000000000e+02 -1.723333288869768012e+02
6.600000000000000000e+02 -1.628407933203673679e+02
6.700000000000000000e+02 1.735873043174001111e+02
6.800000000000000000e+02 -1.782207567108435740e+02
6.900000000000000000e+02 -1.714227843589548854e+02
7.000000000000000000e+02 -1.700432165798389121e+02
7.100000000000000000e+02 -1.700571967500401058e+02
7.200000000000000000e+02 -1.730491823562132367e+02
7.300000000000000000e+02 -1.759289828260997979e+02
7.400000000000000000e+02 -1.688460785626925542e+02
7.500000000000000000e+02 -1.793675890335774454e+02
7.600000000000000000e+02 -1.668426170404586060e+02
7.700000000000000000e+02 1.740663543299090179e+02
7.800000000000000000e+02 1.760891818256183683e+02
7.900000000000000000e+02 -1.759015954434925391e+02
8.000000000000000000e+02 -1.614144721851687052e+02
8.100000000000000000e+02 1.759608965752885865e+02
8.200000000000000000e+02 1.779106719521187756e+02
8.300000000000000000e+02 -1.636216774993511649e+02
8.400000000000000000e+02 -1.673742645785604850e+02
8.500000000000000000e+02 1.739817857593476731e+02
8.600000000000000000e+02 1.729343616140690187e+02
8.700000000000000000e+02 -1.711392275461446673e+02
8.800000000000000000e+02 -1.747296102735524528e+02
8.900000000000000000e+02 -1.743581617349691442e+02
9.000000000000000000e+02 1.797030558226265384e+02
9.100000000000000000e+02 -1.674891999122637571e+02
9.200000000000000000e+02 -1.677655947526348541e+02
9.300000000000000000e+02 -1.744741856884831179e+02
9.400000000000000000e+02 -1.733594390022765879e+02
9.500000000000000000e+02 -1.668294390111705923e+02
9.600000000000000000e+02 -1.654513609223219532e+02
9.700000000000000000e+02 1.776855568344118694e+02
9.800000000000000000e+02 -1.775066794107720227e+02
9.900000000000000000e+02 -1.774535089273838651e+02
1.000000000000000000e+03 -1.734791298856794413e+02
1.010000000000000000e+03 -1.702540077526675475e+02
1.020000000000000000e+03 -1.648553129280473399e+02
1.030000000000000000e+03 1.795942511373311845e+02
1.040000000000000000e+03 -1.716370132785543206e+02
1.050000000000000000e+03 1.792685819265788041e+02
1.060000000000000000e+03 1.794800606487616221e+02
1.070000000000000000e+03 1.733433388882334327e+02
1.080000000000000000e+03 -1.727855644746735777e+02
1.090000000000000000e+03 -1.709862478148447167e+02
1.100000000000000000e+03 -1.751893516083654276e+02
1.110000000000000000e+03 -1.693688452549699264e+02
1.120000000000000000e+03 -1.669736524882050333e+02
1.130000000000000000e+03 -1.676408045448553423e+02
1.140000000000000000e+03 1.775937116998524061e+02
1.150000000000000000e+03 -1.791948995541249872e+02
1.160000000000000000e+03 1.788390354675692322e+02
1.170000000000000000e+03 -1.692404454130811189e+02
1.180000000000000000e+03 1.778347550442639431e+02
1.190000000000000000e+03 1.741197539964151986e+02
1.200000000000000000e+03 -1.687787560217646785e+02
1.210000000000000000e+03 1.744661642793512897e+02
1.220000000000000000e+03 -1.712298121735548193e+02
1.230000000000000000e+03 1.795999234195029715e+02
1.240000000000000000e+03 1.703534732259022348e+02
1.250000000000000000e+03 -1.583662794192931926e+02
1.260000000000000000e+03 1.799592252528294978e+02
1.270000000000000000e+03 -1.746158208554394662e+02
1.280000000000000000e+03 -1.687290232851473206e+02
1.290000000000000000e+03 -1.648401868422558891e+02
1.300000000000000000e+03 -1.678615078875397728e+02
1.310000000000000000e+03 1.755988445445454147e+02
1.320000000000000000e+03 -1.708048493769063043e+02
1.330000000000000000e+03 1.772103456391303666e+02
1.340000000000000000e+03 -1.729312676419753245e+02
1.350000000000000000e+03 1.785841838402950543e+02
1.360000000000000000e+03 -1.653767045216164036e+02
1.370000000000000000e+03 1.580966454809046411e+02
1.380000000000000000e+03 -1.794201865591704461e+02
1.390000000000000000e+03 -1.784089733465440588e+02
1.400000000000000000e+03 -1.788151431275122718e+02
1.410000000000000000e+03 -1.706997689172793287e+02
1.420000000000000000e+03 -1.663986893407912646e+02
1.430000000000000000e+03 -1.759124816416000385e+02
1.440000000000000000e+03 1.715635027934390280e+02
1.450000000000000000e+03 -1.767711161933830795e+02
1.460000000000000000e+03 -1.789266980102242712e+02
1.470000000000000000e+03 -1.705423201151773753e+02
1.480000000000000000e+03 -1.729662753632578358e+02
1.490000000000000000e+03 -1.679224705969416789e+02
1.500000000000000000e+03 -1.790147043275563590e+02
1.510000000000000000e+03 -1.725859459788499635e+02
1.520000000000000000e+03 -1.721587486468004329e+02
1.530000000000000000e+03 -1.766588164655374271e+02
1.540000000000000000e+03 -1.744542467572125872e+02
1.550000000000000000e+03 -1.794584601398851760e+02
1.560000000000000000e+03 1.766278194488208442e+02
1.570000000000000000e+03 -1.737225223570509911e+02
1.580000000000000000e+03 -1.782005313006754648e+02
1.590000000000000000e+03 -1.734087133726578429e+02
1.600000000000000000e+03 -1.715137127610421430e+02
1.610000000000000000e+03 -1.680712104405576497e+02
1.620000000000000000e+03 1.794914625088847231e+02
1.630000000000000000e+03 1.764605730684221783e+02
1.640000000000000000e+03 -1.799188317282727780e+02
1.650000000000000000e+03 -1.763108591965545031e+02
1.660000000000000000e+03 -1.599914742051817882e+02
1.670000000000000000e+03 -1.651517039954685231e+02
1.680000000000000000e+03 1.713923030042539324e+02
1.690000000000000000e+03 1.749426359817820753e+02
1.700000000000000000e+03 -1.733114251390446441e+02
1.710000000000000000e+03 -1.687494778784335097e+02
1.720000000000000000e+03 -1.701245765867474802e+02
1.730000000000000000e+03 -1.782891678715822081e+02
1.740000000000000000e+03 1.756292686034668691e+02
1.750000000000000000e+03 -1.635191180540227549e+02
1.760000000000000000e+03 -1.734354705016904461e+02
1.770000000000000000e+03 -1.767083200190367336e+02
1.780000000000000000e+03 -1.770047683822374438e+02
1.790000000000000000e+03 -1.568871888711630049e+02
1.800000000000000000e+03 -1.796773873134046653e+02
1.810000000000000000e+03 1.761094645315660046e+02
1.820000000000000000e+03 -1.701345460523827455e+02
1.830000000000000000e+03 -1.686886297605906009e+02
1.840000000000000000e+03 -1.722643447684430384e+02
1.850000000000000000e+03 -1.753832405262376710e+02
1.860000000000000000e+03 -1.766935950037018870e+02
1.870000000000000000e+03 -1.737259601038217909e+02
1.880000000000000000e+03 -1.756881686648063123e+02
1.890000000000000000e+03 1.771771140870127965e+02
1.900000000000000000e+03 -1.700769637939721122e+02
1.910000000000000000e+03 -1.706381186585232399e+02
1.920000000000000000e+03 -1.658751205076007125e+02
1.930000000000000000e+03 -1.698030899678995809e+02
1.940000000000000000e+03 1.750047446067742669e+02
1.950000000000000000e+03 1.763990374012251152e+02
1.960000000000000000e+03 -1.690577291722138682e+02
1.970000000000000000e+03 -1.703656199311589887e+02
1.980000000000000000e+03 -1.794789147331713366e+02
1.990000000000000000e+03 -1.689158648221394969e+02
2.000000000000000000e+03 -1.764944921698939311e+02
2.010000000000000000e+03 -1.585518031533565591e+02
2.020000000000000000e+03 -1.705126981971691009e+02
2.030000000000000000e+03 -1.613406752211558626e+02
2.040000000000000000e+03 -1.684828806163591253e+02
2.050000000000000000e+03 -1.740454413703867260e+02
2.060000000000000000e+03 -1.721900894381940930e+02
2.070000000000000000e+03 1.756752198186363501e+02
2.080000000000000000e+03 -1.786360365207544021e+02
2.090000000000000000e+03 -1.715499236936944385e+02
2.100000000000000000e+03 -1.793496554545898221e+02
2.110000000000000000e+03 1.790391123296289209e+02
2.120000000000000000e+03 1.759487498700318042e+02
2.130000000000000000e+03 1.766793856503826419e+02
2.140000000000000000e+03 -1.687119491428524327e+02
2.150000000000000000e+03 -1.752789049117443767e+02
2.160000000000000000e+03 1.795397628510142454e+02
2.170000000000000000e+03 1.784744051267479961e+02
2.180000000000000000e+03 -1.736912388614368297e+02
2.190000000000000000e+03 -1.790009533404732167e+02
2.200000000000000000e+03 -1.741351665611042279e+02
2.210000000000000000e+03 1.681697591813201313e+02
2.220000000000000000e+03 -1.724428784174058080e+02
2.230000000000000000e+03 1.766457530278084676e+02
2.240000000000000000e+03 -1.734669258846431319e+02
2.250000000000000000e+03 -1.721226523057071915e+02
2.260000000000000000e+03 -1.759084709370341102e+02
2.270000000000000000e+03 -1.718821819190907831e+02
2.280000000000000000e+03 1.729127611051926010e+02
2.290000000000000000e+03 -1.693340094210259679e+02
2.300000000000000000e+03 1.796247897878116646e+02
2.310000000000000000e+03 -1.792484138121902220e+02
2.320000000000000000e+03 -1.740819960777160702e+02
2.330000000000000000e+03 1.759509844054328198e+02
2.340000000000000000e+03 -1.667017840144154661e+02
2.350000000000000000e+03 -1.727955912360883701e+02
2.360000000000000000e+03 -1.766376170271176136e+02
2.370000000000000000e+03 -1.753394092549101799e+02
2.380000000000000000e+03 1.798473838912199767e+02
2.390000000000000000e+03 -1.752397718943369398e+02
2.400000000000000000e+03 -1.767364522467776737e+02
2.410000000000000000e+03 -1.690843144139079470e+02
2.420000000000000000e+03 1.751019755446079671e+02
2.430000000000000000e+03 -1.608031835135436154e+02
2.440000000000000000e+03 1.773150823240802936e+02
2.450000000000000000e+03 -1.769703909145295597e+02
2.460000000000000000e+03 -1.683386671393246843e+02
2.470000000000000000e+03 1.775275350745147875e+02
2.480000000000000000e+03 -1.796492550856637251e+02
2.490000000000000000e+03 -1.746821693681156091e+02
2.500000000000000000e+03 1.779794268875344585e+02
2.510000000000000000e+03 -1.726159689673148421e+02
2.520000000000000000e+03 -1.759458277852766344e+02
2.530000000000000000e+03 -1.708772712422108384e+02
2.540000000000000000e+03 -1.726756138737879667e+02
2.550000000000000000e+03 1.717500578515336258e+02
2.560000000000000000e+03 -1.718958756103944268e+02
2.570000000000000000e+03 -1.706380040669642142e+02
2.580000000000000000e+03 1.724856783647020961e+02
2.590000000000000000e+03 -1.748596143972676202e+02
2.600000000000000000e+03 -1.793829443024869192e+02
2.610000000000000000e+03 1.760102282414493402e+02
2.620000000000000000e+03 -1.751766319453134884e+02
2.630000000000000000e+03 -1.653593439004239372e+02
2.640000000000000000e+03 -1.660152659842896981e+02
2.650000000000000000e+03 -1.732940072220726506e+02
2.660000000000000000e+03 -1.713197665473903726e+02
2.670000000000000000e+03 -1.770565064711377374e+02
2.680000000000000000e+03 -1.630340519846649840e+02
2.690000000000000000e+03 1.788083822255297548e+02
2.700000000000000000e+03 -1.695726463426979649e+02
2.710000000000000000e+03 -1.716432012227417090e+02
2.720000000000000000e+03 -1.719469261499405945e+02
2.730000000000000000e+03 -1.746175970246043505e+02
2.740000000000000000e+03 -1.638257650659767819e+02
2.750000000000000000e+03 -1.690556665241514338e+02
2.760000000000000000e+03 -1.756022249955366874e+02
2.770000000000000000e+03 -1.753301846344085675e+02
2.780000000000000000e+03 -1.700262570291030215e+02
2.790000000000000000e+03 -1.778816229919056582e+02
2.800000000000000000e+03 -1.713397627744404303e+02
2.810000000000000000e+03 1.753305857048651717e+02
2.820000000000000000e+03 -1.739303341493449580e+02
2.830000000000000000e+03 1.770286034265148771e+02
2.840000000000000000e+03 -1.757017477645509302e+02
2.850000000000000000e+03 -1.565954387618823773e+02
2.860000000000000000e+03 -1.773894522458882648e+02
2.870000000000000000e+03 -1.722601621765385858e+02
2.880000000000000000e+03 -1.757455790358784213e+02
2.890000000000000000e+03 -1.702774990222679037e+02
2.900000000000000000e+03 -1.759440516161117500e+02
2.910000000000000000e+03 -1.634627963027614044e+02
2.920000000000000000e+03 1.704193060765627763e+02
2.930000000000000000e+03 -1.702484500620547578e+02
2.940000000000000000e+03 -1.655454978880619592e+02
2.950000000000000000e+03 -1.658123243332543666e+02
2.960000000000000000e+03 1.779526697585018553e+02
2.970000000000000000e+03 -1.755129581710553168e+02
2.980000000000000000e+03 -1.763597897922586810e+02
2.990000000000000000e+03 1.720178010291982389e+02
3.000000000000000000e+03 1.788527291588728758e+02
3.010000000000000000e+03 -1.785248254127195082e+02
3.020000000000000000e+03 1.787801354062298174e+02
3.030000000000000000e+03 1.771088748136127151e+02
3.040000000000000000e+03 -1.623628892234487466e+02
3.050000000000000000e+03 1.720090347749327577e+02
3.060000000000000000e+03 -1.654946765316338428e+02
3.070000000000000000e+03 -1.734921360276289022e+02
3.080000000000000000e+03 -1.755328398065463489e+02
3.090000000000000000e+03 -1.725913317821242288e+02
3.100000000000000000e+03 -1.781100612648243100e+02
3.110000000000000000e+03 -1.733600119600717164e+02
3.120000000000000000e+03 -1.772124655829723565e+02
3.130000000000000000e+03 -1.730484948068590825e+02
3.140000000000000000e+03 -1.644371683291608690e+02
3.150000000000000000e+03 -1.706287221506830747e+02
3.160000000000000000e+03 -1.644810568962678872e+02
3.170000000000000000e+03 -1.687439201878207200e+02
3.180000000000000000e+03 -1.771024576863072468e+02
3.190000000000000000e+03 -1.570397675320063513e+02
3.200000000000000000e+03 -1.759862213098333541e+02
3.210000000000000000e+03 -1.648690066193509836e+02
3.220000000000000000e+03 -1.749562150815266648e+02
3.230000000000000000e+03 -1.718949015821426940e+02
3.240000000000000000e+03 1.775668399792607772e+02
3.250000000000000000e+03 -1.647881049786784899e+02
3.260000000000000000e+03 -1.647886206406941199e+02
3.270000000000000000e+03 1.785877934744043785e+02
3.280000000000000000e+03 -1.649716806562384193e+02
3.290000000000000000e+03 1.781865511304742711e+02
3.300000000000000000e+03 -1.784986985372615322e+02
3.310000000000000000e+03 -1.740738027812457176e+02
3.320000000000000000e+03 -1.736908377909802823e+02
3.330000000000000000e+03 -1.765759094725820262e+02
3.340000000000000000e+03 -1.698227997160520601e+02
3.350000000000000000e+03 -1.594373094257312573e+02
3.360000000000000000e+03 -1.718906616944587427e+02
3.370000000000000000e+03 1.747159738780283362e+02
3.380000000000000000e+03 -1.748785220045069480e+02
3.390000000000000000e+03 -1.629688493875790982e+02
3.400000000000000000e+03 1.725267594386129701e+02
3.410000000000000000e+03 -1.672502192159146830e+02
3.420000000000000000e+03 -1.767243055415208914e+02
3.430000000000000000e+03 -1.741545325345796300e+02
3.440000000000000000e+03 -1.664976391520103505e+02
3.450000000000000000e+03 -1.769504519832590290e+02
3.460000000000000000e+03 -1.677893152053532617e+02
3.470000000000000000e+03 -1.647477114541217702e+02
3.480000000000000000e+03 -1.717316659063099280e+02
3.490000000000000000e+03 -1.625570646202185685e+02
3.500000000000000000e+03 -1.679159388780771849e+02
3.510000000000000000e+03 -1.599702174709824192e+02
3.520000000000000000e+03 -1.710111141831534098e+02
3.530000000000000000e+03 -1.724071831467691709e+02
3.540000000000000000e+03 -1.738539588752539942e+02
3.550000000000000000e+03 -1.701525942229293946e+02
3.560000000000000000e+03 -1.767810856590183448e+02
3.570000000000000000e+03 -1.744125927255065562e+02
3.580000000000000000e+03 -1.726845520153920006e+02
3.590000000000000000e+03 -1.723346466899056111e+02
3.600000000000000000e+03 -1.716549468575419155e+02
3.610000000000000000e+03 1.799889044666172992e+02
3.620000000000000000e+03 1.758229856340005881e+02
3.630000000000000000e+03 -1.735767618939697172e+02
3.640000000000000000e+03 1.799878158468065408e+02
3.650000000000000000e+03 -1.706192110512839122e+02
3.660000000000000000e+03 1.798681822591832429e+02
3.670000000000000000e+03 1.788918048805007857e+02
3.680000000000000000e+03 -1.708525767612406980e+02
3.690000000000000000e+03 -1.783289311425642722e+02
3.700000000000000000e+03 -1.757935928991103651e+02
3.710000000000000000e+03 -1.678129783622921707e+02
3.720000000000000000e+03 -1.775735435854637956e+02
3.730000000000000000e+03 -1.774445134900003325e+02
3.740000000000000000e+03 -1.733762839614534528e+02
3.750000000000000000e+03 1.784365326164898420e+02
3.760000000000000000e+03 1.777588381364091106e+02
3.770000000000000000e+03 -1.789670915347809910e+02
3.780000000000000000e+03 -1.780039494811660745e+02
3.790000000000000000e+03 -1.720027895349658422e+02
3.800000000000000000e+03 -1.620752071145135744e+02
3.810000000000000000e+03 -1.725564959481802703e+02
3.820000000000000000e+03 -1.745764013591344792e+02
3.830000000000000000e+03 -1.777409618532010143e+02
3.840000000000000000e+03 -1.780091633971017586e+02
3.850000000000000000e+03 -1.721302726443824156e+02
3.860000000000000000e+03 1.773722635120343512e+02
3.870000000000000000e+03 -1.622268690428846867e+02
3.880000000000000000e+03 -1.783621053989023437e+02
3.890000000000000000e+03 -1.716811310287793901e+02
3.900000000000000000e+03 -1.744039983585795994e+02
3.910000000000000000e+03 -1.762396978383992234e+02
3.920000000000000000e+03 -1.713058436729686775e+02
3.930000000000000000e+03 -1.784756083381177802e+02
3.940000000000000000e+03 1.784125256848738559e+02
3.950000000000000000e+03 -1.710844527809301496e+02
3.960000000000000000e+03 -1.749885299011720576e+02
3.970000000000000000e+03 1.737208034836656054e+02
3.980000000000000000e+03 -1.678564658589425846e+02
3.990000000000000000e+03 1.783583811732340223e+02
4.000000000000000000e+03 -1.749350729388863499e+02
4.010000000000000000e+03 1.720253067763144657e+02
4.020000000000000000e+03 -1.676389710799109309e+02
4.030000000000000000e+03 -1.763209432537487942e+02
4.040000000000000000e+03 -1.762170087097120472e+02
4.050000000000000000e+03 -1.738686838905888692e+02
4.060000000000000000e+03 -1.625703572410656079e+02
4.070000000000000000e+03 -1.775985818411110131e+02
4.080000000000000000e+03 -1.679468785990142408e+02
4.090000000000000000e+03 1.744584293491170399e+02
4.100000000000000000e+03 -1.725800445135601535e+02
4.110000000000000000e+03 -1.725339214110520913e+02
4.120000000000000000e+03 -1.714298317398350093e+02
4.130000000000000000e+03 -1.784451842791963259e+02
4.140000000000000000e+03 -1.718429343101243205e+02
4.150000000000000000e+03 -1.700632701026684686e+02
4.160000000000000000e+03 1.782896835335978096e+02
4.170000000000000000e+03 -1.740998723609241665e+02
4.180000000000000000e+03 1.771116250110293322e+02
4.190000000000000000e+03 -1.730228262976372378e+02
4.200000000000000000e+03 -1.734329494873918804e+02
4.210000000000000000e+03 -1.626379662608910621e+02
4.220000000000000000e+03 -1.663677496198541803e+02
4.230000000000000000e+03 -1.707924734885314990e+02
4.240000000000000000e+03 -1.745838498104711789e+02
4.250000000000000000e+03 -1.752012118347246030e+02
4.260000000000000000e+03 1.753378622688633470e+02
4.270000000000000000e+03 -1.707174160173693451e+02
4.280000000000000000e+03 1.786162121810428687e+02
4.290000000000000000e+03 -1.684332624713007931e+02
4.300000000000000000e+03 -1.738951545407239223e+02
4.310000000000000000e+03 -1.763392779031929649e+02
4.320000000000000000e+03 1.744438762211207177e+02
4.330000000000000000e+03 -1.710124319860821913e+02
4.340000000000000000e+03 1.734850313509692796e+02
4.350000000000000000e+03 -1.779007024864835103e+02
4.360000000000000000e+03 1.721439663356860592e+02
4.370000000000000000e+03 1.692319083419336323e+02
4.380000000000000000e+03 -1.779404657574655744e+02
4.390000000000000000e+03 1.714068561322502831e+02
4.400000000000000000e+03 -1.776060302924477128e+02
4.410000000000000000e+03 -1.750982513189396172e+02
4.420000000000000000e+03 -1.786763154537520961e+02
4.430000000000000000e+03 1.794091857695039209e+02
4.440000000000000000e+03 1.761273981105535995e+02
4.450000000000000000e+03 -1.797919788724308319e+02
4.460000000000000000e+03 -1.719289352751734441e+02
4.470000000000000000e+03 -1.769634008294289913e+02
4.480000000000000000e+03 -1.728293384502215417e+02
4.490000000000000000e+03 -1.707964841930973989e+02
4.500000000000000000e+03 -1.709201857810661522e+02
4.510000000000000000e+03 -1.744870199430940545e+02
4.520000000000000000e+03 -1.644905106998875510e+02
4.530000000000000000e+03 -1.722614226836878970e+02
4.540000000000000000e+03 -1.606708302628684066e+02
4.550000000000000000e+03 1.752995886881485887e+02
4.560000000000000000e+03 -1.789477828570850875e+02
4.570000000000000000e+03 -1.762672571083450350e+02
4.580000000000000000e+03 1.576040736644307003e+02
4.590000000000000000e+03 1.740036727471216977e+02
4.600000000000000000e+03 -1.745218557770379846e+02
4.610000000000000000e+03 -1.774050939936953171e+02
4.620000000000000000e+03 1.788448223413000733e+02
4.630000000000000000e+03 -1.687629996823985721e+02
4.640000000000000000e+03 1.700386902132573539e+02
4.650000000000000000e+03 -1.654556008100059046e+02
4.660000000000000000e+03 1.715609817791404623e+02
4.670000000000000000e+03 -1.745784640071969136e+02
4.680000000000000000e+03 1.737538631484446512e+02
4.690000000000000000e+03 -1.739836765200716400e+02
4.700000000000000000e+03 1.730860235424401594e+02
4.710000000000000000e+03 1.786817585528058316e+02
4.720000000000000000e+03 -1.767927739980390243e+02
4.730000000000000000e+03 -1.619215971296389966e+02
4.740000000000000000e+03 -1.577496622401734214e+02
4.750000000000000000e+03 -1.658244710385111205e+02
4.760000000000000000e+03 -1.646716226589284133e+02
4.770000000000000000e+03 1.753196995067576722e+02
4.780000000000000000e+03 -1.689586647694357850e+02
4.790000000000000000e+03 1.691066597679180745e+02
4.800000000000000000e+03 -1.647940064439683567e+02
4.810000000000000000e+03 -1.648371501659416936e+02
4.820000000000000000e+03 -1.672273581998889540e+02
4.830000000000000000e+03 -1.673042491359955193e+02
4.840000000000000000e+03 -1.774769429012047510e+02
4.850000000000000000e+03 -1.658823397758193323e+02
4.860000000000000000e+03 1.762902327159297897e+02
4.870000000000000000e+03 1.788293524808315169e+02
4.880000000000000000e+03 -1.797455119952457210e+02
4.890000000000000000e+03 -1.732662760647883147e+02
4.900000000000000000e+03 -1.746428644633696479e+02
4.910000000000000000e+03 1.736650546901993550e+02
4.920000000000000000e+03 1.745399039475846337e+02
4.930000000000000000e+03 1.763891825271488756e+02
4.940000000000000000e+03 1.694046551171656176e+02
4.950000000000000000e+03 1.783234307477310381e+02
4.960000000000000000e+03 -1.718703789885110780e+02
4.970000000000000000e+03 1.756217055605711153e+02
4.980000000000000000e+03 1.773137645211514837e+02
4.990000000000000000e+03 1.717070860168988133e+02
5.000000000000000000e+03 -1.724178401617586189e+02
5.010000000000000000e+03 -1.750693742460650242e+02
5.020000000000000000e+03 -1.615965008766817448e+02
5.030000000000000000e+03 1.760599609780666981e+02
5.040000000000000000e+03 -1.719889812521031729e+02
5.050000000000000000e+03 1.790478212881149034e+02
5.060000000000000000e+03 -1.731680710987028817e+02
5.070000000000000000e+03 -1.722147266233847347e+02
5.080000000000000000e+03 -1.780864554036648997e+02
5.090000000000000000e+03 -1.713283036185378307e+02
5.100000000000000000e+03 1.769716514216788710e+02
5.110000000000000000e+03 -1.549071613227498858e+02
5.120000000000000000e+03 -1.666945647461967894e+02
5.130000000000000000e+03 -1.799966966926310761e+02
5.140000000000000000e+03 -1.776340479286296272e+02
5.150000000000000000e+03 1.747869633488450347e+02
5.160000000000000000e+03 -1.712070084533086174e+02
5.170000000000000000e+03 -1.576748339521293474e+02
5.180000000000000000e+03 -1.774471490958579238e+02
5.190000000000000000e+03 -1.777524210091036423e+02
5.200000000000000000e+03 1.797278075993761774e+02
5.210000000000000000e+03 1.775281653280894147e+02
5.220000000000000000e+03 1.778716535262703644e+02
5.230000000000000000e+03 -1.716160430232525016e+02
5.240000000000000000e+03 -1.703905435952472089e+02
5.250000000000000000e+03 1.785432173579432060e+02
5.260000000000000000e+03 -1.725116333528214909e+02
5.270000000000000000e+03 -1.795956835318190201e+02
5.280000000000000000e+03 1.792968860416582970e+02
5.290000000000000000e+03 -1.717895919393976385e+02
5.300000000000000000e+03 -1.620185988843546454e+02
5.310000000000000000e+03 1.751031787559777513e+02
5.320000000000000000e+03 -1.719370139800847994e+02
5.330000000000000000e+03 -1.765233692427684957e+02
5.340000000000000000e+03 -1.734944278588094164e+02
5.350000000000000000e+03 -1.718334805065046851e+02
5.360000000000000000e+03 -1.594420076796513399e+02
5.370000000000000000e+03 1.720902228945027730e+02
5.380000000000000000e+03 -1.689774577851160586e+02
5.390000000000000000e+03 -1.747089264971482407e+02
5.400000000000000000e+03 -1.787940582806514840e+02
5.410000000000000000e+03 -1.653836946067169720e+02
5.420000000000000000e+03 -1.726776765218504295e+02
5.430000000000000000e+03 -1.782473419525376528e+02
5.440000000000000000e+03 -1.756576873101053593e+02
5.450000000000000000e+03 1.764178877126849443e+02
5.460000000000000000e+03 -1.695951062882670897e+02
5.470000000000000000e+03 1.749261920930618146e+02
5.480000000000000000e+03 -1.707220569755099007e+02
5.490000000000000000e+03 -1.727401289215196698e+02
5.500000000000000000e+03 -1.675676378344171553e+02
5.510000000000000000e+03 1.791816642290574748e+02
5.520000000000000000e+03 -1.730182426352761809e+02
5.530000000000000000e+03 -1.663572644922032850e+02
5.540000000000000000e+03 -1.714184298797119084e+02
5.550000000000000000e+03 -1.775575580629796377e+02
5.560000000000000000e+03 -1.750324184682791042e+02
5.570000000000000000e+03 1.712149152708814484e+02
5.580000000000000000e+03 -1.702235836937460931e+02
5.590000000000000000e+03 -1.752380530209515257e+02
5.600000000000000000e+03 1.683989422993724645e+02
5.610000000000000000e+03 1.752657268824563630e+02
5.620000000000000000e+03 1.764884188172655399e+02
5.630000000000000000e+03 -1.667438391165780729e+02
5.640000000000000000e+03 -1.662001021689989102e+02
5.650000000000000000e+03 1.749171393598987549e+02
5.660000000000000000e+03 -1.729576809963308506e+02
5.670000000000000000e+03 1.776632687761812690e+02
5.680000000000000000e+03 -1.786573505507332698e+02
5.690000000000000000e+03 -1.684239805550196820e+02
5.700000000000000000e+03 1.793906792327211974e+02
5.710000000000000000e+03 -1.709800025748777728e+02
5.720000000000000000e+03 -1.759296130796744535e+02
5.730000000000000000e+03 -1.734720252090198187e+02
5.740000000000000000e+03 -1.758548420874098781e+02
5.750000000000000000e+03 1.733152639562720196e+02
5.760000000000000000e+03 1.771625036632369472e+02
5.770000000000000000e+03 -1.755646389641761118e+02
5.780000000000000000e+03 -1.752893327436157449e+02
5.790000000000000000e+03 -1.787615715736675668e+02
5.800000000000000000e+03 -1.724847616322298620e+02
5.810000000000000000e+03 1.778049612389171443e+02
5.820000000000000000e+03 1.764878458594703829e+02
5.830000000000000000e+03 -1.795650302897795143e+02
5.840000000000000000e+03 1.775380774979452099e+02
5.850000000000000000e+03 1.755542111323047152e+02
5.860000000000000000e+03 -1.740985545579953566e+02
5.870000000000000000e+03 1.794985671855443456e+02
5.880000000000000000e+03 -1.677012515922416469e+02
5.890000000000000000e+03 -1.715842438656227671e+02
5.900000000000000000e+03 -1.737070524965824632e+02
5.910000000000000000e+03 1.791624701429205970e+02
5.920000000000000000e+03 -1.586858752774171819e+02
5.930000000000000000e+03 1.790225538493496629e+02
5.940000000000000000e+03 -1.736055243752852846e+02
5.950000000000000000e+03 -1.767173154564202946e+02
5.960000000000000000e+03 -1.706354830526656201e+02
5.970000000000000000e+03 -1.751654592683084672e+02
5.980000000000000000e+03 -1.757747998834300915e+02
5.990000000000000000e+03 -1.696273065163534284e+02
6.000000000000000000e+03 -1.792034939210519724e+02
6.010000000000000000e+03 -1.695966532743139510e+02
6.020000000000000000e+03 1.797082124427826955e+02
6.030000000000000000e+03 1.778345831569253903e+02
6.040000000000000000e+03 -1.713845107782401556e+02
6.050000000000000000e+03 -1.788460255526698575e+02
6.060000000000000000e+03 1.777562025305515192e+02
6.070000000000000000e+03 -1.785848140938697100e+02
6.080000000000000000e+03 1.780190755669575253e+02
6.090000000000000000e+03 -1.643106019522164729e+02
6.100000000000000000e+03 1.740636614282718710e+02
6.110000000000000000e+03 1.757499908109009255e+02
6.120000000000000000e+03 1.742494143454532889e+02
6.130000000000000000e+03 -1.733105084065724100e+02
6.140000000000000000e+03 -1.747017645247090911e+02
6.150000000000000000e+03 1.629501709634578503e+02
6.160000000000000000e+03 -1.758221834930874081e+02
6.170000000000000000e+03 1.766869486932783673e+02
6.180000000000000000e+03 -1.718129113216594703e+02
6.190000000000000000e+03 -1.593023778649779558e+02
6.200000000000000000e+03 -1.783600427508398809e+02
6.210000000000000000e+03 1.796431244372558353e+02
6.220000000000000000e+03 -1.763408248892398262e+02
6.230000000000000000e+03 -1.785616665989464309e+02
6.240000000000000000e+03 -1.701940763672968444e+02
6.250000000000000000e+03 1.759988263813262392e+02
6.260000000000000000e+03 -1.670366205498899035e+02
6.270000000000000000e+03 -1.720347032841546024e+02
6.280000000000000000e+03 -1.670103790828729018e+02
6.290000000000000000e+03 -1.762987124912977208e+02
6.300000000000000000e+03 1.744387768967440309e+02
6.310000000000000000e+03 -1.703008757003092342e+02
6.320000000000000000e+03 -1.712396670476310874e+02
6.330000000000000000e+03 -1.720679348362722010e+02
6.340000000000000000e+03 -1.720529233420397759e+02
6.350000000000000000e+03 -1.790682185856215654e+02
6.360000000000000000e+03 -1.784726289575830833e+02
6.370000000000000000e+03 -1.743092311392649378e+02
6.380000000000000000e+03 1.753033129138169102e+02
6.390000000000000000e+03 -1.636533047696423750e+02
6.400000000000000000e+03 1.798826207956205110e+02
6.410000000000000000e+03 -1.742896932784510113e+02
6.420000000000000000e+03 -1.621109596809297386e+02
6.430000000000000000e+03 -1.743908203292915857e+02
6.440000000000000000e+03 -1.714277690917725465e+02
6.450000000000000000e+03 -1.716000002049888451e+02
6.460000000000000000e+03 -1.688884774395322381e+02
6.470000000000000000e+03 -1.705858649076073164e+02
6.480000000000000000e+03 -1.798790111615112153e+02
6.490000000000000000e+03 1.758744372440033317e+02
6.500000000000000000e+03 -1.711004383034143075e+02
6.510000000000000000e+03 -1.776472259579176125e+02
6.520000000000000000e+03 -1.717832894036512243e+02
6.530000000000000000e+03 -1.792750563496637994e+02
6.540000000000000000e+03 1.785342792163391437e+02
6.550000000000000000e+03 -1.604472621312083618e+02
6.560000000000000000e+03 1.774014270638065227e+02
6.570000000000000000e+03 -1.797594348696674160e+02
6.580000000000000000e+03 -1.739561745459053554e+02
6.590000000000000000e+03 -1.782220745137723554e+02
6.600000000000000000e+03 -1.787751506734121563e+02
6.610000000000000000e+03 -1.782219599222133581e+02
6.620000000000000000e+03 -1.750652489499400701e+02
6.630000000000000000e+03 -1.793841475138567318e+02
6.640000000000000000e+03 -1.700398361288476110e+02
6.650000000000000000e+03 1.691714039987678575e+02
6.660000000000000000e+03 -1.746433801253852494e+02
6.670000000000000000e+03 -1.708754950730459541e+02
6.680000000000000000e+03 -1.688979885389314006e+02
6.690000000000000000e+03 1.762453701205710388e+02
6.700000000000000000e+03 -1.717143625808969603e+02
6.710000000000000000e+03 -1.687271325244233822e+02
6.720000000000000000e+03 1.788506665108103846e+02
6.730000000000000000e+03 -1.788063768732467906e+02
6.740000000000000000e+03 1.724376072056905969e+02
6.750000000000000000e+03 -1.727083297638899353e+02
6.760000000000000000e+03 1.684519981912015680e+02
6.770000000000000000e+03 -1.757714194324388188e+02
6.780000000000000000e+03 -1.710902396546609623e+02
6.790000000000000000e+03 -1.785689431629445778e+02
6.800000000000000000e+03 -1.765550538088392329e+02
6.810000000000000000e+03 -1.796577921568111833e+02
6.820000000000000000e+03 1.740160486354965030e+02
6.830000000000000000e+03 1.787551544463620985e+02
6.840000000000000000e+03 1.773553039612984605e+02
6.850000000000000000e+03 -1.774307625029171902e+02
6.860000000000000000e+03 -1.656444476992810166e+02
6.870000000000000000e+03 -1.797710086171290413e+02
6.880000000000000000e+03 -1.686721858718703402e+02
6.890000000000000000e+03 1.794249994046495260e+02
6.900000000000000000e+03 -1.765160926787703488e+02
6.910000000000000000e+03 1.648464893780023317e+02
6.920000000000000000e+03 -1.796601985795507517e+02
6.930000000000000000e+03 1.771553416907977976e+02
6.940000000000000000e+03 1.794385785043941439e+02
6.950000000000000000e+03 -1.699018105960006153e+02
6.960000000000000000e+03 -1.724196736267030303e+02
6.970000000000000000e+03 1.785133662568168802e+02
6.980000000000000000e+03 -1.730240868047865206e+02
6.990000000000000000e+03 1.745966267693025884e+02
7.000000000000000000e+03 -1.791763930173422921e+02
7.010000000000000000e+03 -1.649511687671727600e+02
7.020000000000000000e+03 -1.795654886560156172e+02
7.030000000000000000e+03 -1.779089530787333899e+02
7.040000000000000000e+03 1.635265665053594546e+02
7.050000000000000000e+03 1.753536759040089521e+02
7.060000000000000000e+03 -1.659634133038303787e+02
7.070000000000000000e+03 -1.559059986470014678e+02
7.080000000000000000e+03 -1.798664633857978288e+02
7.090000000000000000e+03 1.780036630022684960e+02
7.100000000000000000e+03 -1.712448809635667715e+02
7.110000000000000000e+03 -1.735387747921525374e+02
7.120000000000000000e+03 -1.720895926409281458e+02
7.130000000000000000e+03 -1.765281247924681054e+02
7.140000000000000000e+03 -1.738942951040312153e+02
7.150000000000000000e+03 -1.666787511110511844e+02
7.160000000000000000e+03 -1.752038474405822228e+02
7.170000000000000000e+03 -1.685492864248147669e+02
7.180000000000000000e+03 1.731397669836234456e+02
7.190000000000000000e+03 -1.599203128470265369e+02
7.200000000000000000e+03 1.776085513067463069e+02
7.210000000000000000e+03 -1.779070050222299244e+02
7.220000000000000000e+03 -1.620733163537896360e+02
7.230000000000000000e+03 -1.717615170074362254e+02
7.240000000000000000e+03 -1.716905848323990540e+02
7.250000000000000000e+03 -1.770638976266949385e+02
7.260000000000000000e+03 1.762838155886243214e+02
7.270000000000000000e+03 1.794227075734690118e+02
7.280000000000000000e+03 -1.741735547333779834e+02
7.290000000000000000e+03 1.723248491116088701e+02
7.300000000000000000e+03 -1.658908768469667905e+02
7.310000000000000000e+03 1.743536926641671130e+02
7.320000000000000000e+03 -1.730961075996344789e+02
7.330000000000000000e+03 1.693859766930443413e+02
7.340000000000000000e+03 -1.715266043114326067e+02
7.350000000000000000e+03 1.783474949751264944e+02
7.360000000000000000e+03 -1.724862513224972247e+02
7.370000000000000000e+03 -1.778110345915455071e+02
7.380000000000000000e+03 1.651852793222631703e+02
7.390000000000000000e+03 -1.611310872596970114e+02
7.400000000000000000e+03 -1.686439390525704027e+02
7.410000000000000000e+03 -1.764593125612728954e+02
7.420000000000000000e+03 -1.742473516973908261e+02
7.430000000000000000e+03 -1.779791404086369084e+02
7.440000000000000000e+03 -1.781674716358963906e+02
7.450000000000000000e+03 -1.728056752932826612e+02
7.460000000000000000e+03 1.779452213071651556e+02
7.470000000000000000e+03 -1.781686175514866761e+02
7.480000000000000000e+03 1.735300658336665549e+02
7.490000000000000000e+03 -1.755141040866455739e+02
7.500000000000000000e+03 -1.748545150728909618e+02
7.510000000000000000e+03 -1.722958001513957242e+02
7.520000000000000000e+03 1.769458683208979721e+02
7.530000000000000000e+03 -1.702549244851397532e+02
7.540000000000000000e+03 1.750627279356415045e+02
7.550000000000000000e+03 1.790377945267001110e+02
7.560000000000000000e+03 -1.758946053583919422e+02
7.570000000000000000e+03 -1.798485298068102622e+02
7.580000000000000000e+03 -1.794313592361754957e+02
7.590000000000000000e+03 -1.677495519343711976e+02
7.600000000000000000e+03 1.650906839902870900e+02
7.610000000000000000e+03 1.686072697536820328e+02
7.620000000000000000e+03 1.651750806735098820e+02
7.630000000000000000e+03 1.672797838381434303e+02
7.640000000000000000e+03 -1.722288213851449257e+02
7.650000000000000000e+03 -1.637036677598344170e+02
7.660000000000000000e+03 1.628435435177840134e+02
7.670000000000000000e+03 1.756775689455963914e+02
7.680000000000000000e+03 -1.701932169306041658e+02
7.690000000000000000e+03 -1.766180218705241316e+02
7.700000000000000000e+03 -1.796969824699981473e+02
7.710000000000000000e+03 -1.704455475435797496e+02
7.720000000000000000e+03 -1.754443178271986312e+02
7.730000000000000000e+03 1.776384024078726043e+02
7.740000000000000000e+03 -1.769356696721446554e+02
7.750000000000000000e+03 -1.797410429244436898e+02
7.760000000000000000e+03 -1.766417996190220663e+02
7.770000000000000000e+03 -1.665354543664889775e+02
7.780000000000000000e+03 -1.755896772198233009e+02
7.790000000000000000e+03 -1.710700715402723802e+02
7.800000000000000000e+03 -1.789368966589776164e+02
7.810000000000000000e+03 1.784701652390640447e+02
7.820000000000000000e+03 -1.698094497994255221e+02
7.830000000000000000e+03 1.531425659053059860e+02
7.840000000000000000e+03 -1.772062203430054410e+02
7.850000000000000000e+03 -1.799930297627422533e+02
7.860000000000000000e+03 -1.702746915290717595e+02
7.870000000000000000e+03 -1.639800053044259869e+02
7.880000000000000000e+03 -1.668967042563189693e+02
7.890000000000000000e+03 -1.731446371248820526e+02
7.900000000000000000e+03 1.699205463159013902e+02
7.910000000000000000e+03 -1.688006430095387032e+02
7.920000000000000000e+03 -1.739598987715736769e+02
7.930000000000000000e+03 -1.708082298278975770e+02
7.940000000000000000e+03 1.772483327409475464e+02
7.950000000000000000e+03 -1.778204310993856723e+02
7.960000000000000000e+03 1.797550230946448835e+02
7.970000000000000000e+03 -1.753764796242551540e+02
7.980000000000000000e+03 1.691049981903121875e+02
7.990000000000000000e+03 -1.554593207499174810e+02
8.000000000000000000e+03 1.763459815093960117e+02
8.010000000000000000e+03 1.759494947151654856e+02
8.020000000000000000e+03 -1.771523623102631291e+02
8.030000000000000000e+03 -1.678388760546320952e+02
8.040000000000000000e+03 1.731637739152394317e+02
8.050000000000000000e+03 -1.742576076419236699e+02
8.060000000000000000e+03 1.791164043361920619e+02
8.070000000000000000e+03 1.796884453988506891e+02
8.080000000000000000e+03 -1.642965644862357806e+02
8.090000000000000000e+03 -1.784784158313138960e+02
8.100000000000000000e+03 -1.617776128357226071e+02
8.110000000000000000e+03 -1.719686985461555366e+02
8.120000000000000000e+03 -1.759898309439426782e+02
8.130000000000000000e+03 -1.680164929711226307e+02
8.140000000000000000e+03 -1.798053860848368970e+02
8.150000000000000000e+03 -1.741183216019273630e+02
8.160000000000000000e+03 -1.679953508284822874e+02
8.170000000000000000e+03 -1.778915924575409235e+02
8.180000000000000000e+03 -1.785707193321094906e+02
8.190000000000000000e+03 -1.776610342407802534e+02
8.200000000000000000e+03 1.696281086572666084e+02
8.210000000000000000e+03 -1.697563939075963901e+02
8.220000000000000000e+03 -1.767330145000068740e+02
8.230000000000000000e+03 1.770813728394464306e+02
8.240000000000000000e+03 -1.797888276045576106e+02
8.250000000000000000e+03 -1.669619641491843538e+02
8.260000000000000000e+03 -1.641380270643230972e+02
8.270000000000000000e+03 -1.678500487316371448e+02
8.280000000000000000e+03 1.732576244020818308e+02
8.290000000000000000e+03 -1.794997703969141014e+02
8.300000000000000000e+03 -1.774358045315143499e+02
8.310000000000000000e+03 -1.588264791203422703e+02
8.320000000000000000e+03 -1.778532042852671680e+02
8.330000000000000000e+03 1.707998073483091446e+02
8.340000000000000000e+03 -1.704982596607318044e+02
8.350000000000000000e+03 1.798656039491051501e+02
8.360000000000000000e+03 1.794086128117087924e+02
8.370000000000000000e+03 -1.679409198379448753e+02
8.380000000000000000e+03 -1.789875461280671516e+02
8.390000000000000000e+03 -1.726673059857585599e+02
8.400000000000000000e+03 -1.795910425736784646e+02
8.410000000000000000e+03 -1.717568187535161712e+02
8.420000000000000000e+03 -1.775035854386783285e+02
8.430000000000000000e+03 -1.643924776211406709e+02
8.440000000000000000e+03 -1.701410777712472395e+02
8.450000000000000000e+03 1.732614059235297077e+02
8.460000000000000000e+03 1.749143318667026108e+02
8.470000000000000000e+03 -1.786035498137704849e+02
8.480000000000000000e+03 -1.709028251598736574e+02
8.490000000000000000e+03 -1.768727016104597851e+02
8.500000000000000000e+03 1.739675191102489578e+02
8.510000000000000000e+03 -1.672097110997989091e+02
8.520000000000000000e+03 -1.720123579301445034e+02
8.530000000000000000e+03 -1.794563974918227132e+02
8.540000000000000000e+03 -1.770012733396871454e+02
8.550000000000000000e+03 -1.763514819042292459e+02
8.560000000000000000e+03 -1.750124222412290180e+02
8.570000000000000000e+03 1.760019203534199619e+02
8.580000000000000000e+03 -1.783929878240599010e+02
8.590000000000000000e+03 -1.612789103708407481e+02
8.600000000000000000e+03 -1.707049828332149843e+02
8.610000000000000000e+03 -1.744685707020908296e+02
8.620000000000000000e+03 -1.699990415338343155e+02
8.630000000000000000e+03 -1.720013571404780066e+02
8.640000000000000000e+03 -1.769911892824928259e+02
8.650000000000000000e+03 -1.791705488478319523e+02
8.660000000000000000e+03 -1.777371230359736387e+02
8.670000000000000000e+03 -1.711871841135970840e+02
8.680000000000000000e+03 -1.675145246468085247e+02
8.690000000000000000e+03 -1.784526327305330256e+02
8.700000000000000000e+03 -1.719603906581261583e+02
8.710000000000000000e+03 1.758031039985095560e+02
8.720000000000000000e+03 1.706087832194125440e+02
8.730000000000000000e+03 -1.735365975525310489e+02
8.740000000000000000e+03 -1.732615778108682605e+02
8.750000000000000000e+03 1.788336496642950237e+02
8.760000000000000000e+03 -1.701890916344792117e+02
8.770000000000000000e+03 -1.782454511918137143e+02
8.780000000000000000e+03 -1.757354949786841019e+02
8.790000000000000000e+03 1.739043218654460077e+02
8.800000000000000000e+03 -1.742903808278051656e+02
8.810000000000000000e+03 -1.742360071330472522e+02
8.820000000000000000e+03 -1.742017442568984222e+02
8.830000000000000000e+03 1.796644957630142301e+02
8.840000000000000000e+03 -1.658538064776218448e+02
8.850000000000000000e+03 1.792356368533587840e+02
8.860000000000000000e+03 1.779456223776217598e+02
8.870000000000000000e+03 1.773130196760178023e+02
8.880000000000000000e+03 -1.778105762253094326e+02
8.890000000000000000e+03 -1.719202836124669886e+02
8.900000000000000000e+03 1.650615777342944455e+02
8.910000000000000000e+03 1.748533691573007047e+02
8.920000000000000000e+03 -1.704772321096504868e+02
8.930000000000000000e+03 1.677191851712292703e+02
8.940000000000000000e+03 -1.595692616059498903e+02
8.950000000000000000e+03 1.786999786106910051e+02
8.960000000000000000e+03 1.796490259025456737e+02
8.970000000000000000e+03 1.671119644999496074e+02
8.980000000000000000e+03 -1.725853730210548349e+02
8.990000000000000000e+03 -1.728669817773616444e+02
9.000000000000000000e+03 1.754823049290158110e+02
9.010000000000000000e+03 -1.737392527246688303e+02
9.020000000000000000e+03 1.782934650550456581e+02
9.030000000000000000e+03 -1.685869297519548979e+02
9.040000000000000000e+03 1.792023480054616869e+02
9.050000000000000000e+03 -1.770671634861271855e+02
9.060000000000000000e+03 -1.777554576854178379e+02
9.070000000000000000e+03 -1.713685825515355248e+02
9.080000000000000000e+03 -1.790991010107791226e+02
9.090000000000000000e+03 1.709555372770257122e+02
9.100000000000000000e+03 1.690886688931509525e+02
9.110000000000000000e+03 -1.721449976597173190e+02
9.120000000000000000e+03 -1.735005585072173062e+02
9.130000000000000000e+03 1.644223860180464953e+02
9.140000000000000000e+03 -1.655896729340665274e+02
9.150000000000000000e+03 1.696537198707089544e+02
9.160000000000000000e+03 -1.651141179641079191e+02
9.170000000000000000e+03 -1.654233432861400672e+02
9.180000000000000000e+03 -1.728253277456556418e+02
9.190000000000000000e+03 -1.726265113907452360e+02
9.200000000000000000e+03 -1.740021830568543351e+02
9.210000000000000000e+03 -1.736346306312779291e+02
9.220000000000000000e+03 -1.728952858924411089e+02
9.230000000000000000e+03 1.721969649317356641e+02
9.240000000000000000e+03 -1.735997375015544719e+02
9.250000000000000000e+03 -1.786096804621783747e+02
9.260000000000000000e+03 1.752080300324866755e+02
9.270000000000000000e+03 -1.775768667406755696e+02
9.280000000000000000e+03 -1.721916937200204529e+02
9.290000000000000000e+03 1.741810604804942102e+02
9.300000000000000000e+03 -1.738539588752539942e+02
9.310000000000000000e+03 1.759215916705425968e+02
9.320000000000000000e+03 -1.696989262407447825e+02
9.330000000000000000e+03 -1.730378377918696629e+02
9.340000000000000000e+03 -1.772011210186287542e+02
9.350000000000000000e+03 1.760771497119206117e+02
9.360000000000000000e+03 -1.598786588153205344e+02
9.370000000000000000e+03 1.771643944239608857e+02
9.380000000000000000e+03 1.757551474310570825e+02
9.390000000000000000e+03 1.793742353440009367e+02
9.400000000000000000e+03 -1.680371194517473441e+02
9.410000000000000000e+03 -1.701262954601328659e+02
9.420000000000000000e+03 -1.655847454970283934e+02
9.430000000000000000e+03 -1.767553025582374744e+02
9.440000000000000000e+03 -1.756843871433584354e+02
9.450000000000000000e+03 -1.673916251997529514e+02
9.460000000000000000e+03 -1.798211424242030034e+02
9.470000000000000000e+03 -1.717707989237173649e+02
9.480000000000000000e+03 1.748830483710884778e+02
9.490000000000000000e+03 -1.596490746268115970e+02
9.500000000000000000e+03 1.723889057931044988e+02
9.510000000000000000e+03 -1.778112637746635585e+02
9.520000000000000000e+03 -1.698776317770460764e+02
9.530000000000000000e+03 -1.729153394152706937e+02
9.540000000000000000e+03 1.788650477514681825e+02
9.550000000000000000e+03 1.732607183741755534e+02
9.560000000000000000e+03 -1.710069888870284558e+02
9.570000000000000000e+03 -1.642523894402311839e+02
9.580000000000000000e+03 -1.799662153379301230e+02
9.590000000000000000e+03 -1.751615058595220376e+02
9.600000000000000000e+03 -1.724267783033626529e+02
9.610000000000000000e+03 1.690979508094320636e+02
9.620000000000000000e+03 -1.737937410109857410e+02
9.630000000000000000e+03 -1.722189665110686860e+02
9.640000000000000000e+03 1.782241944576143737e+02
9.650000000000000000e+03 -1.652396530170211122e+02
9.660000000000000000e+03 -1.746730020433935238e+02
9.670000000000000000e+03 -1.641917132097268279e+02
9.680000000000000000e+03 -1.740774697111345404e+02
9.690000000000000000e+03 1.794718100565117140e+02
9.700000000000000000e+03 -1.718440802257146061e+02
9.710000000000000000e+03 1.762732158694143720e+02
9.720000000000000000e+03 1.619280142569444649e+02
9.730000000000000000e+03 -1.628817025069397175e+02
9.740000000000000000e+03 1.798982625434275917e+02
9.750000000000000000e+03 1.787196310630639857e+02
9.760000000000000000e+03 -1.719293363456300483e+02
9.770000000000000000e+03 -1.736020293327349862e+02
9.780000000000000000e+03 1.695261794655128540e+02
9.790000000000000000e+03 1.769223197555181173e+02
9.800000000000000000e+03 -1.654628200782245528e+02
9.810000000000000000e+03 -1.775890134459323235e+02
9.820000000000000000e+03 -1.735242216641562152e+02
9.830000000000000000e+03 1.781172805330429583e+02
9.840000000000000000e+03 -1.756162051657378811e+02
9.850000000000000000e+03 1.741879359740357813e+02
9.860000000000000000e+03 -1.780669175428509448e+02
9.870000000000000000e+03 -1.737329501889223593e+02
9.880000000000000000e+03 1.689183858364380626e+02
9.890000000000000000e+03 -1.671437063617998717e+02
9.900000000000000000e+03 -1.758394868185003475e+02
9.910000000000000000e+03 -1.659532719508565606e+02
9.920000000000000000e+03 1.680313898737960301e+02
9.930000000000000000e+03 -1.768737329344909881e+02
9.940000000000000000e+03 -1.659253689062336719e+02
9.950000000000000000e+03 -1.787446120229317046e+02
9.960000000000000000e+03 -1.773449907209861180e+02
9.970000000000000000e+03 -1.787465600794351417e+02
9.980000000000000000e+03 -1.687851158532906481e+02
9.990000000000000000e+03 1.706817780425122066e+02
