0.000000000000000000e+00 -1.538383085559333381e+02
1.000000000000000000e+01 -1.596744566571359201e+02
2.000000000000000000e+01 -1.437845608289932500e+02
3.000000000000000000e+01 -1.381607508866661931e+02
4.000000000000000000e+01 -1.425776825293297065e+02
5.000000000000000000e+01 -1.476627402568952903e+02
6.000000000000000000e+01 -1.567161036735369350e+02
7.000000000000000000e+01 -1.476667509614611902e+02
8.000000000000000000e+01 -1.685679075531565445e+02
9.000000000000000000e+01 -1.570786140705161813e+02
1.000000000000000000e+02 -1.539425868746471622e+02
1.100000000000000000e+02 -1.567264169138492775e+02
1.200000000000000000e+02 -1.703605779025618574e+02
1.300000000000000000e+02 -1.552245799412523581e+02
1.400000000000000000e+02 -1.646199418658075899e+02
1.500000000000000000e+02 -1.516234256072961273e+02
1.600000000000000000e+02 -1.463574278080282340e+02
1.700000000000000000e+02 -1.486635829334298080e+02
1.800000000000000000e+02 -1.470131207087759435e+02
1.900000000000000000e+02 -1.539487175230550520e+02
2.000000000000000000e+02 -1.427980993931165585e+02
2.100000000000000000e+02 -1.438917612324622723e+02
2.200000000000000000e+02 -1.568116730337647482e+02
2.300000000000000000e+02 -1.493719879513295439e+02
2.400000000000000000e+02 -1.576919653902037624e+02
2.500000000000000000e+02 -1.595885702836457938e+02
2.600000000000000000e+02 -1.448148535361975178e+02
2.700000000000000000e+02 -1.534079026602310591e+02
2.800000000000000000e+02 -1.400114045649387435e+02
2.900000000000000000e+02 -1.592827254126049752e+02
3.000000000000000000e+02 -1.528754529812160001e+02
3.100000000000000000e+02 -1.722771790230539750e+02
3.200000000000000000e+02 -1.583412984594255306e+02
3.300000000000000000e+02 -1.507832975922957814e+02
3.400000000000000000e+02 -1.639187561161265023e+02
3.500000000000000000e+02 -1.603923154786552914e+02
3.600000000000000000e+02 -1.465619164451104268e+02
3.700000000000000000e+02 -1.504569408321892752e+02
3.800000000000000000e+02 -1.510154600908828115e+02
3.900000000000000000e+02 -1.450691895014560941e+02
4.000000000000000000e+02 -1.438782394284971531e+02
4.100000000000000000e+02 -1.527196084609404068e+02
4.200000000000000000e+02 -1.505368111488305090e+02
4.300000000000000000e+02 -1.527278017574107878e+02
4.400000000000000000e+02 -1.452163250632456766e+02
4.500000000000000000e+02 -1.448126762965760292e+02
4.600000000000000000e+02 -1.418151902955696073e+02
4.700000000000000000e+02 -1.658809646771110522e+02
4.800000000000000000e+02 -1.496592689898081403e+02
4.900000000000000000e+02 -1.556133891010281332e+02
5.000000000000000000e+02 -1.483850681492167212e+02
5.100000000000000000e+02 -1.589758492175328968e+02
5.200000000000000000e+02 -1.478396696240316714e+02
5.300000000000000000e+02 -1.476099708439637368e+02
5.400000000000000000e+02 -1.538986410117606169e+02
5.500000000000000000e+02 -1.644673059091847733e+02
5.600000000000000000e+02 -1.666375554455812846e+02
5.700000000000000000e+02 -1.497723708585669726e+02
5.800000000000000000e+02 -1.549178183377393054e+02
5.900000000000000000e+02 -1.629526919777564160e+02
6.000000000000000000e+02 -1.530602891659252123e+02
6.100000000000000000e+02 -1.568706303908837185e+02
6.200000000000000000e+02 -1.497247580657915762e+02
6.300000000000000000e+02 -1.449533374352806447e+02
6.400000000000000000e+02 -1.534791213141658375e+02
6.500000000000000000e+02 -1.429505061666213237e+02
6.600000000000000000e+02 -1.559278283389959370e+02
6.700000000000000000e+02 -1.483253086511845709e+02
6.800000000000000000e+02 -1.513140283979254832e+02
6.900000000000000000e+02 -1.381819503250860350e+02
7.000000000000000000e+02 -1.494068810810530010e+02
7.100000000000000000e+02 -1.561068203541948094e+02
7.200000000000000000e+02 -1.431381498445266516e+02
7.300000000000000000e+02 -1.400503083992281290e+02
7.400000000000000000e+02 -1.411891193128301438e+02
7.500000000000000000e+02 -1.558170183014176473e+02
7.600000000000000000e+02 -1.573737446307880816e+02
7.700000000000000000e+02 -1.466298692396129582e+02
7.800000000000000000e+02 -1.578247197113355469e+02
7.900000000000000000e+02 -1.522622735488669719e+02
8.000000000000000000e+02 -1.512283712075534083e+02
8.100000000000000000e+02 -1.573785001804876913e+02
8.200000000000000000e+02 -1.582008665038389381e+02
8.300000000000000000e+02 -1.668937248757842724e+02
8.400000000000000000e+02 -1.588545540523036834e+02
8.500000000000000000e+02 -1.574834087527761142e+02
8.600000000000000000e+02 -1.548851024476373652e+02
8.700000000000000000e+02 -1.585405158847924838e+02
8.800000000000000000e+02 -1.518524941337894347e+02
8.900000000000000000e+02 -1.453528036100458394e+02
9.000000000000000000e+02 -1.735303523125641050e+02
9.100000000000000000e+02 -1.621802302783610514e+02
9.200000000000000000e+02 -1.518166842715937435e+02
9.300000000000000000e+02 -1.459906202275854810e+02
9.400000000000000000e+02 -1.541981260512754943e+02
9.500000000000000000e+02 -1.483952667979700379e+02
9.600000000000000000e+02 -1.489438165910282805e+02
9.700000000000000000e+02 -1.541929694311193089e+02
9.800000000000000000e+02 -1.575314226160080864e+02
9.900000000000000000e+02 -1.506391987068203946e+02
1.000000000000000000e+03 -1.599249538051670925e+02
1.010000000000000000e+03 -1.517343502364334427e+02
1.020000000000000000e+03 -1.565271421927027973e+02
1.030000000000000000e+03 -1.715209320292608197e+02
1.040000000000000000e+03 -1.546952242343309933e+02
1.050000000000000000e+03 -1.419463403348750603e+02
1.060000000000000000e+03 -1.512036767265832680e+02
1.070000000000000000e+03 -1.607106508296299978e+02
1.080000000000000000e+03 -1.559439857488186192e+02
1.090000000000000000e+03 -1.573511127978804041e+02
1.100000000000000000e+03 -1.511791541329516804e+02
1.110000000000000000e+03 -1.513998574756360540e+02
1.120000000000000000e+03 -1.417036927086371634e+02
1.130000000000000000e+03 -1.504396375067763358e+02
1.140000000000000000e+03 -1.511575536240752342e+02
1.150000000000000000e+03 -1.487120551628978546e+02
1.160000000000000000e+03 -1.511285619596416154e+02
1.170000000000000000e+03 -1.723874733986166632e+02
1.180000000000000000e+03 -1.333943722847523929e+02
1.190000000000000000e+03 -1.434646211961922120e+02
1.200000000000000000e+03 -1.704006849482210271e+02
1.210000000000000000e+03 -1.466106178576965533e+02
1.220000000000000000e+03 -1.396241423912098298e+02
1.230000000000000000e+03 -1.506823997245732301e+02
1.240000000000000000e+03 -1.479016063616853387e+02
1.250000000000000000e+03 -1.450139563700054737e+02
1.260000000000000000e+03 -1.428904601896916233e+02
1.270000000000000000e+03 -1.458981448394513905e+02
1.280000000000000000e+03 -1.473024070995375041e+02
1.290000000000000000e+03 -1.514958852020999984e+02
1.300000000000000000e+03 -1.609722060631072225e+02
1.310000000000000000e+03 -1.602604205942161855e+02
1.320000000000000000e+03 -1.482897852678864297e+02
1.330000000000000000e+03 -1.591667014590909730e+02
1.340000000000000000e+03 -1.483689680351735092e+02
1.350000000000000000e+03 -1.611652928400663143e+02
1.360000000000000000e+03 -1.483496593574776057e+02
1.370000000000000000e+03 -1.519100190964205694e+02
1.380000000000000000e+03 -1.544700518208445885e+02
1.390000000000000000e+03 -1.510922937312098497e+02
1.400000000000000000e+03 -1.589926368809302346e+02
1.410000000000000000e+03 -1.507000468246633034e+02
1.420000000000000000e+03 -1.311981104644569314e+02
1.430000000000000000e+03 -1.538878694052121432e+02
1.440000000000000000e+03 -1.445554755423417816e+02
1.450000000000000000e+03 -1.558072780189004050e+02
1.460000000000000000e+03 -1.472275215157139030e+02
1.470000000000000000e+03 -1.594826876831056097e+02
1.480000000000000000e+03 -1.427353605145497113e+02
1.490000000000000000e+03 -1.415851477408245955e+02
1.500000000000000000e+03 -1.510556244323214798e+02
1.510000000000000000e+03 -1.523631141208100246e+02
1.520000000000000000e+03 -1.443126560287653319e+02
1.530000000000000000e+03 -1.497407435882757341e+02
1.540000000000000000e+03 -1.546932188820480292e+02
1.550000000000000000e+03 -1.423998364297210912e+02
1.560000000000000000e+03 -1.730973108110042347e+02
1.570000000000000000e+03 -1.467099687393722434e+02
1.580000000000000000e+03 -1.483670772744495991e+02
1.590000000000000000e+03 -1.468922839097828614e+02
1.600000000000000000e+03 -1.580002739797636480e+02
1.610000000000000000e+03 -1.485189110901592642e+02
1.620000000000000000e+03 -1.552004584180773747e+02
1.630000000000000000e+03 -1.502166996286909182e+02
1.640000000000000000e+03 -1.631182194847697247e+02
1.650000000000000000e+03 -1.469336514625913139e+02
1.660000000000000000e+03 -1.472495803908264520e+02
1.670000000000000000e+03 -1.497441813350465338e+02
1.680000000000000000e+03 -1.523698177270130429e+02
1.690000000000000000e+03 -1.583439340652830936e+02
1.700000000000000000e+03 -1.501269171421939177e+02
1.710000000000000000e+03 -1.414847655351176456e+02
1.720000000000000000e+03 -1.506763263719448673e+02
1.730000000000000000e+03 -1.517081660651959680e+02
1.740000000000000000e+03 -1.420781779235346391e+02
1.750000000000000000e+03 -1.293844125639703009e+02
1.760000000000000000e+03 -1.506098059719301716e+02
1.770000000000000000e+03 -1.581816724177020603e+02
1.780000000000000000e+03 -1.437692628558632748e+02
1.790000000000000000e+03 -1.536310697214345282e+02
1.800000000000000000e+03 -1.524188056184967479e+02
1.810000000000000000e+03 -1.525944744784838463e+02
1.820000000000000000e+03 -1.514627682415414540e+02
1.830000000000000000e+03 -1.680115655340844967e+02
1.840000000000000000e+03 -1.553496566279294200e+02
1.850000000000000000e+03 -1.603365666851890978e+02
1.860000000000000000e+03 -1.578173285557783743e+02
1.870000000000000000e+03 -1.498799723324925424e+02
1.880000000000000000e+03 -1.602636291578689338e+02
1.890000000000000000e+03 -1.565222147556646632e+02
1.900000000000000000e+03 -1.397174199202571288e+02
1.910000000000000000e+03 -1.683285830821303932e+02
1.920000000000000000e+03 -1.520270170781862760e+02
1.930000000000000000e+03 -1.483316684827105121e+02
1.940000000000000000e+03 -1.517345221237719954e+02
1.950000000000000000e+03 -1.579801058653750374e+02
1.960000000000000000e+03 -1.544500555937945308e+02
1.970000000000000000e+03 -1.611370460207663484e+02
1.980000000000000000e+03 -1.533186358357496601e+02
1.990000000000000000e+03 -1.629178561438124575e+02
2.000000000000000000e+03 -1.523298825686924260e+02
2.010000000000000000e+03 -1.551086705792974101e+02
2.020000000000000000e+03 -1.523860324326152522e+02
2.030000000000000000e+03 -1.630472300139530262e+02
2.040000000000000000e+03 -1.522759099443911168e+02
2.050000000000000000e+03 -1.502717608728029859e+02
2.060000000000000000e+03 -1.600773032828923874e+02
2.070000000000000000e+03 -1.444538901252651044e+02
2.080000000000000000e+03 -1.403204007038528118e+02
2.090000000000000000e+03 -1.432054150896750286e+02
2.100000000000000000e+03 -1.419714358863017765e+02
2.110000000000000000e+03 -1.522096187274944725e+02
2.120000000000000000e+03 -1.622925873019862024e+02
2.130000000000000000e+03 -1.435271881874205064e+02
2.140000000000000000e+03 -1.437020549064944532e+02
2.150000000000000000e+03 -1.595098458825948171e+02
2.160000000000000000e+03 -1.635116696026860552e+02
2.170000000000000000e+03 -1.515045368648064823e+02
2.180000000000000000e+03 -1.356140107830891850e+02
2.190000000000000000e+03 -1.516323637489001612e+02
2.200000000000000000e+03 -1.474999056515191000e+02
2.210000000000000000e+03 -1.485355268662180492e+02
2.220000000000000000e+03 -1.604450275958073462e+02
2.230000000000000000e+03 -1.595738452683109472e+02
2.240000000000000000e+03 -1.482541472930293196e+02
2.250000000000000000e+03 -1.535072535419067492e+02
2.260000000000000000e+03 -1.475621288680703174e+02
2.270000000000000000e+03 -1.562003270663601597e+02
2.280000000000000000e+03 -1.418118098445783346e+02
2.290000000000000000e+03 -1.591354179634768116e+02
2.300000000000000000e+03 -1.570440647154698013e+02
2.310000000000000000e+03 -1.450654079800082172e+02
2.320000000000000000e+03 -1.478652808374740175e+02
2.330000000000000000e+03 -1.612451058609280494e+02
2.340000000000000000e+03 -1.605127512071918261e+02
2.350000000000000000e+03 -1.561436042446422334e+02
2.360000000000000000e+03 -1.566254617503472275e+02
2.370000000000000000e+03 -1.565051406133697469e+02
2.380000000000000000e+03 -1.559074883372688021e+02
2.390000000000000000e+03 -1.560131990504704333e+02
2.400000000000000000e+03 -1.482335208124046062e+02
2.410000000000000000e+03 -1.552790682275693257e+02
2.420000000000000000e+03 -1.443024000842325165e+02
2.430000000000000000e+03 -1.528474353450340857e+02
2.440000000000000000e+03 -1.558290504151154039e+02
2.450000000000000000e+03 -1.497505411665725035e+02
2.460000000000000000e+03 -1.445496886686109690e+02
2.470000000000000000e+03 -1.532617411266931811e+02
2.480000000000000000e+03 -1.422520706143568532e+02
2.490000000000000000e+03 -1.368399685773306089e+02
2.500000000000000000e+03 -1.524481983533869425e+02
2.510000000000000000e+03 -1.335832191740275050e+02
2.520000000000000000e+03 -1.432662632075179374e+02
2.530000000000000000e+03 -1.751317120541752388e+02
2.540000000000000000e+03 -1.468584221040906073e+02
2.550000000000000000e+03 -1.538935989831634572e+02
2.560000000000000000e+03 -1.478035159871589030e+02
2.570000000000000000e+03 -1.419305266997294552e+02
2.580000000000000000e+03 -1.444314874754755067e+02
2.590000000000000000e+03 -1.437394690505164760e+02
2.600000000000000000e+03 -1.481178979293471798e+02
2.610000000000000000e+03 -1.438545189757787455e+02
2.620000000000000000e+03 -1.498146551438476024e+02
2.630000000000000000e+03 -1.419625550404772696e+02
2.640000000000000000e+03 -1.443414758058604264e+02
2.650000000000000000e+03 -1.445043677070161152e+02
2.660000000000000000e+03 -1.386075433753092057e+02
2.670000000000000000e+03 -1.523256426810084463e+02
2.680000000000000000e+03 -1.497857780709730378e+02
2.690000000000000000e+03 -1.456767539474128341e+02
2.700000000000000000e+03 -1.534623336507684996e+02
2.710000000000000000e+03 -1.513030276082589580e+02
2.720000000000000000e+03 -1.531533948076339584e+02
2.730000000000000000e+03 -1.564001174495222699e+02
2.740000000000000000e+03 -1.476221748450000177e+02
2.750000000000000000e+03 -1.507660515626623692e+02
2.760000000000000000e+03 -1.423167002536476105e+02
2.770000000000000000e+03 -1.557847034817722545e+02
2.780000000000000000e+03 -1.591761552627106084e+02
2.790000000000000000e+03 -1.461902960191885938e+02
2.800000000000000000e+03 -1.537061271925966537e+02
2.810000000000000000e+03 -1.402438535424233237e+02
2.820000000000000000e+03 -1.424103215573719865e+02
2.830000000000000000e+03 -1.542755899451771882e+02
2.840000000000000000e+03 -1.608605938846157244e+02
2.850000000000000000e+03 -1.358136865746922695e+02
2.860000000000000000e+03 -1.524335306338315945e+02
2.870000000000000000e+03 -1.562819735521662778e+02
2.880000000000000000e+03 -1.719869186040407101e+02
2.890000000000000000e+03 -1.529414004234355673e+02
2.900000000000000000e+03 -1.487397290244026635e+02
2.910000000000000000e+03 -1.464292767155376396e+02
2.920000000000000000e+03 -1.589459408206270723e+02
2.930000000000000000e+03 -1.626911367442791914e+02
2.940000000000000000e+03 -1.472072961055457938e+02
2.950000000000000000e+03 -1.477185463461410109e+02
2.960000000000000000e+03 -1.539519260867077719e+02
2.970000000000000000e+03 -1.554532473972890898e+02
2.980000000000000000e+03 -1.602588163123898255e+02
2.990000000000000000e+03 -1.447380198958704796e+02
3.000000000000000000e+03 -1.576931113057939911e+02
3.010000000000000000e+03 -1.591518045564175736e+02
3.020000000000000000e+03 -1.491209751412827416e+02
3.030000000000000000e+03 -1.416887385101842369e+02
3.040000000000000000e+03 -1.312715636537926684e+02
3.050000000000000000e+03 -1.530387459528282648e+02
3.060000000000000000e+03 -1.514197964069066416e+02
3.070000000000000000e+03 -1.396500973793292530e+02
3.080000000000000000e+03 -1.493739360078329810e+02
3.090000000000000000e+03 -1.583630135598609456e+02
3.100000000000000000e+03 -1.450915348554661932e+02
3.110000000000000000e+03 -1.568146524142994167e+02
3.120000000000000000e+03 -1.568443889238667168e+02
3.130000000000000000e+03 -1.443401007071521178e+02
3.140000000000000000e+03 -1.409981524797130419e+02
3.150000000000000000e+03 -1.501351104386642987e+02
3.160000000000000000e+03 -1.489046835736208436e+02
3.170000000000000000e+03 -1.461813005818050044e+02
3.180000000000000000e+03 -1.567528875639843022e+02
3.190000000000000000e+03 -1.410426713003947157e+02
3.200000000000000000e+03 -1.511332602135616980e+02
3.210000000000000000e+03 -1.560613848010409299e+02
3.220000000000000000e+03 -1.406697330715440728e+02
3.230000000000000000e+03 -1.478975956571194104e+02
3.240000000000000000e+03 -1.405754242184655425e+02
3.250000000000000000e+03 -1.473536295264221962e+02
3.260000000000000000e+03 -1.490255203726139257e+02
3.270000000000000000e+03 -1.473868610785397664e+02
3.280000000000000000e+03 -1.506090611267964903e+02
3.290000000000000000e+03 -1.402400720209754752e+02
3.300000000000000000e+03 -1.600924293686838382e+02
3.310000000000000000e+03 -1.464291621239786139e+02
3.320000000000000000e+03 -1.541664414852047571e+02
3.330000000000000000e+03 -1.619846797828828926e+02
3.340000000000000000e+03 -1.607176409147305947e+02
3.350000000000000000e+03 -1.522579763654034934e+02
3.360000000000000000e+03 -1.527848683538058197e+02
3.370000000000000000e+03 -1.653675944926738168e+02
3.380000000000000000e+03 -1.486761307091431661e+02
3.390000000000000000e+03 -1.620049624888305289e+02
3.400000000000000000e+03 -1.668544772668178098e+02
3.410000000000000000e+03 -1.400147277201505176e+02
3.420000000000000000e+03 -1.551043733958339317e+02
3.430000000000000000e+03 -1.624567397102912025e+02
3.440000000000000000e+03 -1.470762606577993665e+02
3.450000000000000000e+03 -1.455778041361937198e+02
3.460000000000000000e+03 -1.554341679027112377e+02
3.470000000000000000e+03 -1.599608209631422824e+02
3.480000000000000000e+03 -1.446371793239274552e+02
3.490000000000000000e+03 -1.390060355218226960e+02
3.500000000000000000e+03 -1.523583585711104433e+02
3.510000000000000000e+03 -1.507497222655011342e+02
3.520000000000000000e+03 -1.480260527947877449e+02
3.530000000000000000e+03 -1.533169169623643029e+02
3.540000000000000000e+03 -1.437339686556832135e+02
3.550000000000000000e+03 -1.494832563551439648e+02
3.560000000000000000e+03 -1.532753202264377705e+02
3.570000000000000000e+03 -1.459058797696856402e+02
3.580000000000000000e+03 -1.396078703898281219e+02
3.590000000000000000e+03 -1.624157159321598272e+02
3.600000000000000000e+03 -1.646571268267115897e+02
3.610000000000000000e+03 -1.482607363076733122e+02
3.620000000000000000e+03 -1.510255441480771026e+02
3.630000000000000000e+03 -1.407788815315164754e+02
3.640000000000000000e+03 -1.426903833276319347e+02
3.650000000000000000e+03 -1.481470614811193514e+02
3.660000000000000000e+03 -1.470888084335127246e+02
3.670000000000000000e+03 -1.393255740841671582e+02
3.680000000000000000e+03 -1.353803585942348491e+02
3.690000000000000000e+03 -1.371583612240848140e+02
3.700000000000000000e+03 -1.545858465912405109e+02
3.710000000000000000e+03 -1.472790304214961736e+02
3.720000000000000000e+03 -1.333937993269572644e+02
3.730000000000000000e+03 -1.651779454624855248e+02
3.740000000000000000e+03 -1.578015722164122678e+02
3.750000000000000000e+03 -1.613775737031622839e+02
3.760000000000000000e+03 -1.474927436790799788e+02
3.770000000000000000e+03 -1.568044537655460999e+02
3.780000000000000000e+03 -1.636444239238178682e+02
3.790000000000000000e+03 -1.563210492737942161e+02
3.800000000000000000e+03 -1.574863308375312840e+02
3.810000000000000000e+03 -1.601162071171817729e+02
3.820000000000000000e+03 -1.637810170621770567e+02
3.830000000000000000e+03 -1.479443490132020713e+02
3.840000000000000000e+03 -1.524915139626988321e+02
3.850000000000000000e+03 -1.627149717885566531e+02
3.860000000000000000e+03 -1.659195247367233321e+02
3.870000000000000000e+03 -1.586784268260804822e+02
3.880000000000000000e+03 -1.560704375342039896e+02
3.890000000000000000e+03 -1.594253346078130278e+02
3.900000000000000000e+03 -1.509479083668368844e+02
3.910000000000000000e+03 -1.577029661798702591e+02
3.920000000000000000e+03 -1.397236078644445456e+02
3.930000000000000000e+03 -1.498654192044962201e+02
3.940000000000000000e+03 -1.471145342385140964e+02
3.950000000000000000e+03 -1.414248341497469994e+02
3.960000000000000000e+03 -1.621596610935158651e+02
3.970000000000000000e+03 -1.507477169132181700e+02
3.980000000000000000e+03 -1.618609781949141393e+02
3.990000000000000000e+03 -1.589008490421502700e+02
4.000000000000000000e+03 -1.618001873728507576e+02
4.010000000000000000e+03 -1.471330980710763185e+02
4.020000000000000000e+03 -1.595348841382420346e+02
4.030000000000000000e+03 -1.471067420125003196e+02
4.040000000000000000e+03 -1.535228379939343313e+02
4.050000000000000000e+03 -1.523381331609423057e+02
4.060000000000000000e+03 -1.505163565555443483e+02
4.070000000000000000e+03 -1.525163230352279982e+02
4.080000000000000000e+03 -1.561096278473909535e+02
4.090000000000000000e+03 -1.550875857324365938e+02
4.100000000000000000e+03 -1.473268723973895931e+02
4.110000000000000000e+03 -1.396482639143848417e+02
4.120000000000000000e+03 -1.580718364083754750e+02
4.130000000000000000e+03 -1.523000887633456273e+02
4.140000000000000000e+03 -1.496638526521691972e+02
4.150000000000000000e+03 -1.523426022317443085e+02
4.160000000000000000e+03 -1.482579861102566952e+02
4.170000000000000000e+03 -1.615947247075168605e+02
4.180000000000000000e+03 -1.552912149328260796e+02
4.190000000000000000e+03 -1.591348450056816830e+02
4.200000000000000000e+03 -1.536921470223954884e+02
4.210000000000000000e+03 -1.390687171046100161e+02
4.220000000000000000e+03 -1.550733763791173487e+02
4.230000000000000000e+03 -1.454510085761312723e+02
4.240000000000000000e+03 -1.427497417552074808e+02
4.250000000000000000e+03 -1.475773122496412668e+02
4.260000000000000000e+03 -1.480700559534537604e+02
4.270000000000000000e+03 -1.672876333599367058e+02
4.280000000000000000e+03 -1.439839501416987844e+02
4.290000000000000000e+03 -1.599820204015621243e+02
4.300000000000000000e+03 -1.471561309744406003e+02
4.310000000000000000e+03 -1.481513586645828582e+02
4.320000000000000000e+03 -1.617452407202977156e+02
4.330000000000000000e+03 -1.545176073178404579e+02
4.340000000000000000e+03 -1.618935221976775836e+02
4.350000000000000000e+03 -1.433543268206295522e+02
4.360000000000000000e+03 -1.601865663344238442e+02
4.370000000000000000e+03 -1.523503371619785867e+02
4.380000000000000000e+03 -1.525795775758104185e+02
4.390000000000000000e+03 -1.601761957983319746e+02
4.400000000000000000e+03 -1.597511757059039326e+02
4.410000000000000000e+03 -1.460007042847797720e+02
4.420000000000000000e+03 -1.522487517449019094e+02
4.430000000000000000e+03 -1.579132989864627916e+02
4.440000000000000000e+03 -1.582022416025472751e+02
4.450000000000000000e+03 -1.536579987378056558e+02
4.460000000000000000e+03 -1.464869162697278000e+02
4.470000000000000000e+03 -1.557758799317272462e+02
4.480000000000000000e+03 -1.513506404010343545e+02
4.490000000000000000e+03 -1.421471620420684019e+02
4.500000000000000000e+03 -1.556257649894029669e+02
4.510000000000000000e+03 -1.479761481708318342e+02
4.520000000000000000e+03 -1.442884772098108215e+02
4.530000000000000000e+03 -1.456355582819429060e+02
4.540000000000000000e+03 -1.494971219337861328e+02
4.550000000000000000e+03 -1.507623273369939909e+02
4.560000000000000000e+03 -1.473960284032618802e+02
4.570000000000000000e+03 -1.440468036118246573e+02
4.580000000000000000e+03 -1.554192710000378383e+02
4.590000000000000000e+03 -1.369638993484174136e+02
4.600000000000000000e+03 -1.516853050491702390e+02
4.610000000000000000e+03 -1.534571197348328155e+02
4.620000000000000000e+03 -1.485641747559745909e+02
4.630000000000000000e+03 -1.466360571838003466e+02
4.640000000000000000e+03 -1.604406731165643691e+02
4.650000000000000000e+03 -1.335039791109608984e+02
4.660000000000000000e+03 -1.596105718629788157e+02
4.670000000000000000e+03 -1.497951172830336759e+02
4.680000000000000000e+03 -1.471114402664203737e+02
4.690000000000000000e+03 -1.560370340947478667e+02
4.700000000000000000e+03 -1.720327552276511653e+02
4.710000000000000000e+03 -1.521798822179271724e+02
4.720000000000000000e+03 -1.580518974771049159e+02
4.730000000000000000e+03 -1.453770970205594040e+02
4.740000000000000000e+03 -1.486585982006121469e+02
4.750000000000000000e+03 -1.623811665771134471e+02
4.760000000000000000e+03 -1.539993096963650885e+02
4.770000000000000000e+03 -1.603337591919929537e+02
4.780000000000000000e+03 -1.473713339222917398e+02
4.790000000000000000e+03 -1.518983880531793886e+02
4.800000000000000000e+03 -1.450012940027330899e+02
4.810000000000000000e+03 -1.617608251723252977e+02
4.820000000000000000e+03 -1.401772185508496023e+02
4.830000000000000000e+03 -1.505163565555443483e+02
4.840000000000000000e+03 -1.534695529189871479e+02
4.850000000000000000e+03 -1.573832557301872725e+02
4.860000000000000000e+03 -1.474954365807170689e+02
4.870000000000000000e+03 -1.456039883074311945e+02
4.880000000000000000e+03 -1.525393559385922515e+02
4.890000000000000000e+03 -1.514387040141459408e+02
4.900000000000000000e+03 -1.547636926908491262e+02
4.910000000000000000e+03 -1.486053704214445190e+02
4.920000000000000000e+03 -1.629323519760292811e+02
4.930000000000000000e+03 -1.603613757577182355e+02
4.940000000000000000e+03 -1.536502638075714060e+02
4.950000000000000000e+03 -1.437296141764402080e+02
4.960000000000000000e+03 -1.484527344648216456e+02
4.970000000000000000e+03 -1.365015224077468474e+02
4.980000000000000000e+03 -1.479974049050311748e+02
4.990000000000000000e+03 -1.576559836406695183e+02
5.000000000000000000e+03 -1.591400016258378685e+02
5.010000000000000000e+03 -1.506722583715994404e+02
5.020000000000000000e+03 -1.618512952081764524e+02
5.030000000000000000e+03 -1.545815494077770609e+02
5.040000000000000000e+03 -1.472932970705949174e+02
5.050000000000000000e+03 -1.601779146717173603e+02
5.060000000000000000e+03 -1.522626173235440774e+02
5.070000000000000000e+03 -1.510762509129461932e+02
5.080000000000000000e+03 -1.441834540459633445e+02
5.090000000000000000e+03 -1.576409148506575946e+02
5.100000000000000000e+03 -1.485862909268666385e+02
5.110000000000000000e+03 -1.541053641842438253e+02
5.120000000000000000e+03 -1.588996458307804858e+02
5.130000000000000000e+03 -1.492413535740397208e+02
5.140000000000000000e+03 -1.497963204944034317e+02
5.150000000000000000e+03 -1.537851953683247075e+02
5.160000000000000000e+03 -1.454559933089489334e+02
5.170000000000000000e+03 -1.546485281740278594e+02
5.180000000000000000e+03 -1.589328773828980843e+02
5.190000000000000000e+03 -1.498401517657309228e+02
5.200000000000000000e+03 -1.488665818802446665e+02
5.210000000000000000e+03 -1.519033727859970213e+02
5.220000000000000000e+03 -1.532611681688980525e+02
5.230000000000000000e+03 -1.493348029904255441e+02
5.240000000000000000e+03 -1.522301879123396589e+02
5.250000000000000000e+03 -1.588932859992545445e+02
5.260000000000000000e+03 -1.588538092071700305e+02
5.270000000000000000e+03 -1.478790891203366584e+02
5.280000000000000000e+03 -1.483708587958974761e+02
5.290000000000000000e+03 -1.599459240604689114e+02
5.300000000000000000e+03 -1.616257217242334434e+02
5.310000000000000000e+03 -1.382119733135508852e+02
5.320000000000000000e+03 -1.433475659186469784e+02
5.330000000000000000e+03 -1.525181565001724096e+02
5.340000000000000000e+03 -1.498161448341149651e+02
5.350000000000000000e+03 -1.463601780054448511e+02
5.360000000000000000e+03 -1.443965943457520211e+02
5.370000000000000000e+03 -1.576860066291343685e+02
5.380000000000000000e+03 -1.478577750903577908e+02
5.390000000000000000e+03 -1.379050398226993082e+02
5.400000000000000000e+03 -1.625159835463076945e+02
5.410000000000000000e+03 -1.474751538747694326e+02
5.420000000000000000e+03 -1.487780599008969489e+02
5.430000000000000000e+03 -1.517490752517683177e+02
5.440000000000000000e+03 -1.392298901323802909e+02
5.450000000000000000e+03 -1.495221601894333219e+02
5.460000000000000000e+03 -1.444129809386927548e+02
5.470000000000000000e+03 -1.591361628086104929e+02
5.480000000000000000e+03 -1.406797025371793382e+02
5.490000000000000000e+03 -1.649477310204019318e+02
5.500000000000000000e+03 -1.591656128392802145e+02
5.510000000000000000e+03 -1.559986459224741111e+02
5.520000000000000000e+03 -1.408180718447034394e+02
5.530000000000000000e+03 -1.537693817331791024e+02
5.540000000000000000e+03 -1.487726740976226836e+02
5.550000000000000000e+03 -1.609660754146993327e+02
5.560000000000000000e+03 -1.528643948957699763e+02
5.570000000000000000e+03 -1.522682323099363657e+02
5.580000000000000000e+03 -1.549398199170723274e+02
5.590000000000000000e+03 -1.452669172365557415e+02
5.600000000000000000e+03 -1.754647724204848203e+02
5.610000000000000000e+03 -1.478458002724395612e+02
5.620000000000000000e+03 -1.611111483284264523e+02
5.630000000000000000e+03 -1.463830963172501072e+02
5.640000000000000000e+03 -1.454146830519199796e+02
5.650000000000000000e+03 -1.586857606858581562e+02
5.660000000000000000e+03 -1.513215341450416815e+02
5.670000000000000000e+03 -1.432047275403208744e+02
5.680000000000000000e+03 -1.448798269501653522e+02
5.690000000000000000e+03 -1.490590956994086014e+02
5.700000000000000000e+03 -1.455619905010481148e+02
5.710000000000000000e+03 -1.458514487791481997e+02
5.720000000000000000e+03 -1.582417756904112878e+02
5.730000000000000000e+03 -1.454979338195524861e+02
5.740000000000000000e+03 -1.530592005461144538e+02
5.750000000000000000e+03 -1.475187559629789007e+02
5.760000000000000000e+03 -1.549334600855463862e+02
5.770000000000000000e+03 -1.462533786724324614e+02
5.780000000000000000e+03 -1.473599320621686388e+02
5.790000000000000000e+03 -1.480995059841234820e+02
5.800000000000000000e+03 -1.625502464224565244e+02
5.810000000000000000e+03 -1.571597448943066979e+02
5.820000000000000000e+03 -1.514650600727219683e+02
5.830000000000000000e+03 -1.523745732767126242e+02
5.840000000000000000e+03 -1.561069349457538351e+02
5.850000000000000000e+03 -1.654718155156081139e+02
5.860000000000000000e+03 -1.521126169727788238e+02
5.870000000000000000e+03 -1.534454886915916632e+02
5.880000000000000000e+03 -1.537690379585020253e+02
5.890000000000000000e+03 -1.582932845961935300e+02
5.900000000000000000e+03 -1.563908355332411588e+02
5.910000000000000000e+03 -1.498218171162867520e+02
5.920000000000000000e+03 -1.655234963087289373e+02
5.930000000000000000e+03 -1.475829272360335551e+02
5.940000000000000000e+03 -1.299858463615191226e+02
5.950000000000000000e+03 -1.358274948575549388e+02
5.960000000000000000e+03 -1.521122159023222196e+02
5.970000000000000000e+03 -1.541426637367068508e+02
5.980000000000000000e+03 -1.525027439354833803e+02
5.990000000000000000e+03 -1.429118888112295167e+02
6.000000000000000000e+03 -1.605507956047885045e+02
6.010000000000000000e+03 -1.537098514182650035e+02
6.020000000000000000e+03 -1.514252395059603771e+02
6.030000000000000000e+03 -1.441623119033230296e+02
6.040000000000000000e+03 -1.464174737849579628e+02
6.050000000000000000e+03 -1.563196168793064089e+02
6.060000000000000000e+03 -1.470987206033684913e+02
6.070000000000000000e+03 -1.505490151498667899e+02
6.080000000000000000e+03 -1.686502415883168453e+02
6.090000000000000000e+03 -1.433894491334710608e+02
6.100000000000000000e+03 -1.555257265583731225e+02
6.110000000000000000e+03 -1.473525409066114378e+02
6.120000000000000000e+03 -1.596742847697973673e+02
6.130000000000000000e+03 -1.554071815905605547e+02
6.140000000000000000e+03 -1.489054284187545250e+02
6.150000000000000000e+03 -1.326058104713138164e+02
6.160000000000000000e+03 -1.644991050668145078e+02
6.170000000000000000e+03 -1.586927507709587530e+02
6.180000000000000000e+03 -1.499160686735857837e+02
6.190000000000000000e+03 -1.451550758749462204e+02
6.200000000000000000e+03 -1.632704543709359655e+02
6.210000000000000000e+03 -1.482767218301574701e+02
6.220000000000000000e+03 -1.411109678695743241e+02
6.230000000000000000e+03 -1.606222434418413059e+02
6.240000000000000000e+03 -1.545173781347223780e+02
6.250000000000000000e+03 -1.416755031851166962e+02
6.260000000000000000e+03 -1.579899034436717784e+02
6.270000000000000000e+03 -1.579157054092023316e+02
6.280000000000000000e+03 -1.382327716815141230e+02
6.290000000000000000e+03 -1.452003395407615471e+02
6.300000000000000000e+03 -1.613062977534480069e+02
6.310000000000000000e+03 -1.559870721750124574e+02
6.320000000000000000e+03 -1.536571965968925042e+02
6.330000000000000000e+03 -1.488114060445735447e+02
6.340000000000000000e+03 -1.666954241828895249e+02
6.350000000000000000e+03 -1.496498724819680035e+02
6.360000000000000000e+03 -1.467261261491949256e+02
6.370000000000000000e+03 -1.509911093845897483e+02
6.380000000000000000e+03 -1.444939971709242457e+02
6.390000000000000000e+03 -1.533746711081134890e+02
6.400000000000000000e+03 -1.501984222750262461e+02
6.410000000000000000e+03 -1.493161245663042962e+02
6.420000000000000000e+03 -1.548836127573700026e+02
6.430000000000000000e+03 -1.617384225225356715e+02
6.440000000000000000e+03 -1.507946421566393838e+02
6.450000000000000000e+03 -1.387746751641488743e+02
6.460000000000000000e+03 -1.554669410885927050e+02
6.470000000000000000e+03 -1.610833025795830906e+02
6.480000000000000000e+03 -1.435595603028453979e+02
6.490000000000000000e+03 -1.390834421199448627e+02
6.500000000000000000e+03 -1.487581209696263613e+02
6.510000000000000000e+03 -1.615689416067359900e+02
6.520000000000000000e+03 -1.527543297033253396e+02
6.530000000000000000e+03 -1.651580065312149657e+02
6.540000000000000000e+03 -1.544498837064559780e+02
6.550000000000000000e+03 -1.529183675200712855e+02
6.560000000000000000e+03 -1.557581755358577027e+02
6.570000000000000000e+03 -1.548959313499653376e+02
6.580000000000000000e+03 -1.517353815604646741e+02
6.590000000000000000e+03 -1.466000754342661594e+02
6.600000000000000000e+03 -1.462145321339226314e+02
6.610000000000000000e+03 -1.457220176132281608e+02
6.620000000000000000e+03 -1.608510827852165619e+02
6.630000000000000000e+03 -1.577359112530902792e+02
6.640000000000000000e+03 -1.422577428965286686e+02
6.650000000000000000e+03 -1.510859911954634072e+02
6.660000000000000000e+03 -1.572633929594458948e+02
6.670000000000000000e+03 -1.562383714639568382e+02
6.680000000000000000e+03 -1.432995520554150346e+02
6.690000000000000000e+03 -1.482100295428042216e+02
6.700000000000000000e+03 -1.568400344446237398e+02
6.710000000000000000e+03 -1.483484561461078499e+02
6.720000000000000000e+03 -1.426879769048923663e+02
6.730000000000000000e+03 -1.469788005368476149e+02
6.740000000000000000e+03 -1.661162784435712751e+02
6.750000000000000000e+03 -1.575713004785492046e+02
6.760000000000000000e+03 -1.572581217477306836e+02
6.770000000000000000e+03 -1.540274419241060286e+02
6.780000000000000000e+03 -1.558635997701617839e+02
6.790000000000000000e+03 -1.489669067901720325e+02
6.800000000000000000e+03 -1.443436530454819149e+02
6.810000000000000000e+03 -1.542213308419782720e+02
6.820000000000000000e+03 -1.540260668253977201e+02
6.830000000000000000e+03 -1.495544177132992161e+02
6.840000000000000000e+03 -1.484698086071165335e+02
6.850000000000000000e+03 -1.663492430830714568e+02
6.860000000000000000e+03 -1.541954904454178745e+02
6.870000000000000000e+03 -1.554537630593046913e+02
6.880000000000000000e+03 -1.530006442594520593e+02
6.890000000000000000e+03 -1.500707672782710915e+02
6.900000000000000000e+03 -1.487144615856373946e+02
6.910000000000000000e+03 -1.540968844088758658e+02
6.920000000000000000e+03 -1.535741177165985221e+02
6.930000000000000000e+03 -1.523805320377819896e+02
6.940000000000000000e+03 -1.633459702083342222e+02
6.950000000000000000e+03 -1.486630099756346794e+02
6.960000000000000000e+03 -1.414806402389927200e+02
6.970000000000000000e+03 -1.609210409320020290e+02
6.980000000000000000e+03 -1.395635807522644996e+02
6.990000000000000000e+03 -1.388453208602884956e+02
7.000000000000000000e+03 -1.596231196386921738e+02
7.010000000000000000e+03 -1.439110699101581474e+02
7.020000000000000000e+03 -1.586500081194419920e+02
7.030000000000000000e+03 -1.505054130616573502e+02
7.040000000000000000e+03 -1.526436915530855742e+02
7.050000000000000000e+03 -1.591481376265287224e+02
7.060000000000000000e+03 -1.587037515606252498e+02
7.070000000000000000e+03 -1.465223250614668871e+02
7.080000000000000000e+03 -1.544658119331606088e+02
7.090000000000000000e+03 -1.543081912437201311e+02
7.100000000000000000e+03 -1.541060517335979796e+02
7.110000000000000000e+03 -1.614176234530419265e+02
7.120000000000000000e+03 -1.535439228407951191e+02
7.130000000000000000e+03 -1.486068601117118249e+02
7.140000000000000000e+03 -1.376972280304053413e+02
7.150000000000000000e+03 -1.575553149560650468e+02
7.160000000000000000e+03 -1.572679193260274246e+02
7.170000000000000000e+03 -1.544824850049989209e+02
7.180000000000000000e+03 -1.621201843014313226e+02
7.190000000000000000e+03 -1.567159317861983823e+02
7.200000000000000000e+03 -1.468866116276110461e+02
7.210000000000000000e+03 -1.515015574842717854e+02
7.220000000000000000e+03 -1.435982349540167320e+02
7.230000000000000000e+03 -1.631371843877885510e+02
7.240000000000000000e+03 -1.480966984909273663e+02
7.250000000000000000e+03 -1.610677754233350356e+02
7.260000000000000000e+03 -1.566525053582774092e+02
7.270000000000000000e+03 -1.410494322023772611e+02
7.280000000000000000e+03 -1.511226604943517771e+02
7.290000000000000000e+03 -1.581918710664553771e+02
7.300000000000000000e+03 -1.482205146704551453e+02
7.310000000000000000e+03 -1.454706037327247259e+02
7.320000000000000000e+03 -1.551340526096216763e+02
7.330000000000000000e+03 -1.464524242104609471e+02
7.340000000000000000e+03 -1.543720760378772070e+02
7.350000000000000000e+03 -1.538045040460206110e+02
7.360000000000000000e+03 -1.596408240345617457e+02
7.370000000000000000e+03 -1.612578255239799319e+02
7.380000000000000000e+03 -1.501875933726982737e+02
7.390000000000000000e+03 -1.390616124279503936e+02
7.400000000000000000e+03 -1.437393544589574503e+02
7.410000000000000000e+03 -1.486632391587527309e+02
7.420000000000000000e+03 -1.548491779938826483e+02
7.430000000000000000e+03 -1.490476938392855004e+02
7.440000000000000000e+03 -1.655216628437844975e+02
7.450000000000000000e+03 -1.490800086589308648e+02
7.460000000000000000e+03 -1.500323218102178373e+02
7.470000000000000000e+03 -1.510765946876232704e+02
7.480000000000000000e+03 -1.480714310521620973e+02
7.490000000000000000e+03 -1.612948958933249060e+02
7.500000000000000000e+03 -1.478266061863027119e+02
7.510000000000000000e+03 -1.600159395030338771e+02
7.520000000000000000e+03 -1.387083839472522300e+02
7.530000000000000000e+03 -1.466861336950947816e+02
7.540000000000000000e+03 -1.534633649747997310e+02
7.550000000000000000e+03 -1.415517443013684442e+02
7.560000000000000000e+03 -1.512047653463940264e+02
7.570000000000000000e+03 -1.517116038119667678e+02
7.580000000000000000e+03 -1.556290881446147409e+02
7.590000000000000000e+03 -1.629578485979126015e+02
7.600000000000000000e+03 -1.358554551979573262e+02
7.610000000000000000e+03 -1.378346806054572369e+02
7.620000000000000000e+03 -1.536644158651111525e+02
7.630000000000000000e+03 -1.530913434784212939e+02
7.640000000000000000e+03 -1.531493841030680301e+02
7.650000000000000000e+03 -1.421760391149429950e+02
7.660000000000000000e+03 -1.570077391912585085e+02
7.670000000000000000e+03 -1.635701685935689227e+02
7.680000000000000000e+03 -1.437093887662720988e+02
7.690000000000000000e+03 -1.557373771678944365e+02
7.700000000000000000e+03 -1.429158422200159180e+02
7.710000000000000000e+03 -1.421169671662649989e+02
7.720000000000000000e+03 -1.484430514780839303e+02
7.730000000000000000e+03 -1.563746781234184766e+02
7.740000000000000000e+03 -1.500965503790519904e+02
7.750000000000000000e+03 -1.546444028779028770e+02
7.760000000000000000e+03 -1.524970143575320947e+02
7.770000000000000000e+03 -1.570503099554367452e+02
7.780000000000000000e+03 -1.455605581065602792e+02
7.790000000000000000e+03 -1.682017302262884471e+02
7.800000000000000000e+03 -1.554770251457869961e+02
7.810000000000000000e+03 -1.499912980320864619e+02
7.820000000000000000e+03 -1.578534248968716156e+02
7.830000000000000000e+03 -1.439998783684034436e+02
7.840000000000000000e+03 -1.585586786468981302e+02
7.850000000000000000e+03 -1.547116681230512540e+02
7.860000000000000000e+03 -1.714716576588795647e+02
7.870000000000000000e+03 -1.557885422989996300e+02
7.880000000000000000e+03 -1.612645291301829786e+02
7.890000000000000000e+03 -1.389237587824418938e+02
7.900000000000000000e+03 -1.491511127213066175e+02
7.910000000000000000e+03 -1.621936947865466436e+02
7.920000000000000000e+03 -1.454134798405501954e+02
7.930000000000000000e+03 -1.438974335146340309e+02
7.940000000000000000e+03 -1.629294871870536383e+02
7.950000000000000000e+03 -1.549847971039901040e+02
7.960000000000000000e+03 -1.506663569063096020e+02
7.970000000000000000e+03 -1.510422745156949134e+02
7.980000000000000000e+03 -1.390406421726486030e+02
7.990000000000000000e+03 -1.582675014954126596e+02
8.000000000000000000e+03 -1.598808933507215500e+02
8.010000000000000000e+03 -1.439498591528885072e+02
8.020000000000000000e+03 -1.562418665065071366e+02
8.030000000000000000e+03 -1.502694117458429446e+02
8.040000000000000000e+03 -1.636829839834301765e+02
8.050000000000000000e+03 -1.578572064183194641e+02
8.060000000000000000e+03 -1.626406591625281806e+02
8.070000000000000000e+03 -1.505991489569407520e+02
8.080000000000000000e+03 -1.476880649914400578e+02
8.090000000000000000e+03 -1.681555498280008862e+02
8.100000000000000000e+03 -1.632615162293319599e+02
8.110000000000000000e+03 -1.476618808202025832e+02
8.120000000000000000e+03 -1.473407379760317610e+02
8.130000000000000000e+03 -1.403550073546787189e+02
8.140000000000000000e+03 -1.467376998966565793e+02
8.150000000000000000e+03 -1.520329758392556130e+02
8.160000000000000000e+03 -1.419213593750073414e+02
8.170000000000000000e+03 -1.470005156372830868e+02
8.180000000000000000e+03 -1.492625530124595628e+02
8.190000000000000000e+03 -1.514439179300816249e+02
8.200000000000000000e+03 -1.551950726148031094e+02
8.210000000000000000e+03 -1.408985724149193288e+02
8.220000000000000000e+03 -1.479751741425801015e+02
8.230000000000000000e+03 -1.633070090782653381e+02
8.240000000000000000e+03 -1.478227100732958093e+02
8.250000000000000000e+03 -1.493629925139460113e+02
8.260000000000000000e+03 -1.523144700040033968e+02
8.270000000000000000e+03 -1.569989729369930274e+02
8.280000000000000000e+03 -1.611116639904420822e+02
8.290000000000000000e+03 -1.655909334412158103e+02
8.300000000000000000e+03 -1.476775225680096639e+02
8.310000000000000000e+03 -1.539805739764643135e+02
8.320000000000000000e+03 -1.453001487886733401e+02
8.330000000000000000e+03 -1.578056975125372219e+02
8.340000000000000000e+03 -1.448164578180238777e+02
8.350000000000000000e+03 -1.536255693266012656e+02
8.360000000000000000e+03 -1.509902499478970412e+02
8.370000000000000000e+03 -1.508896958548515954e+02
8.380000000000000000e+03 -1.509777594679631818e+02
8.390000000000000000e+03 -1.550212372197604225e+02
8.400000000000000000e+03 -1.459054214034495374e+02
8.410000000000000000e+03 -1.488870937693103258e+02
8.420000000000000000e+03 -1.421479641829815819e+02
8.430000000000000000e+03 -1.504477162116876627e+02
8.440000000000000000e+03 -1.517240942919005988e+02
8.450000000000000000e+03 -1.626517172479742044e+02
8.460000000000000000e+03 -1.579479056372886987e+02
8.470000000000000000e+03 -1.496809840902436122e+02
8.480000000000000000e+03 -1.588704822790083426e+02
8.490000000000000000e+03 -1.503589077534423950e+02
8.500000000000000000e+03 -1.546579819776474949e+02
8.510000000000000000e+03 -1.378671673124411541e+02
8.520000000000000000e+03 -1.494100323489262223e+02
8.530000000000000000e+03 -1.443904064015646043e+02
8.540000000000000000e+03 -1.474809980442797723e+02
8.550000000000000000e+03 -1.540280148819011572e+02
8.560000000000000000e+03 -1.563368056131603225e+02
8.570000000000000000e+03 -1.525356317129239017e+02
8.580000000000000000e+03 -1.397716790234560165e+02
8.590000000000000000e+03 -1.494508842397190733e+02
8.600000000000000000e+03 -1.597386279301905461e+02
8.610000000000000000e+03 -1.534280134788401710e+02
8.620000000000000000e+03 -1.482315154601216420e+02
8.630000000000000000e+03 -1.473469259202191779e+02
8.640000000000000000e+03 -1.490730758696097951e+02
8.650000000000000000e+03 -1.339728304747164600e+02
8.660000000000000000e+03 -1.521615475684830017e+02
8.670000000000000000e+03 -1.593396774174409529e+02
8.680000000000000000e+03 -1.535396829531111393e+02
8.690000000000000000e+03 -1.484178986308776871e+02
8.700000000000000000e+03 -1.428188977610797679e+02
8.710000000000000000e+03 -1.499634522832431003e+02
8.720000000000000000e+03 -1.433056827038229244e+02
8.730000000000000000e+03 -1.551645912601021848e+02
8.740000000000000000e+03 -1.504178078147818383e+02
8.750000000000000000e+03 -1.534905231742889384e+02
8.760000000000000000e+03 -1.542125645877127909e+02
8.770000000000000000e+03 -1.568991063933017074e+02
8.780000000000000000e+03 -1.528486958521833969e+02
8.790000000000000000e+03 -1.541340693697798656e+02
8.800000000000000000e+03 -1.716340911937991507e+02
8.810000000000000000e+03 -1.525884011258554551e+02
8.820000000000000000e+03 -1.567658937059337916e+02
8.830000000000000000e+03 -1.526876947117516181e+02
8.840000000000000000e+03 -1.463927793039877940e+02
8.850000000000000000e+03 -1.452327689519659373e+02
8.860000000000000000e+03 -1.478694061335989716e+02
8.870000000000000000e+03 -1.530975314226087107e+02
8.880000000000000000e+03 -1.472449967284653951e+02
8.890000000000000000e+03 -1.447053613015480096e+02
8.900000000000000000e+03 -1.457863034778418410e+02
8.910000000000000000e+03 -1.517682693379051955e+02
8.920000000000000000e+03 -1.639635041199262275e+02
8.930000000000000000e+03 -1.593823627731782153e+02
8.940000000000000000e+03 -1.467799841819372091e+02
8.950000000000000000e+03 -1.506836029359430427e+02
8.960000000000000000e+03 -1.597293460139094350e+02
8.970000000000000000e+03 -1.662529288777099623e+02
8.980000000000000000e+03 -1.520342936421844229e+02
8.990000000000000000e+03 -1.628870310144344273e+02
9.000000000000000000e+03 -1.599498201734757856e+02
9.010000000000000000e+03 -1.508601312326228197e+02
9.020000000000000000e+03 -1.560106780361718677e+02
9.030000000000000000e+03 -1.532800757761373802e+02
9.040000000000000000e+03 -1.544153343514095980e+02
9.050000000000000000e+03 -1.670008679834737393e+02
9.060000000000000000e+03 -1.279995162773595752e+02
9.070000000000000000e+03 -1.447900444636683517e+02
9.080000000000000000e+03 -1.521428691443616970e+02
9.090000000000000000e+03 -1.589071515778967125e+02
9.100000000000000000e+03 -1.511537721026273857e+02
9.110000000000000000e+03 -1.570974643819760104e+02
9.120000000000000000e+03 -1.489776783967205063e+02
9.130000000000000000e+03 -1.269287154540395761e+02
9.140000000000000000e+03 -1.504352830275333304e+02
9.150000000000000000e+03 -1.602357261132460735e+02
9.160000000000000000e+03 -1.541952612622998515e+02
9.170000000000000000e+03 -1.526648336957258891e+02
9.180000000000000000e+03 -1.502284452634910963e+02
9.190000000000000000e+03 -1.553481669376620857e+02
9.200000000000000000e+03 -1.565490864762562921e+02
9.210000000000000000e+03 -1.452278988107073303e+02
9.220000000000000000e+03 -1.565162559945952978e+02
9.230000000000000000e+03 -1.476998679220197630e+02
9.240000000000000000e+03 -1.521723191750314470e+02
9.250000000000000000e+03 -1.552178190392698127e+02
9.260000000000000000e+03 -1.526130956068255955e+02
9.270000000000000000e+03 -1.561055598470455266e+02
9.280000000000000000e+03 -1.525765408994962513e+02
9.290000000000000000e+03 -1.522462880263828140e+02
9.300000000000000000e+03 -1.417001976660868650e+02
9.310000000000000000e+03 -1.417091358076908989e+02
9.320000000000000000e+03 -1.618204700787983938e+02
9.330000000000000000e+03 -1.581651139374227739e+02
9.340000000000000000e+03 -1.529540054949284240e+02
9.350000000000000000e+03 -1.541302878483320171e+02
9.360000000000000000e+03 -1.626004948210895122e+02
9.370000000000000000e+03 -1.437410733323428360e+02
9.380000000000000000e+03 -1.450749763751869352e+02
9.390000000000000000e+03 -1.441352682953928479e+02
9.400000000000000000e+03 -1.504089842647368016e+02
9.410000000000000000e+03 -1.447137837811364420e+02
9.420000000000000000e+03 -1.599266726785524781e+02
9.430000000000000000e+03 -1.564808472028562107e+02
9.440000000000000000e+03 -1.504192402092696739e+02
9.450000000000000000e+03 -1.533880210247400271e+02
9.460000000000000000e+03 -1.603043664571027307e+02
9.470000000000000000e+03 -1.444647763233726039e+02
9.480000000000000000e+03 -1.377729157551421224e+02
9.490000000000000000e+03 -1.483375126522208518e+02
9.500000000000000000e+03 -1.460628129097719636e+02
9.510000000000000000e+03 -1.582193157448421630e+02
9.520000000000000000e+03 -1.567782122985290982e+02
9.530000000000000000e+03 -1.358205620682338406e+02
9.540000000000000000e+03 -1.475789738272471538e+02
9.550000000000000000e+03 -1.592177519986371408e+02
9.560000000000000000e+03 -1.481070690270192358e+02
9.570000000000000000e+03 -1.435022645233323146e+02
9.580000000000000000e+03 -1.466647623693364153e+02
9.590000000000000000e+03 -1.534778608070165546e+02
9.600000000000000000e+03 -1.459381945893310331e+02
9.610000000000000000e+03 -1.513885129112924801e+02
9.620000000000000000e+03 -1.569001377173329672e+02
9.630000000000000000e+03 -1.558715065877345580e+02
9.640000000000000000e+03 -1.486760161175841120e+02
9.650000000000000000e+03 -1.491540921018412860e+02
9.660000000000000000e+03 -1.566003661989204829e+02
9.670000000000000000e+03 -1.482523138280848798e+02
9.680000000000000000e+03 -1.582661836924838497e+02
9.690000000000000000e+03 -1.513100176933595549e+02
9.700000000000000000e+03 -1.492599174066019714e+02
9.710000000000000000e+03 -1.471749239901209023e+02
9.720000000000000000e+03 -1.577596890015882138e+02
9.730000000000000000e+03 -1.598054348091027919e+02
9.740000000000000000e+03 -1.628090514585171320e+02
9.750000000000000000e+03 -1.500164508792927052e+02
9.760000000000000000e+03 -1.508263840184896196e+02
9.770000000000000000e+03 -1.482881236902805711e+02
9.780000000000000000e+03 -1.491564412288013273e+02
9.790000000000000000e+03 -1.603019600343631907e+02
9.800000000000000000e+03 -1.567440640139393224e+02
9.810000000000000000e+03 -1.442325565290060467e+02
9.820000000000000000e+03 -1.379839934068683363e+02
9.830000000000000000e+03 -1.418721423004056135e+02
9.840000000000000000e+03 -1.647540139898682412e+02
9.850000000000000000e+03 -1.452896063652429177e+02
9.860000000000000000e+03 -1.455862266157821523e+02
9.870000000000000000e+03 -1.576650363738326064e+02
9.880000000000000000e+03 -1.602713067923236849e+02
9.890000000000000000e+03 -1.525824996605655883e+02
9.900000000000000000e+03 -1.580607210271499525e+02
9.910000000000000000e+03 -1.424413758698680681e+02
9.920000000000000000e+03 -1.491989546972000369e+02
9.930000000000000000e+03 -1.565501178002875236e+02
9.940000000000000000e+03 -1.622718462298024633e+02
9.950000000000000000e+03 -1.526817359506822527e+02
9.960000000000000000e+03 -1.557351999282729480e+02
9.970000000000000000e+03 -1.517696444366135040e+02
9.980000000000000000e+03 -1.526640888505922362e+02
9.990000000000000000e+03 -1.620011236716031533e+02
