0.000000000000000000e+00 8.018968331624267876e+01
1.000000000000000000e+01 8.334026364010804855e+01
2.000000000000000000e+01 8.590430706909799596e+01
3.000000000000000000e+01 8.534733479645132093e+01
4.000000000000000000e+01 1.058970963723929373e+02
5.000000000000000000e+01 1.005131838588871318e+02
6.000000000000000000e+01 9.828139865529354324e+01
7.000000000000000000e+01 9.916724870234531863e+01
8.000000000000000000e+01 8.390199146245431905e+01
9.000000000000000000e+01 8.551446658529098954e+01
1.000000000000000000e+02 9.252592301164540345e+01
1.100000000000000000e+02 9.116342937482431807e+01
1.200000000000000000e+02 9.945922799474399767e+01
1.300000000000000000e+02 8.770333725002927849e+01
1.400000000000000000e+02 9.578971979582863128e+01
1.500000000000000000e+02 8.931856257028256607e+01
1.600000000000000000e+02 8.952551492588382587e+01
1.700000000000000000e+02 1.206234295101838967e+02
1.800000000000000000e+02 1.041476843365200011e+02
1.900000000000000000e+02 9.387861907016976204e+01
2.000000000000000000e+02 9.556563600215295651e+01
2.100000000000000000e+02 8.920385641969738799e+01
2.200000000000000000e+02 9.828666986700875441e+01
2.300000000000000000e+02 9.306679517024890913e+01
2.400000000000000000e+02 8.708013105626547201e+01
2.500000000000000000e+02 9.577837523148504317e+01
2.600000000000000000e+02 9.950174146314269308e+01
2.700000000000000000e+02 1.014793625888162438e+02
2.800000000000000000e+02 9.652963749246058001e+01
2.900000000000000000e+02 9.092914693239531232e+01
3.000000000000000000e+02 1.052648374454660853e+02
3.100000000000000000e+02 9.241688914323201232e+01
3.200000000000000000e+02 9.463927783898544988e+01
3.300000000000000000e+02 8.815585931662359087e+01
3.400000000000000000e+02 9.454754729598501228e+01
3.500000000000000000e+02 9.923136267962046020e+01
3.600000000000000000e+02 1.162325101514193335e+02
3.700000000000000000e+02 1.120500901343028488e+02
3.800000000000000000e+02 9.236457809653656170e+01
3.900000000000000000e+02 9.344895801960116444e+01
4.000000000000000000e+02 8.758112535232785945e+01
4.100000000000000000e+02 9.507398091815120722e+01
4.200000000000000000e+02 8.846663162470254349e+01
4.300000000000000000e+02 1.151127214366156437e+02
4.400000000000000000e+02 9.529577288064633933e+01
4.500000000000000000e+02 9.432145815002638756e+01
4.600000000000000000e+02 9.685524940743341915e+01
4.700000000000000000e+02 9.345497407645004273e+01
4.800000000000000000e+02 1.013877466373748177e+02
4.900000000000000000e+02 8.482743289314961999e+01
5.000000000000000000e+02 1.065424187370487914e+02
5.100000000000000000e+02 1.052969230819933983e+02
5.200000000000000000e+02 1.069303111643523465e+02
5.300000000000000000e+02 1.052135577228018661e+02
5.400000000000000000e+02 1.256207101035354299e+02
5.500000000000000000e+02 1.117037371471462706e+02
5.600000000000000000e+02 9.534922984293204706e+01
5.700000000000000000e+02 9.152169988411961299e+01
5.800000000000000000e+02 1.027119666934811875e+02
5.900000000000000000e+02 1.101319993235433969e+02
6.000000000000000000e+02 9.699298846138286478e+01
6.100000000000000000e+02 9.179591748486922143e+01
6.200000000000000000e+02 9.358136856605590026e+01
6.300000000000000000e+02 9.261622116015801964e+01
6.400000000000000000e+02 8.584901664186787684e+01
6.500000000000000000e+02 1.037605367543501131e+02
6.600000000000000000e+02 1.026353049404926736e+02
6.700000000000000000e+02 1.108152514942369038e+02
6.800000000000000000e+02 1.118539666810295756e+02
6.900000000000000000e+02 1.073955528939985840e+02
7.000000000000000000e+02 1.010931890348980602e+02
7.100000000000000000e+02 9.421001785887342805e+01
7.200000000000000000e+02 9.778888413459910112e+01
7.300000000000000000e+02 9.233770637594493280e+01
7.400000000000000000e+02 8.951405576998119784e+01
7.500000000000000000e+02 8.941332978959721345e+01
7.600000000000000000e+02 1.078055614921942009e+02
7.700000000000000000e+02 1.050689431753108494e+02
7.800000000000000000e+02 9.470310533736302716e+01
7.900000000000000000e+02 9.189910718377228704e+01
8.000000000000000000e+02 9.973252886302138620e+01
8.100000000000000000e+02 9.621519825449279040e+01
8.200000000000000000e+02 1.036959644108388545e+02
8.300000000000000000e+02 9.764908243258717846e+01
8.400000000000000000e+02 1.142352365733727879e+02
8.500000000000000000e+02 9.776103838575573945e+01
8.600000000000000000e+02 1.143078303260158606e+02
8.700000000000000000e+02 1.118273814393355110e+02
8.800000000000000000e+02 1.077762260530835050e+02
8.900000000000000000e+02 8.868292319236444143e+01
9.000000000000000000e+02 8.243407359132913825e+01
9.100000000000000000e+02 1.199779925539690311e+02
9.200000000000000000e+02 1.090300295961682764e+02
9.300000000000000000e+02 1.129912879043642562e+02
9.400000000000000000e+02 1.259837361625303345e+02
9.500000000000000000e+02 1.091801445384925557e+02
9.600000000000000000e+02 1.267015949840497200e+02
9.700000000000000000e+02 1.355515010876404176e+02
9.800000000000000000e+02 1.276665705026090620e+02
9.900000000000000000e+02 1.349650214885444939e+02
1.000000000000000000e+03 1.214917470487046671e+02
1.010000000000000000e+03 1.077149195690045076e+02
1.020000000000000000e+03 1.207992702575095478e+02
1.030000000000000000e+03 1.109586628303581506e+02
1.040000000000000000e+03 9.885607532380976181e+01
1.050000000000000000e+03 1.119742878180070420e+02
1.060000000000000000e+03 1.121690361725720066e+02
1.070000000000000000e+03 1.048092787025575632e+02
1.080000000000000000e+03 1.174505038323084420e+02
1.090000000000000000e+03 1.047812610663756629e+02
1.100000000000000000e+03 1.029567915593405871e+02
1.110000000000000000e+03 9.435428863168738189e+01
1.120000000000000000e+03 1.021863925080076854e+02
1.130000000000000000e+03 1.053635580735671198e+02
1.140000000000000000e+03 9.589852448112397099e+01
1.150000000000000000e+03 9.462438093631205049e+01
1.160000000000000000e+03 8.858328583179118709e+01
1.170000000000000000e+03 9.081489914804622288e+01
1.180000000000000000e+03 8.307509877252151398e+01
1.190000000000000000e+03 8.745484545428102763e+01
1.200000000000000000e+03 9.554478033841019169e+01
1.210000000000000000e+03 9.804797564955725875e+01
1.220000000000000000e+03 8.633442648590271062e+01
1.230000000000000000e+03 9.438900987407231469e+01
1.240000000000000000e+03 9.177488993378793225e+01
1.250000000000000000e+03 9.563868812103214623e+01
1.260000000000000000e+03 9.210399689131106982e+01
1.270000000000000000e+03 1.015308141988189874e+02
1.280000000000000000e+03 9.762278366979067812e+01
1.290000000000000000e+03 9.345153632967925716e+01
1.300000000000000000e+03 9.732369970073239074e+01
1.310000000000000000e+03 9.544353869601059159e+01
1.320000000000000000e+03 9.477323537148703281e+01
1.330000000000000000e+03 1.020270529451817936e+02
1.340000000000000000e+03 8.555612061699699211e+01
1.350000000000000000e+03 8.842325871961115524e+01
1.360000000000000000e+03 9.967603522442149711e+01
1.370000000000000000e+03 9.007137181730496422e+01
1.380000000000000000e+03 8.253800813536587100e+01
1.390000000000000000e+03 9.690120062260291434e+01
1.400000000000000000e+03 1.073572793132838399e+02
1.410000000000000000e+03 1.083850510061895136e+02
1.420000000000000000e+03 1.078559817781657131e+02
1.430000000000000000e+03 9.340082956481018073e+01
1.440000000000000000e+03 8.108939894193660791e+01
1.450000000000000000e+03 8.373216677197753199e+01
1.460000000000000000e+03 1.055448419199465206e+02
1.470000000000000000e+03 9.870905435357920510e+01
1.480000000000000000e+03 9.681949684101725495e+01
1.490000000000000000e+03 9.763195099451276349e+01
1.500000000000000000e+03 1.049231827122295755e+02
1.510000000000000000e+03 1.031627125909106013e+02
1.520000000000000000e+03 9.002209744692370919e+01
1.530000000000000000e+03 1.079322424606976227e+02
1.540000000000000000e+03 1.066541455070993010e+02
1.550000000000000000e+03 9.694818316180364093e+01
1.560000000000000000e+03 1.000003293364655406e+02
1.570000000000000000e+03 1.073338453394629965e+02
1.580000000000000000e+03 9.530780499434409592e+01
1.590000000000000000e+03 8.406740437790857357e+01
1.600000000000000000e+03 1.055974394455395213e+02
1.610000000000000000e+03 9.411960511880180036e+01
1.620000000000000000e+03 8.951124827678506790e+01
1.630000000000000000e+03 8.939808911224673693e+01
1.640000000000000000e+03 1.005065948442431250e+02
1.650000000000000000e+03 1.022902124604853924e+02
1.660000000000000000e+03 9.903861967733844551e+01
1.670000000000000000e+03 9.037864908283361842e+01
1.680000000000000000e+03 8.776309674806141459e+01
1.690000000000000000e+03 9.429006006285321462e+01
1.700000000000000000e+03 1.069271026006996266e+02
1.710000000000000000e+03 1.135785696443733599e+02
1.720000000000000000e+03 1.200225686704302035e+02
1.730000000000000000e+03 1.138665382322061106e+02
1.740000000000000000e+03 9.666835057466174419e+01
1.750000000000000000e+03 9.934039654803385133e+01
1.760000000000000000e+03 1.043516000158070653e+02
1.770000000000000000e+03 9.166018378320272575e+01
1.780000000000000000e+03 8.992200172011435200e+01
1.790000000000000000e+03 1.168290738077095341e+02
1.800000000000000000e+03 1.146175713100635818e+02
1.810000000000000000e+03 1.087109494000599312e+02
1.820000000000000000e+03 1.141539911580232456e+02
1.830000000000000000e+03 1.013832775665728008e+02
1.840000000000000000e+03 1.041371992088691059e+02
1.850000000000000000e+03 1.042462903730620241e+02
1.860000000000000000e+03 9.636932390138296967e+01
1.870000000000000000e+03 9.701917263262033941e+01
1.880000000000000000e+03 8.874520370469515740e+01
1.890000000000000000e+03 9.775227213149024408e+01
1.900000000000000000e+03 8.273590775780405693e+01
1.910000000000000000e+03 9.035951229247623928e+01
1.920000000000000000e+03 1.056084402352060323e+02
1.930000000000000000e+03 1.121176991541282888e+02
1.940000000000000000e+03 8.513132970768700147e+01
1.950000000000000000e+03 8.778928091929888922e+01
1.960000000000000000e+03 9.199290037483520166e+01
1.970000000000000000e+03 9.941493835718037531e+01
1.980000000000000000e+03 1.133580381890274964e+02
1.990000000000000000e+03 1.050608644703995083e+02
2.000000000000000000e+03 1.021536766179057025e+02
2.010000000000000000e+03 8.866212482440118947e+01
2.020000000000000000e+03 9.593416245598110947e+01
2.030000000000000000e+03 9.241517026984661243e+01
2.040000000000000000e+03 9.395424949912703028e+01
2.050000000000000000e+03 8.389150633480340957e+01
2.060000000000000000e+03 8.938399435048650332e+01
2.070000000000000000e+03 9.503100908351639475e+01
2.080000000000000000e+03 9.394147254029562077e+01
2.090000000000000000e+03 8.333441947059772303e+01
2.100000000000000000e+03 1.028805308768086633e+02
2.110000000000000000e+03 1.084456699409143567e+02
2.120000000000000000e+03 9.849545568755443981e+01
2.130000000000000000e+03 9.968955702838657373e+01
2.140000000000000000e+03 1.072412553597698519e+02
2.150000000000000000e+03 9.716573523661480749e+01
2.160000000000000000e+03 1.130912690396145877e+02
2.170000000000000000e+03 1.073005564915658994e+02
2.180000000000000000e+03 1.048927013575286082e+02
2.190000000000000000e+03 9.545700320419616958e+01
2.200000000000000000e+03 9.390010498748716827e+01
2.210000000000000000e+03 9.521034487339234431e+01
2.220000000000000000e+03 9.790215789069645780e+01
2.230000000000000000e+03 1.054437721648854307e+02
2.240000000000000000e+03 9.118067540445774455e+01
2.250000000000000000e+03 8.522449264517527467e+01
2.260000000000000000e+03 1.137766984499295972e+02
2.270000000000000000e+03 1.039523057283803951e+02
2.280000000000000000e+03 1.041033946989563930e+02
2.290000000000000000e+03 1.205147967122270956e+02
2.300000000000000000e+03 1.100167775109425889e+02
2.310000000000000000e+03 1.074443116023642091e+02
2.320000000000000000e+03 9.829377454366837696e+01
2.330000000000000000e+03 9.974691010367916988e+01
2.340000000000000000e+03 1.026490559275758159e+02
2.350000000000000000e+03 8.882427188042321120e+01
2.360000000000000000e+03 8.070402752893161846e+01
2.370000000000000000e+03 1.098243782833376656e+02
2.380000000000000000e+03 1.119734283813143492e+02
2.390000000000000000e+03 9.596584702205184669e+01
2.400000000000000000e+03 8.741949395832145342e+01
2.410000000000000000e+03 8.034564242807728363e+01
2.420000000000000000e+03 9.977802171195477854e+01
2.430000000000000000e+03 1.098487862854102275e+02
2.440000000000000000e+03 1.000967008376065479e+02
2.450000000000000000e+03 1.170432454315294422e+02
2.460000000000000000e+03 1.065459710753786027e+02
2.470000000000000000e+03 8.332066848351458077e+01
2.480000000000000000e+03 9.072374156284091384e+01
2.490000000000000000e+03 1.013841370032655078e+02
2.500000000000000000e+03 9.836384728201288397e+01
2.510000000000000000e+03 9.856002803106567001e+01
2.520000000000000000e+03 1.024641624470871051e+02
2.530000000000000000e+03 9.096426924523683510e+01
2.540000000000000000e+03 9.371693038038385737e+01
2.550000000000000000e+03 1.013500460144552164e+02
2.560000000000000000e+03 9.459762380727944731e+01
2.570000000000000000e+03 9.914433039054007679e+01
2.580000000000000000e+03 1.216308612013624355e+02
2.590000000000000000e+03 1.092038076954314647e+02
2.600000000000000000e+03 9.708523466639894650e+01
2.610000000000000000e+03 8.396925670760266769e+01
2.620000000000000000e+03 9.326887738459154775e+01
2.630000000000000000e+03 8.980414430165593842e+01
2.640000000000000000e+03 9.280747447217270008e+01
2.650000000000000000e+03 8.842996232581417360e+01
2.660000000000000000e+03 9.897135443219009687e+01
2.670000000000000000e+03 1.072540896143807885e+02
2.680000000000000000e+03 9.359718220120150534e+01
2.690000000000000000e+03 1.088794562876078942e+02
2.700000000000000000e+03 1.032091794680957122e+02
2.710000000000000000e+03 9.387781692925658206e+01
2.720000000000000000e+03 9.630182947311655539e+01
2.730000000000000000e+03 1.030398704396345408e+02
2.740000000000000000e+03 1.050562808080384514e+02
2.750000000000000000e+03 1.177856841424599565e+02
2.760000000000000000e+03 1.244385262848419984e+02
2.770000000000000000e+03 1.141660805675005008e+02
2.780000000000000000e+03 9.558316851068397568e+01
2.790000000000000000e+03 1.089906673956428023e+02
2.800000000000000000e+03 1.156664278498300575e+02
2.810000000000000000e+03 1.032680795294351555e+02
2.820000000000000000e+03 9.669963407027589142e+01
2.830000000000000000e+03 1.174146939701127508e+02
2.840000000000000000e+03 1.049318916707155580e+02
2.850000000000000000e+03 9.811948078238957294e+01
2.860000000000000000e+03 8.272152651714627325e+01
2.870000000000000000e+03 9.230842823261374974e+01
2.880000000000000000e+03 1.000147678729028371e+02
2.890000000000000000e+03 9.185332785594133043e+01
2.900000000000000000e+03 9.361792327338524444e+01
2.910000000000000000e+03 9.684401943464885676e+01
2.920000000000000000e+03 9.233644586879564997e+01
2.930000000000000000e+03 9.576834847007025076e+01
2.940000000000000000e+03 1.087552390376235394e+02
2.950000000000000000e+03 9.861308392289478775e+01
2.960000000000000000e+03 8.934400189638638778e+01
2.970000000000000000e+03 9.469216184347602905e+01
2.980000000000000000e+03 8.762845166620566317e+01
2.990000000000000000e+03 1.009575126290110916e+02
3.000000000000000000e+03 1.091494340006735513e+02
3.010000000000000000e+03 1.092790370539321430e+02
3.020000000000000000e+03 1.143514897100048415e+02
3.030000000000000000e+03 1.073744680471377819e+02
3.040000000000000000e+03 9.570056756290627220e+01
3.050000000000000000e+03 1.051634812115074453e+02
3.060000000000000000e+03 1.167929201708367799e+02
3.070000000000000000e+03 1.179654210027924961e+02
3.080000000000000000e+03 1.212768305797510919e+02
3.090000000000000000e+03 1.232400704647668590e+02
3.100000000000000000e+03 1.286020959904986682e+02
3.110000000000000000e+03 1.169009800109984525e+02
3.120000000000000000e+03 1.096549546633174685e+02
3.130000000000000000e+03 9.250025450242354452e+01
3.140000000000000000e+03 9.231690800798168084e+01
3.150000000000000000e+03 1.024215916829088826e+02
3.160000000000000000e+03 1.012568830769669432e+02
3.170000000000000000e+03 8.952454089763209311e+01
3.180000000000000000e+03 9.866992133617176819e+01
3.190000000000000000e+03 1.068538785944818983e+02
3.200000000000000000e+03 8.225038332221019743e+01
3.210000000000000000e+03 8.586293951628955767e+01
3.220000000000000000e+03 9.464535119161382681e+01
3.230000000000000000e+03 9.688744963551977207e+01
3.240000000000000000e+03 1.136715033987435817e+02
3.250000000000000000e+03 1.070504604139912885e+02
3.260000000000000000e+03 9.715261450310632085e+01
3.270000000000000000e+03 9.040964609955020137e+01
3.280000000000000000e+03 8.609091942297210664e+01
3.290000000000000000e+03 9.372661336712155844e+01
3.300000000000000000e+03 1.112999164931380705e+02
3.310000000000000000e+03 1.013683806638994014e+02
3.320000000000000000e+03 1.204700487084273846e+02
3.330000000000000000e+03 1.322212411992220211e+02
3.340000000000000000e+03 1.295491952258499282e+02
3.350000000000000000e+03 1.316063428934876356e+02
3.360000000000000000e+03 1.102319804587937142e+02
3.370000000000000000e+03 1.153983981932678802e+02
3.380000000000000000e+03 1.200377520520011814e+02
3.390000000000000000e+03 1.123457363565903648e+02
3.400000000000000000e+03 1.106392388595727141e+02
3.410000000000000000e+03 1.060400493422780812e+02
3.420000000000000000e+03 1.001964527897388137e+02
3.430000000000000000e+03 8.920574718042131224e+01
3.440000000000000000e+03 1.013790376788888352e+02
3.450000000000000000e+03 1.068743904835475860e+02
3.460000000000000000e+03 1.119404833080943291e+02
3.470000000000000000e+03 8.829881228650873481e+01
3.480000000000000000e+03 1.089413930252615472e+02
3.490000000000000000e+03 9.648231117858277628e+01
3.500000000000000000e+03 9.628091651359429193e+01
3.510000000000000000e+03 9.615561064379916445e+01
3.520000000000000000e+03 1.071628174376164395e+02
3.530000000000000000e+03 1.005121525348559004e+02
3.540000000000000000e+03 1.008450410138269149e+02
3.550000000000000000e+03 9.371131539399156907e+01
3.560000000000000000e+03 1.216306893140238969e+02
3.570000000000000000e+03 1.038693414396454386e+02
3.580000000000000000e+03 1.248196578101630081e+02
3.590000000000000000e+03 1.281091803993476219e+02
3.600000000000000000e+03 1.140532651776392328e+02
3.610000000000000000e+03 1.065494088221493740e+02
3.620000000000000000e+03 1.168158384826420075e+02
3.630000000000000000e+03 1.325500043820680958e+02
3.640000000000000000e+03 1.332556019067717159e+02
3.650000000000000000e+03 1.327908758391410800e+02
3.660000000000000000e+03 1.203552279662831808e+02
3.670000000000000000e+03 1.217699753540202039e+02
3.680000000000000000e+03 1.404322420654623329e+02
3.690000000000000000e+03 1.305800035950697691e+02
3.700000000000000000e+03 1.425300124407748115e+02
3.710000000000000000e+03 1.131928544566912791e+02
3.720000000000000000e+03 1.037238101596822162e+02
3.730000000000000000e+03 9.092731346745090093e+01
3.740000000000000000e+03 9.863422606553511685e+01
3.750000000000000000e+03 1.067288019078048364e+02
3.760000000000000000e+03 1.023009267712543249e+02
3.770000000000000000e+03 1.029178304292716888e+02
3.780000000000000000e+03 9.494437786489261555e+01
3.790000000000000000e+03 9.044637269421808412e+01
3.800000000000000000e+03 1.001481524476092915e+02
3.810000000000000000e+03 1.022855142065653098e+02
3.820000000000000000e+03 1.002288249051637052e+02
3.830000000000000000e+03 8.470567936168431800e+01
3.840000000000000000e+03 8.839564215388583079e+01
3.850000000000000000e+03 9.107169883182386627e+01
3.860000000000000000e+03 9.834677313971798185e+01
3.870000000000000000e+03 9.460598899108835269e+01
3.880000000000000000e+03 9.931266539074952959e+01
3.890000000000000000e+03 9.674965328579081358e+01
3.900000000000000000e+03 9.658681868041463758e+01
3.910000000000000000e+03 8.386096768432292947e+01
3.920000000000000000e+03 9.909350903411198885e+01
3.930000000000000000e+03 9.520587580259032734e+01
3.940000000000000000e+03 9.485579858976538503e+01
3.950000000000000000e+03 1.105205793002011205e+02
3.960000000000000000e+03 1.213921669839109256e+02
3.970000000000000000e+03 1.267304720569243131e+02
3.980000000000000000e+03 9.993209006306544495e+01
3.990000000000000000e+03 1.097402680790124521e+02
4.000000000000000000e+03 1.268421988269748368e+02
4.010000000000000000e+03 1.233546047280135127e+02
4.020000000000000000e+03 1.111277999714807692e+02
4.030000000000000000e+03 1.003206127439436699e+02
4.040000000000000000e+03 9.275590827061091659e+01
4.050000000000000000e+03 1.046613409998547723e+02
4.060000000000000000e+03 1.201903880086240264e+02
4.070000000000000000e+03 1.168975422642276669e+02
4.080000000000000000e+03 1.107043841608790871e+02
4.090000000000000000e+03 9.586185518223560109e+01
4.100000000000000000e+03 1.098150963670565403e+02
4.110000000000000000e+03 1.195664369697265670e+02
4.120000000000000000e+03 1.188828983201354959e+02
4.130000000000000000e+03 1.116903299347402196e+02
4.140000000000000000e+03 1.186324011721042950e+02
4.150000000000000000e+03 1.141436779177108889e+02
4.160000000000000000e+03 9.191497811469741919e+01
4.170000000000000000e+03 8.007532094033456360e+01
4.180000000000000000e+03 1.002436072162780931e+02
4.190000000000000000e+03 1.006628404349753083e+02
4.200000000000000000e+03 9.977469855674301868e+01
4.210000000000000000e+03 8.266463180808979416e+01
4.220000000000000000e+03 1.063949966963616305e+02
4.230000000000000000e+03 1.067454749796431486e+02
4.240000000000000000e+03 1.071163505604313286e+02
4.250000000000000000e+03 1.112014250481550732e+02
4.260000000000000000e+03 9.348133013502605593e+01
4.270000000000000000e+03 9.271815035191178822e+01
4.280000000000000000e+03 9.677566556968974965e+01
4.290000000000000000e+03 9.188243411193397492e+01
4.300000000000000000e+03 1.062715815872904557e+02
4.310000000000000000e+03 8.813059187785832194e+01
4.320000000000000000e+03 8.266285563892488142e+01
4.330000000000000000e+03 8.820215430647016319e+01
4.340000000000000000e+03 1.076853549467757603e+02
4.350000000000000000e+03 9.804831942423433588e+01
4.360000000000000000e+03 1.013452904647556352e+02
4.370000000000000000e+03 9.628727634512024736e+01
4.380000000000000000e+03 8.080664427003955552e+01
4.390000000000000000e+03 8.170790688178033179e+01
4.400000000000000000e+03 9.406563249450047692e+01
4.410000000000000000e+03 1.118296732705160252e+02
4.420000000000000000e+03 1.009999115058507613e+02
4.430000000000000000e+03 9.463549631753758717e+01
4.440000000000000000e+03 1.032775906288343322e+02
4.450000000000000000e+03 9.399538786881743135e+01
4.460000000000000000e+03 9.641160818666362786e+01
4.470000000000000000e+03 9.306140936697467225e+01
4.480000000000000000e+03 9.174824739631434056e+01
4.490000000000000000e+03 8.528024143864149664e+01
4.500000000000000000e+03 9.460885378006399549e+01
4.510000000000000000e+03 1.070332143843578478e+02
4.520000000000000000e+03 1.055601971888560229e+02
4.530000000000000000e+03 9.299540462897560644e+01
4.540000000000000000e+03 9.978449613503975968e+01
4.550000000000000000e+03 9.374391669253451198e+01
4.560000000000000000e+03 9.946942664349731444e+01
4.570000000000000000e+03 9.774281832787058022e+01
4.580000000000000000e+03 9.758995318812966957e+01
4.590000000000000000e+03 7.958389503945085153e+01
4.600000000000000000e+03 9.830924440413690490e+01
4.610000000000000000e+03 1.022609916129337080e+02
4.620000000000000000e+03 9.166946569948385104e+01
4.630000000000000000e+03 9.662451930333423888e+01
4.640000000000000000e+03 9.713605602282703444e+01
4.650000000000000000e+03 9.066501338884000916e+01
4.660000000000000000e+03 1.039468626293266453e+02
4.670000000000000000e+03 1.119669539582293680e+02
4.680000000000000000e+03 1.121731041729174336e+02
4.690000000000000000e+03 1.137683332661206776e+02
4.700000000000000000e+03 1.076098391093775177e+02
4.710000000000000000e+03 1.144398970977935193e+02
4.720000000000000000e+03 1.056490629428808035e+02
4.730000000000000000e+03 1.098891798099669614e+02
4.740000000000000000e+03 1.268146968528085523e+02
4.750000000000000000e+03 1.042222261456665251e+02
4.760000000000000000e+03 1.069217740932049026e+02
4.770000000000000000e+03 1.207718255791227904e+02
4.780000000000000000e+03 9.111661872296211584e+01
4.790000000000000000e+03 8.911504796145210605e+01
4.800000000000000000e+03 8.390021529328940630e+01
4.810000000000000000e+03 1.084477325889768338e+02
4.820000000000000000e+03 1.052133858354633276e+02
4.830000000000000000e+03 1.025492466796640372e+02
4.840000000000000000e+03 1.140498274308684472e+02
4.850000000000000000e+03 8.986012227824022602e+01
4.860000000000000000e+03 7.864029084664991842e+01
4.870000000000000000e+03 9.343658213122634493e+01
4.880000000000000000e+03 9.352464574433794553e+01
4.890000000000000000e+03 1.066283051105389035e+02
4.900000000000000000e+03 9.665030240411512352e+01
4.910000000000000000e+03 9.151660055974295460e+01
4.920000000000000000e+03 9.478389238647646664e+01
4.930000000000000000e+03 9.975556176638565375e+01
4.940000000000000000e+03 9.346729266904534938e+01
4.950000000000000000e+03 8.455212667258925308e+01
4.960000000000000000e+03 8.812898759603196197e+01
4.970000000000000000e+03 1.009172336960133975e+02
4.980000000000000000e+03 7.999143991912741569e+01
4.990000000000000000e+03 1.043046174766063388e+02
5.000000000000000000e+03 1.030879988944255530e+02
5.010000000000000000e+03 9.203592950524952698e+01
5.020000000000000000e+03 9.647474813568703667e+01
5.030000000000000000e+03 1.255457672239323301e+02
5.040000000000000000e+03 1.213367619651217808e+02
5.050000000000000000e+03 1.106273786332135103e+02
5.060000000000000000e+03 9.378883658367277576e+01
5.070000000000000000e+03 8.521950791235762779e+01
5.080000000000000000e+03 1.061667303107815030e+02
5.090000000000000000e+03 1.130764867285002140e+02
5.100000000000000000e+03 1.191758516407858650e+02
5.110000000000000000e+03 1.211161159182169058e+02
5.120000000000000000e+03 1.100186682716665132e+02
5.130000000000000000e+03 9.778584745828490554e+01
5.140000000000000000e+03 1.030843319645367018e+02
5.150000000000000000e+03 9.860552087999906234e+01
5.160000000000000000e+03 9.492065741217420793e+01
5.170000000000000000e+03 1.005391388470065692e+02
5.180000000000000000e+03 9.163955730257802657e+01
5.190000000000000000e+03 8.439467787048731395e+01
5.200000000000000000e+03 1.020836611753407226e+02
5.210000000000000000e+03 9.571752711364213440e+01
5.220000000000000000e+03 8.441335629460856183e+01
5.230000000000000000e+03 9.002834268689063890e+01
5.240000000000000000e+03 9.015989379665268189e+01
5.250000000000000000e+03 9.348104365612847744e+01
5.260000000000000000e+03 8.957003374656548544e+01
5.270000000000000000e+03 9.836098249303722696e+01
5.280000000000000000e+03 8.836773910926297049e+01
5.290000000000000000e+03 1.085666213314664645e+02
5.300000000000000000e+03 9.829056598001565703e+01
5.310000000000000000e+03 1.018930381169006978e+02
5.320000000000000000e+03 9.741938365251922960e+01
5.330000000000000000e+03 9.746894450179804892e+01
5.340000000000000000e+03 9.761756975385497981e+01
5.350000000000000000e+03 1.185368891076559663e+02
5.360000000000000000e+03 1.028328607882537824e+02
5.370000000000000000e+03 1.091659351851733106e+02
5.380000000000000000e+03 9.947383841851981856e+01
5.390000000000000000e+03 9.859772865398528552e+01
5.400000000000000000e+03 1.033059520396933095e+02
5.410000000000000000e+03 1.024333946134885736e+02
5.420000000000000000e+03 8.600915834560693440e+01
5.430000000000000000e+03 1.096111806877694761e+02
5.440000000000000000e+03 8.744183931233156670e+01
5.450000000000000000e+03 8.990040121123792005e+01
5.460000000000000000e+03 1.132153144022604181e+02
5.470000000000000000e+03 1.266924849551071475e+02
5.480000000000000000e+03 1.235896893113556843e+02
5.490000000000000000e+03 1.201318317219616603e+02
5.500000000000000000e+03 1.096579913396316641e+02
5.510000000000000000e+03 9.206704111352513564e+01
5.520000000000000000e+03 7.683610404556245044e+01
5.530000000000000000e+03 1.022055865941445632e+02
5.540000000000000000e+03 8.745261091888001204e+01
5.550000000000000000e+03 1.021226223054096209e+02
5.560000000000000000e+03 9.971551201650601115e+01
5.570000000000000000e+03 1.025898693873388083e+02
5.580000000000000000e+03 1.023395441266461461e+02
5.590000000000000000e+03 1.078944845419985086e+02
5.600000000000000000e+03 9.834539804100965910e+01
5.610000000000000000e+03 9.810945402097479473e+01
5.620000000000000000e+03 9.177632232827575365e+01
5.630000000000000000e+03 1.019790963777293484e+02
5.640000000000000000e+03 1.046488505199209413e+02
5.650000000000000000e+03 8.936829530689992396e+01
5.660000000000000000e+03 9.496420220460413475e+01
5.670000000000000000e+03 8.334708183787010682e+01
5.680000000000000000e+03 1.045528227934570111e+02
5.690000000000000000e+03 8.780360486417716004e+01
5.700000000000000000e+03 9.138934663344439002e+01
5.710000000000000000e+03 9.186157844819121010e+01
5.720000000000000000e+03 1.023644104949548250e+02
5.730000000000000000e+03 9.632446130602421874e+01
5.740000000000000000e+03 9.659506927266451726e+01
5.750000000000000000e+03 1.116132671112951158e+02
5.760000000000000000e+03 9.431337944511504645e+01
5.770000000000000000e+03 9.749111796846960942e+01
5.780000000000000000e+03 1.012207867358737019e+02
5.790000000000000000e+03 8.797159608970952149e+01
5.800000000000000000e+03 8.109822249198163036e+01
5.810000000000000000e+03 9.720200346504660160e+01
5.820000000000000000e+03 9.570263021096874922e+01
5.830000000000000000e+03 9.238291274598076086e+01
5.840000000000000000e+03 8.842148255044624250e+01
5.850000000000000000e+03 1.031898707903997945e+02
5.860000000000000000e+03 9.029092924439909496e+01
5.870000000000000000e+03 9.305241392959112545e+01
5.880000000000000000e+03 9.018384343248914092e+01
5.890000000000000000e+03 1.001495848420971129e+02
5.900000000000000000e+03 8.639762373070563228e+01
5.910000000000000000e+03 9.867003592773077969e+01
5.920000000000000000e+03 1.132465978978745511e+02
5.930000000000000000e+03 1.211808028532871617e+02
5.940000000000000000e+03 1.170946397457526587e+02
5.950000000000000000e+03 1.205640137868288519e+02
5.960000000000000000e+03 1.283046735990462537e+02
5.970000000000000000e+03 1.104097119668433180e+02
5.980000000000000000e+03 1.085375723712533471e+02
5.990000000000000000e+03 1.194762534127729623e+02
6.000000000000000000e+03 1.022163582006930227e+02
6.010000000000000000e+03 1.048615897492529996e+02
6.020000000000000000e+03 9.993117333059323926e+01
6.030000000000000000e+03 8.681485159711989752e+01
6.040000000000000000e+03 1.154619965085273918e+02
6.050000000000000000e+03 1.043467298745484442e+02
6.060000000000000000e+03 8.491137121013628075e+01
6.070000000000000000e+03 9.949498056116014766e+01
6.080000000000000000e+03 1.069461820952774787e+02
6.090000000000000000e+03 8.700621950069360366e+01
6.100000000000000000e+03 1.016513072231349923e+02
6.110000000000000000e+03 9.328772769605134840e+01
6.120000000000000000e+03 9.224826766412500945e+01
6.130000000000000000e+03 8.221228162883399193e+01
6.140000000000000000e+03 8.804734111022581544e+01
6.150000000000000000e+03 1.064462764190258355e+02
6.160000000000000000e+03 9.946684833341922172e+01
6.170000000000000000e+03 1.125895871941980317e+02
6.180000000000000000e+03 1.031002601912413468e+02
6.190000000000000000e+03 9.441834531318299639e+01
6.200000000000000000e+03 1.098440307357106462e+02
6.210000000000000000e+03 1.174973144841706016e+02
6.220000000000000000e+03 1.010546862710652789e+02
6.230000000000000000e+03 1.025762329918146918e+02
6.240000000000000000e+03 1.100624995429940185e+02
6.250000000000000000e+03 8.774373077458599823e+01
6.260000000000000000e+03 9.694709454199288245e+01
6.270000000000000000e+03 9.886633126834261986e+01
6.280000000000000000e+03 8.893680079138691497e+01
6.290000000000000000e+03 9.994801828977008995e+01
6.300000000000000000e+03 1.010782921322246608e+02
6.310000000000000000e+03 9.639023686090523313e+01
6.320000000000000000e+03 9.215527661397528902e+01
6.330000000000000000e+03 1.079621508576034614e+02
6.340000000000000000e+03 1.157441782226293157e+02
6.350000000000000000e+03 1.026165119248123858e+02
6.360000000000000000e+03 1.065765097258590828e+02
6.370000000000000000e+03 1.107544033763940092e+02
6.380000000000000000e+03 1.047001302425851321e+02
6.390000000000000000e+03 1.224010883653567987e+02
6.400000000000000000e+03 1.149089776446671181e+02
6.410000000000000000e+03 1.107365270931859271e+02
6.420000000000000000e+03 8.913005945568453114e+01
6.430000000000000000e+03 9.705171663538378368e+01
6.440000000000000000e+03 1.177028917410635529e+02
6.450000000000000000e+03 9.975980165406961930e+01
6.460000000000000000e+03 8.459721845106604121e+01
6.470000000000000000e+03 9.550759537750620609e+01
6.480000000000000000e+03 9.009933215770733739e+01
6.490000000000000000e+03 8.489916720909999981e+01
6.500000000000000000e+03 1.069040696973353732e+02
6.510000000000000000e+03 9.264475445835554979e+01
6.520000000000000000e+03 1.175843467732509851e+02
6.530000000000000000e+03 9.782652746173918956e+01
6.540000000000000000e+03 1.078890987387242717e+02
6.550000000000000000e+03 1.071969657222062438e+02
6.560000000000000000e+03 8.700369848639502379e+01
6.570000000000000000e+03 8.947549571036890370e+01
6.580000000000000000e+03 9.790714262351409047e+01
6.590000000000000000e+03 1.017393708362466072e+02
6.600000000000000000e+03 1.059422454466492525e+02
6.610000000000000000e+03 1.095846527418549101e+02
6.620000000000000000e+03 1.126031089981631226e+02
6.630000000000000000e+03 1.027185557081251943e+02
6.640000000000000000e+03 9.882748472983274723e+01
6.650000000000000000e+03 1.106839295675929264e+02
6.660000000000000000e+03 9.641355624316706496e+01
6.670000000000000000e+03 1.122441509395136592e+02
6.680000000000000000e+03 1.032586830215950044e+02
6.690000000000000000e+03 9.926516718953317309e+01
6.700000000000000000e+03 1.021894864801013938e+02
6.710000000000000000e+03 1.091846136092945869e+02
6.720000000000000000e+03 1.062543928534365278e+02
6.730000000000000000e+03 9.921463231200263522e+01
6.740000000000000000e+03 1.011390256585085297e+02
6.750000000000000000e+03 1.012668525426022086e+02
6.760000000000000000e+03 9.973911787766539305e+01
6.770000000000000000e+03 1.026142200936318574e+02
6.780000000000000000e+03 1.104470115193063293e+02
6.790000000000000000e+03 1.203379246408702272e+02
6.800000000000000000e+03 1.083248904377007733e+02
6.810000000000000000e+03 1.221638838381726373e+02
6.820000000000000000e+03 1.412399406692582602e+02
6.830000000000000000e+03 1.140978412941004052e+02
6.840000000000000000e+03 1.029999925770934510e+02
6.850000000000000000e+03 8.984912148857371506e+01
6.860000000000000000e+03 9.932836443433609475e+01
6.870000000000000000e+03 1.010120009153280307e+02
6.880000000000000000e+03 1.044686552933522989e+02
6.890000000000000000e+03 9.703126204209760886e+01
6.900000000000000000e+03 1.055272521156360028e+02
6.910000000000000000e+03 1.063580982143551950e+02
6.920000000000000000e+03 9.528660555592425396e+01
6.930000000000000000e+03 7.669555749841686065e+01
6.940000000000000000e+03 9.899679375829389016e+01
6.950000000000000000e+03 1.012627845422567958e+02
6.960000000000000000e+03 1.002286530178251667e+02
6.970000000000000000e+03 9.964297555964243713e+01
6.980000000000000000e+03 1.128162492979517850e+02
6.990000000000000000e+03 9.516364881308918200e+01
7.000000000000000000e+03 9.949818912481288180e+01
7.010000000000000000e+03 9.572463179030175695e+01
7.020000000000000000e+03 9.763607629063770332e+01
7.030000000000000000e+03 8.565541420289316932e+01
7.040000000000000000e+03 1.034494779673735820e+02
7.050000000000000000e+03 1.078774676954831193e+02
7.060000000000000000e+03 1.008442961686932335e+02
7.070000000000000000e+03 1.206669743026138377e+02
7.080000000000000000e+03 1.274193965097896211e+02
7.090000000000000000e+03 9.264664521907947403e+01
7.100000000000000000e+03 1.027788881639524590e+02
7.110000000000000000e+03 1.040759500205696213e+02
7.120000000000000000e+03 1.081427471546286938e+02
7.130000000000000000e+03 9.110945675052299464e+01
7.140000000000000000e+03 9.878995599425167029e+01
7.150000000000000000e+03 1.110714782202194044e+02
7.160000000000000000e+03 1.114632094647503493e+02
7.170000000000000000e+03 1.113307416225161006e+02
7.180000000000000000e+03 1.129836102699095051e+02
7.190000000000000000e+03 1.083711854275473598e+02
7.200000000000000000e+03 9.197445113383199100e+01
7.210000000000000000e+03 9.634967144900997482e+01
7.220000000000000000e+03 1.026266532777862039e+02
7.230000000000000000e+03 1.066874916507759110e+02
7.240000000000000000e+03 1.031266162498173600e+02
7.250000000000000000e+03 8.498299093452763486e+01
7.260000000000000000e+03 8.417552151384975900e+01
7.270000000000000000e+03 9.802041637961146137e+01
7.280000000000000000e+03 1.039446280939256297e+02
7.290000000000000000e+03 9.880582692517680243e+01
7.300000000000000000e+03 1.039035470200147557e+02
7.310000000000000000e+03 1.058768709622248281e+02
7.320000000000000000e+03 8.655255151850900575e+01
7.330000000000000000e+03 1.088673095823511261e+02
7.340000000000000000e+03 9.296228766841704783e+01
7.350000000000000000e+03 9.146864399229050946e+01
7.360000000000000000e+03 8.563524608850457298e+01
7.370000000000000000e+03 9.724445963766578416e+01
7.380000000000000000e+03 1.078821086536236749e+02
7.390000000000000000e+03 8.839684536525561498e+01
7.400000000000000000e+03 8.826999250941365460e+01
7.410000000000000000e+03 1.069386763481612661e+02
7.420000000000000000e+03 1.021167781358992812e+02
7.430000000000000000e+03 8.714235427281667512e+01
7.440000000000000000e+03 9.377944007583262476e+01
7.450000000000000000e+03 9.429980034537044276e+01
7.460000000000000000e+03 9.785477428103914121e+01
7.470000000000000000e+03 9.296715780967565479e+01
7.480000000000000000e+03 1.073524091720252329e+02
7.490000000000000000e+03 9.971373584734109841e+01
7.500000000000000000e+03 9.369487150527130837e+01
7.510000000000000000e+03 9.138877367564926146e+01
7.520000000000000000e+03 9.092691239699431094e+01
7.530000000000000000e+03 1.039302468532678461e+02
7.540000000000000000e+03 1.076357940974969267e+02
7.550000000000000000e+03 1.086440852253681584e+02
7.560000000000000000e+03 1.090331235682619848e+02
7.570000000000000000e+03 1.064289730936128962e+02
7.580000000000000000e+03 9.548777103779468689e+01
7.590000000000000000e+03 9.286683289974824618e+01
7.600000000000000000e+03 1.058941742876377674e+02
7.610000000000000000e+03 8.937431136374880225e+01
7.620000000000000000e+03 9.551120501161553022e+01
7.630000000000000000e+03 9.887091493070364834e+01
7.640000000000000000e+03 1.051521366471638430e+02
7.650000000000000000e+03 8.857492064798228171e+01
7.660000000000000000e+03 9.072528854888777516e+01
7.670000000000000000e+03 1.152945782407901589e+02
7.680000000000000000e+03 9.701602136474713234e+01
7.690000000000000000e+03 9.560511279423748476e+01
7.700000000000000000e+03 1.025836241473718786e+02
7.710000000000000000e+03 9.292028986203395391e+01
7.720000000000000000e+03 8.704621195479371920e+01
7.730000000000000000e+03 9.684642585738839671e+01
7.740000000000000000e+03 9.964796029246008402e+01
7.750000000000000000e+03 9.478028275236714251e+01
7.760000000000000000e+03 1.011286551224166743e+02
7.770000000000000000e+03 1.039295593039137060e+02
7.780000000000000000e+03 1.031896416072817573e+02
7.790000000000000000e+03 1.140636357137311023e+02
7.800000000000000000e+03 1.224871466261854493e+02
7.810000000000000000e+03 1.192960581862043199e+02
7.820000000000000000e+03 9.315021782521995419e+01
7.830000000000000000e+03 1.052921675322938171e+02
7.840000000000000000e+03 1.200091614580241526e+02
7.850000000000000000e+03 1.155629516720294561e+02
7.860000000000000000e+03 1.076666765226544840e+02
7.870000000000000000e+03 9.249125906503999772e+01
7.880000000000000000e+03 9.491578727091558676e+01
7.890000000000000000e+03 1.033784884965568693e+02
7.900000000000000000e+03 7.203529068016128178e+01
7.910000000000000000e+03 9.152210095457620298e+01
7.920000000000000000e+03 9.265122888144053093e+01
7.930000000000000000e+03 9.009847272101465876e+01
7.940000000000000000e+03 8.611595767861932416e+01
7.950000000000000000e+03 1.121826725680961232e+02
7.960000000000000000e+03 9.971213156551473844e+01
7.970000000000000000e+03 9.170200970224729531e+01
7.980000000000000000e+03 9.732473102476360793e+01
7.990000000000000000e+03 9.491733425696243387e+01
8.000000000000000000e+03 9.168006541869377202e+01
8.010000000000000000e+03 1.029343889095509610e+02
8.020000000000000000e+03 1.026148503472065130e+02
8.030000000000000000e+03 1.051704140008285151e+02
8.040000000000000000e+03 9.415243560046279470e+01
8.050000000000000000e+03 9.825836575192928990e+01
8.060000000000000000e+03 1.078345531566278197e+02
8.070000000000000000e+03 1.039558580667102063e+02
8.080000000000000000e+03 9.389374515596121284e+01
8.090000000000000000e+03 9.483310946107819461e+01
8.100000000000000000e+03 9.081398241557401718e+01
8.110000000000000000e+03 9.985422509870717533e+01
8.120000000000000000e+03 9.691351921519822099e+01
8.130000000000000000e+03 8.435611781087499139e+01
8.140000000000000000e+03 1.044958707886209908e+02
8.150000000000000000e+03 8.725597180359112315e+01
8.160000000000000000e+03 1.026818864092368244e+02
8.170000000000000000e+03 9.180737664077184945e+01
8.180000000000000000e+03 9.097166040079402194e+01
8.190000000000000000e+03 8.988516053388744353e+01
8.200000000000000000e+03 9.751598433677828837e+01
8.210000000000000000e+03 1.055699947671527497e+02
8.220000000000000000e+03 1.107358395438317586e+02
8.230000000000000000e+03 1.012781398111662980e+02
8.240000000000000000e+03 9.204148719586230243e+01
8.250000000000000000e+03 1.108509467648735551e+02
8.260000000000000000e+03 1.130377547815493671e+02
8.270000000000000000e+03 1.170479436854495106e+02
8.280000000000000000e+03 1.177778919164461797e+02
8.290000000000000000e+03 1.026729482676327763e+02
8.300000000000000000e+03 1.005844025128218959e+02
8.310000000000000000e+03 1.081835990454215164e+02
8.320000000000000000e+03 1.081492215777136607e+02
8.330000000000000000e+03 1.006342498409982795e+02
8.340000000000000000e+03 8.926636611514615538e+01
8.350000000000000000e+03 9.439554159293679447e+01
8.360000000000000000e+03 9.026096355171374341e+01
8.370000000000000000e+03 9.464472093803918540e+01
8.380000000000000000e+03 9.871524229776662196e+01
8.390000000000000000e+03 1.103792306121423508e+02
8.400000000000000000e+03 1.217467132675378707e+02
8.410000000000000000e+03 1.117116439647190731e+02
8.420000000000000000e+03 1.044192663314120040e+02
8.430000000000000000e+03 8.504899567252670067e+01
8.440000000000000000e+03 9.250111393911623736e+01
8.450000000000000000e+03 9.372684255023960986e+01
8.460000000000000000e+03 1.184346161412251206e+02
8.470000000000000000e+03 9.761195476746270572e+01
8.480000000000000000e+03 8.386784317786451481e+01
8.490000000000000000e+03 9.625347183520752026e+01
8.500000000000000000e+03 1.023779895946994145e+02
8.510000000000000000e+03 8.186203252867052527e+01
8.520000000000000000e+03 7.671773096508843537e+01
8.530000000000000000e+03 1.075512255269356388e+02
8.540000000000000000e+03 8.258436042099194196e+01
8.550000000000000000e+03 8.746378359588507578e+01
8.560000000000000000e+03 8.792553028298100060e+01
8.570000000000000000e+03 8.454685546087405612e+01
8.580000000000000000e+03 9.036014254605089491e+01
8.590000000000000000e+03 9.667700223736822807e+01
8.600000000000000000e+03 8.812583632815874068e+01
8.610000000000000000e+03 1.000607190880723181e+02
8.620000000000000000e+03 1.017767276844891313e+02
8.630000000000000000e+03 1.143221542708941314e+02
8.640000000000000000e+03 9.608496494765954310e+01
8.650000000000000000e+03 8.926092301609241986e+01
8.660000000000000000e+03 8.602663355835842651e+01
8.670000000000000000e+03 9.001940454528659075e+01
8.680000000000000000e+03 8.790249737961674725e+01
8.690000000000000000e+03 9.556133881868947810e+01
8.700000000000000000e+03 8.573551370265245453e+01
8.710000000000000000e+03 1.027226237084706213e+02
8.720000000000000000e+03 1.090281388354443521e+02
8.730000000000000000e+03 1.018188400824312652e+02
8.740000000000000000e+03 1.260453291255068820e+02
8.750000000000000000e+03 1.066032668548916860e+02
8.760000000000000000e+03 1.052296578368450355e+02
8.770000000000000000e+03 8.615176754081500121e+01
8.780000000000000000e+03 1.051088210378519534e+02
8.790000000000000000e+03 1.022080503126636302e+02
8.800000000000000000e+03 1.142715048018045678e+02
8.810000000000000000e+03 1.291527084316194021e+02
8.820000000000000000e+03 1.202007585447158959e+02
8.830000000000000000e+03 1.182368311103459746e+02
8.840000000000000000e+03 1.214288935785788084e+02
8.850000000000000000e+03 1.261260588788408228e+02
8.860000000000000000e+03 1.277057035200164989e+02
8.870000000000000000e+03 1.078091138305240122e+02
8.880000000000000000e+03 9.115684036018029701e+01
8.890000000000000000e+03 8.158747115324383969e+01
8.900000000000000000e+03 9.408671734136127895e+01
8.910000000000000000e+03 9.681359537572741658e+01
8.920000000000000000e+03 1.022563506547931524e+02
8.930000000000000000e+03 9.508927889128119659e+01
8.940000000000000000e+03 9.241282114288658533e+01
8.950000000000000000e+03 9.397481868397223082e+01
8.960000000000000000e+03 8.370523775560637603e+01
8.970000000000000000e+03 9.891657966697559345e+01
8.980000000000000000e+03 9.819293397172535265e+01
8.990000000000000000e+03 8.924975033908735611e+01
9.000000000000000000e+03 1.009662215874970741e+02
9.010000000000000000e+03 1.023732340449998475e+02
9.020000000000000000e+03 9.370736198520516780e+01
9.030000000000000000e+03 9.648236847436227492e+01
9.040000000000000000e+03 9.182571129021602019e+01
9.050000000000000000e+03 1.031451227866000835e+02
9.060000000000000000e+03 8.143414764726682620e+01
9.070000000000000000e+03 8.993265873510378583e+01
9.080000000000000000e+03 8.299872349843056440e+01
9.090000000000000000e+03 8.899381009200241976e+01
9.100000000000000000e+03 9.265695845939183073e+01
9.110000000000000000e+03 8.429721774953554814e+01
9.120000000000000000e+03 1.017458452593315883e+02
9.130000000000000000e+03 1.038531267340432436e+02
9.140000000000000000e+03 9.068684308083449253e+01
9.150000000000000000e+03 1.003872477355173913e+02
9.160000000000000000e+03 1.024003922444890406e+02
9.170000000000000000e+03 1.213861509270620473e+02
9.180000000000000000e+03 1.052576181772474229e+02
9.190000000000000000e+03 9.309211990479369092e+01
9.200000000000000000e+03 9.743302004804333194e+01
9.210000000000000000e+03 1.008291700829017827e+02
9.220000000000000000e+03 9.525337400380666963e+01
9.230000000000000000e+03 1.045640527662415593e+02
9.240000000000000000e+03 1.113879228104701582e+02
9.250000000000000000e+03 1.244199051565002350e+02
9.260000000000000000e+03 1.206331697927011390e+02
9.270000000000000000e+03 1.097169486967506344e+02
9.280000000000000000e+03 9.846016148737436424e+01
9.290000000000000000e+03 1.078061344499893295e+02
9.300000000000000000e+03 1.160794158285603856e+02
9.310000000000000000e+03 1.293841260850727224e+02
9.320000000000000000e+03 1.130042367505342185e+02
9.330000000000000000e+03 9.226986817300144139e+01
9.340000000000000000e+03 8.966113403599129583e+01
9.350000000000000000e+03 1.098682095546651709e+02
9.360000000000000000e+03 1.189047853079094779e+02
9.370000000000000000e+03 1.177242630668219476e+02
9.380000000000000000e+03 1.132046573872709843e+02
9.390000000000000000e+03 1.151947116970988674e+02
9.400000000000000000e+03 1.231610022890388052e+02
9.410000000000000000e+03 1.247399593808603271e+02
9.420000000000000000e+03 1.137797351262437786e+02
9.430000000000000000e+03 1.098790384569931433e+02
9.440000000000000000e+03 1.112580905740935151e+02
9.450000000000000000e+03 1.016061581488787056e+02
9.460000000000000000e+03 1.154681271569352958e+02
9.470000000000000000e+03 1.121708123417369194e+02
9.480000000000000000e+03 9.880800416479829096e+01
9.490000000000000000e+03 9.387111332305356370e+01
9.500000000000000000e+03 8.168710851381707982e+01
9.510000000000000000e+03 1.012202137780785733e+02
9.520000000000000000e+03 8.965196671126919625e+01
9.530000000000000000e+03 9.011915649741887080e+01
9.540000000000000000e+03 1.209064133651990289e+02
9.550000000000000000e+03 1.294348901457213117e+02
9.560000000000000000e+03 1.131580186227473206e+02
9.570000000000000000e+03 9.341240331227182025e+01
9.580000000000000000e+03 8.541671998544167366e+01
9.590000000000000000e+03 8.836258248910679924e+01
9.600000000000000000e+03 1.067683932914483762e+02
9.610000000000000000e+03 9.784824256217464722e+01
9.620000000000000000e+03 9.143300601743335676e+01
9.630000000000000000e+03 9.937202381832507569e+01
9.640000000000000000e+03 8.856884729535389056e+01
9.650000000000000000e+03 9.908543032920064775e+01
9.660000000000000000e+03 8.295918941056653750e+01
9.670000000000000000e+03 1.023019580952855705e+02
9.680000000000000000e+03 1.017606848662254748e+02
9.690000000000000000e+03 9.337716640787127176e+01
9.700000000000000000e+03 8.801416685388774397e+01
9.710000000000000000e+03 9.343446218738435505e+01
9.720000000000000000e+03 8.779082790534573633e+01
9.730000000000000000e+03 9.193079174984302426e+01
9.740000000000000000e+03 1.006292651081806468e+02
9.750000000000000000e+03 8.495623380549503167e+01
9.760000000000000000e+03 9.883046411036742995e+01
9.770000000000000000e+03 1.051858838612970430e+02
9.780000000000000000e+03 9.542021931374875976e+01
9.790000000000000000e+03 1.058464469033033737e+02
9.800000000000000000e+03 1.130261810340877275e+02
9.810000000000000000e+03 1.038070609273147227e+02
9.820000000000000000e+03 8.041468384239055922e+01
9.830000000000000000e+03 8.122054898124206090e+01
9.840000000000000000e+03 1.057423404719281166e+02
9.850000000000000000e+03 8.992034014250847918e+01
9.860000000000000000e+03 9.219738901191739444e+01
9.870000000000000000e+03 9.780097354407635635e+01
9.880000000000000000e+03 9.129710042842832252e+01
9.890000000000000000e+03 9.436265381549628728e+01
9.900000000000000000e+03 9.387283219643894938e+01
9.910000000000000000e+03 1.019895242096007308e+02
9.920000000000000000e+03 9.976484368266676483e+01
9.930000000000000000e+03 1.014883007304202778e+02
9.940000000000000000e+03 1.114568496332244081e+02
9.950000000000000000e+03 1.195705049700719798e+02
9.960000000000000000e+03 1.131377932125791972e+02
9.970000000000000000e+03 9.004341147690257685e+01
9.980000000000000000e+03 9.013199075202979316e+01
9.990000000000000000e+03 8.459693197216847693e+01
