0.000000000000000000e+00 -5.915984040376094555e+01
1.000000000000000000e+01 -4.610367923877632990e+01
2.000000000000000000e+01 -7.067978712844079325e+01
3.000000000000000000e+01 -6.562240326238003263e+01
4.000000000000000000e+01 -7.267488346686582190e+01
5.000000000000000000e+01 -6.832934236547561113e+01
6.000000000000000000e+01 -6.623220224373777398e+01
7.000000000000000000e+01 -6.743690330377984310e+01
8.000000000000000000e+01 -6.466905878706185717e+01
9.000000000000000000e+01 -6.857158892125693228e+01
1.000000000000000000e+02 -6.717133736573670433e+01
1.100000000000000000e+02 -6.532274633552661669e+01
1.200000000000000000e+02 -4.538771117798086152e+01
1.300000000000000000e+02 -6.823629401954636364e+01
1.400000000000000000e+02 -5.742503879166383740e+01
1.500000000000000000e+02 -5.659591156633002385e+01
1.600000000000000000e+02 -7.779907421183882832e+01
1.700000000000000000e+02 -7.331115309835860216e+01
1.800000000000000000e+02 -6.787160638294560044e+01
1.900000000000000000e+02 -4.966237740011339241e+01
2.000000000000000000e+02 -5.714090902105846226e+01
2.100000000000000000e+02 -6.519847178976274904e+01
2.200000000000000000e+02 -6.146674037429617954e+01
2.300000000000000000e+02 -5.977559814618803102e+01
2.400000000000000000e+02 -5.875378521435172985e+01
2.500000000000000000e+02 -5.678172177929094744e+01
2.600000000000000000e+02 -6.166572861654511684e+01
2.700000000000000000e+02 -6.186345635164475709e+01
2.800000000000000000e+02 -6.542948837275949359e+01
2.900000000000000000e+02 -4.709970906983176064e+01
3.000000000000000000e+02 -7.125841720574341309e+01
3.100000000000000000e+02 -5.289191130814779029e+01
3.200000000000000000e+02 -6.382239905319704576e+01
3.300000000000000000e+02 -7.235184986197106127e+01
3.400000000000000000e+02 -5.967922664504703079e+01
3.500000000000000000e+02 -8.006936217926521238e+01
3.600000000000000000e+02 -6.101725498401604142e+01
3.700000000000000000e+02 -6.683163068900363157e+01
3.800000000000000000e+02 -7.224407650070695297e+01
3.900000000000000000e+02 -6.347787953098487890e+01
4.000000000000000000e+02 -6.104899684586629860e+01
4.100000000000000000e+02 -6.776795831780643198e+01
4.200000000000000000e+02 -6.936347388990722607e+01
4.300000000000000000e+02 -6.173872343964477949e+01
4.400000000000000000e+02 -5.682005265578520437e+01
4.500000000000000000e+02 -6.299017785576952377e+01
4.600000000000000000e+02 -4.876695895788294166e+01
4.700000000000000000e+02 -6.611102167006761476e+01
4.800000000000000000e+02 -6.119028823814554841e+01
4.900000000000000000e+02 -7.864647879083732107e+01
5.000000000000000000e+02 -5.802143056061550652e+01
5.100000000000000000e+02 -7.337732972369620654e+01
5.200000000000000000e+02 -5.842135510161681822e+01
5.300000000000000000e+02 -6.248328209441727665e+01
5.400000000000000000e+02 -6.791778678123314705e+01
5.500000000000000000e+02 -5.815573186779418080e+01
5.600000000000000000e+02 -6.947113265961230866e+01
5.700000000000000000e+02 -5.902233053292955134e+01
5.800000000000000000e+02 -6.192573686397548016e+01
5.900000000000000000e+02 -6.124460463712396319e+01
6.000000000000000000e+02 -7.166980090264733860e+01
6.100000000000000000e+02 -4.976424929608765524e+01
6.200000000000000000e+02 -6.241550118725330520e+01
6.300000000000000000e+02 -6.941137316158017256e+01
6.400000000000000000e+02 -5.091348804156105246e+01
6.500000000000000000e+02 -6.237086777501261281e+01
6.600000000000000000e+02 -6.312367702203499675e+01
6.700000000000000000e+02 -4.490602555961437048e+01
6.800000000000000000e+02 -6.339892594681585081e+01
6.900000000000000000e+02 -7.329195901222172438e+01
7.000000000000000000e+02 -5.160619401587422317e+01
7.100000000000000000e+02 -6.297327560081316733e+01
7.200000000000000000e+02 -5.975560191913797325e+01
7.300000000000000000e+02 -6.838612248297307872e+01
7.400000000000000000e+02 -6.057516074929310435e+01
7.500000000000000000e+02 -6.510846012014769713e+01
7.600000000000000000e+02 -5.939790436763779979e+01
7.700000000000000000e+02 -5.910019549728782096e+01
7.800000000000000000e+02 -6.105140326860583855e+01
7.900000000000000000e+02 -5.759658235552600303e+01
8.000000000000000000e+02 -8.103405121892697593e+01
8.100000000000000000e+02 -5.951209485620737638e+01
8.200000000000000000e+02 -5.387682575797767726e+01
8.300000000000000000e+02 -5.890470229758918919e+01
8.400000000000000000e+02 -7.238828997774139395e+01
8.500000000000000000e+02 -5.606632667629060052e+01
8.600000000000000000e+02 -6.159588506131866126e+01
8.700000000000000000e+02 -6.144714521770269755e+01
8.800000000000000000e+02 -6.585089883107821151e+01
8.900000000000000000e+02 -5.506244732344188719e+01
9.000000000000000000e+02 -6.102350022398297114e+01
9.100000000000000000e+02 -6.903579932687190990e+01
9.200000000000000000e+02 -6.673371220181577712e+01
9.300000000000000000e+02 -5.869540081502789519e+01
9.400000000000000000e+02 -5.129456227110257061e+01
9.500000000000000000e+02 -6.288057102956098987e+01
9.600000000000000000e+02 -7.123532700659963268e+01
9.700000000000000000e+02 -5.452272108042865284e+01
9.800000000000000000e+02 -5.671611811174846451e+01
9.900000000000000000e+02 -7.067382836737142782e+01
1.000000000000000000e+03 -6.608936386541166996e+01
1.010000000000000000e+03 -6.797353557469936902e+01
1.020000000000000000e+03 -5.277852296049139369e+01
1.030000000000000000e+03 -7.125188548687890489e+01
1.040000000000000000e+03 -4.898181813105700400e+01
1.050000000000000000e+03 -6.331653461587603715e+01
1.060000000000000000e+03 -7.044728085517670024e+01
1.070000000000000000e+03 -6.932554408386957334e+01
1.080000000000000000e+03 -6.840268096325235092e+01
1.090000000000000000e+03 -5.735152830654854483e+01
1.100000000000000000e+03 -6.452031894344590057e+01
1.110000000000000000e+03 -5.494092297509463663e+01
1.120000000000000000e+03 -6.496258506550736911e+01
1.130000000000000000e+03 -6.324743590578327002e+01
1.140000000000000000e+03 -6.264388216439245838e+01
1.150000000000000000e+03 -7.498275746565278155e+01
1.160000000000000000e+03 -5.350073626125380599e+01
1.170000000000000000e+03 -6.309365403357014657e+01
1.180000000000000000e+03 -6.623798911746860085e+01
1.190000000000000000e+03 -5.599218593760067364e+01
1.200000000000000000e+03 -5.648538800764928425e+01
1.210000000000000000e+03 -5.130510469453297162e+01
1.220000000000000000e+03 -7.646454091542011611e+01
1.230000000000000000e+03 -6.016555322155407737e+01
1.240000000000000000e+03 -7.739479519159452536e+01
1.250000000000000000e+03 -6.609125462613559421e+01
1.260000000000000000e+03 -6.363126033274140525e+01
1.270000000000000000e+03 -6.792655303549864243e+01
1.280000000000000000e+03 -5.495518962419340170e+01
1.290000000000000000e+03 -6.783677054900164194e+01
1.300000000000000000e+03 -6.525914802026709083e+01
1.310000000000000000e+03 -5.670253901200386792e+01
1.320000000000000000e+03 -7.007680634484511017e+01
1.330000000000000000e+03 -5.761319813158480230e+01
1.340000000000000000e+03 -7.041439307773619305e+01
1.350000000000000000e+03 -6.188878108618953888e+01
1.360000000000000000e+03 -5.129782813053481050e+01
1.370000000000000000e+03 -7.332943045202328847e+01
1.380000000000000000e+03 -5.120225877030699024e+01
1.390000000000000000e+03 -6.459010520289282908e+01
1.400000000000000000e+03 -5.557140573285659713e+01
1.410000000000000000e+03 -8.208101699796952744e+01
1.420000000000000000e+03 -6.946821057485715301e+01
1.430000000000000000e+03 -4.913290710163300190e+01
1.440000000000000000e+03 -7.128706509549995474e+01
1.450000000000000000e+03 -5.685763868714578706e+01
1.460000000000000000e+03 -6.591077292066938753e+01
1.470000000000000000e+03 -5.185170643108777710e+01
1.480000000000000000e+03 -8.320263917771761442e+01
1.490000000000000000e+03 -6.474486110335767819e+01
1.500000000000000000e+03 -7.166876957861610720e+01
1.510000000000000000e+03 -6.149521637671417551e+01
1.520000000000000000e+03 -5.415499676751368696e+01
1.530000000000000000e+03 -7.206164673873730919e+01
1.540000000000000000e+03 -6.379266254362975275e+01
1.550000000000000000e+03 -6.667217653461872828e+01
1.560000000000000000e+03 -7.219170815823200371e+01
1.570000000000000000e+03 -6.602645309950629837e+01
1.580000000000000000e+03 -7.041078344362686892e+01
1.590000000000000000e+03 -5.889971756477155651e+01
1.600000000000000000e+03 -5.808726341127604087e+01
1.610000000000000000e+03 -5.271819050466412193e+01
1.620000000000000000e+03 -7.017948038173256009e+01
1.630000000000000000e+03 -7.141311581042873513e+01
1.640000000000000000e+03 -5.514638564042854796e+01
1.650000000000000000e+03 -4.913416760878228473e+01
1.660000000000000000e+03 -6.715374756142618651e+01
1.670000000000000000e+03 -5.439810275998769384e+01
1.680000000000000000e+03 -5.151847417743969260e+01
1.690000000000000000e+03 -6.804813467962540585e+01
1.700000000000000000e+03 -6.556808686340163206e+01
1.710000000000000000e+03 -6.968673667792005233e+01
1.720000000000000000e+03 -4.753704775485511647e+01
1.730000000000000000e+03 -6.402281968993381156e+01
1.740000000000000000e+03 -7.246059725148688813e+01
1.750000000000000000e+03 -5.975691972206677605e+01
1.760000000000000000e+03 -6.396122672695723566e+01
1.770000000000000000e+03 -6.985587381904265669e+01
1.780000000000000000e+03 -6.153268781651572539e+01
1.790000000000000000e+03 -5.517807020649928518e+01
1.800000000000000000e+03 -7.111758417970024482e+01
1.810000000000000000e+03 -6.617290111194174074e+01
1.820000000000000000e+03 -5.096069976387983758e+01
1.830000000000000000e+03 -6.885039018436758340e+01
1.840000000000000000e+03 -4.632976838473495462e+01
1.850000000000000000e+03 -6.712985522136924033e+01
1.860000000000000000e+03 -6.400723523790624370e+01
1.870000000000000000e+03 -6.415551671528611166e+01
1.880000000000000000e+03 -6.133702272947855505e+01
1.890000000000000000e+03 -5.643015487619867798e+01
1.900000000000000000e+03 -6.864091681446775794e+01
1.910000000000000000e+03 -6.240650574986975130e+01
1.920000000000000000e+03 -6.140560577755572069e+01
1.930000000000000000e+03 -6.865610019603872161e+01
1.940000000000000000e+03 -5.476743135472902679e+01
1.950000000000000000e+03 -6.727779292407200273e+01
1.960000000000000000e+03 -6.761858822061581975e+01
1.970000000000000000e+03 -6.210364025936359411e+01
1.980000000000000000e+03 -5.579652085056349620e+01
1.990000000000000000e+03 -5.594319804611698288e+01
2.000000000000000000e+03 -6.352738308448418536e+01
2.010000000000000000e+03 -6.832206580147745001e+01
2.020000000000000000e+03 -5.901367887022307457e+01
2.030000000000000000e+03 -6.028071773837537961e+01
2.040000000000000000e+03 -5.131937134363173669e+01
2.050000000000000000e+03 -5.810078521524112460e+01
2.060000000000000000e+03 -5.465879855677222565e+01
2.070000000000000000e+03 -5.040160754739117976e+01
2.080000000000000000e+03 -6.798132780071314585e+01
2.090000000000000000e+03 -5.423028342179387806e+01
2.100000000000000000e+03 -6.775311871091254545e+01
2.110000000000000000e+03 -6.668329191584426496e+01
2.120000000000000000e+03 -6.321151145202855304e+01
2.130000000000000000e+03 -5.554453401226496112e+01
2.140000000000000000e+03 -5.125720542286003933e+01
2.150000000000000000e+03 -5.994192779411451966e+01
2.160000000000000000e+03 -7.215543992980022381e+01
2.170000000000000000e+03 -5.773609757864035430e+01
2.180000000000000000e+03 -7.433898208704378874e+01
2.190000000000000000e+03 -6.893862568481772257e+01
2.200000000000000000e+03 -6.467667912573710964e+01
2.210000000000000000e+03 -6.370224980355811084e+01
2.220000000000000000e+03 -6.903310642523480567e+01
2.230000000000000000e+03 -7.042951916352764385e+01
2.240000000000000000e+03 -6.535443090159735391e+01
2.250000000000000000e+03 -5.740143293050444129e+01
2.260000000000000000e+03 -6.117424541988189901e+01
2.270000000000000000e+03 -5.968782101197400181e+01
2.280000000000000000e+03 -6.323838317262019615e+01
2.290000000000000000e+03 -7.098683521085139603e+01
2.300000000000000000e+03 -6.530813591175078159e+01
2.310000000000000000e+03 -5.218935045975837284e+01
2.320000000000000000e+03 -7.665533586119867948e+01
2.330000000000000000e+03 -7.513424750668536944e+01
2.340000000000000000e+03 -6.477201930284687137e+01
2.350000000000000000e+03 -6.524579810364055277e+01
2.360000000000000000e+03 -6.143551417446154517e+01
2.370000000000000000e+03 -6.802510177626115251e+01
2.380000000000000000e+03 -5.702156191233271443e+01
2.390000000000000000e+03 -5.941933298917570028e+01
2.400000000000000000e+03 -5.757360674794126254e+01
2.410000000000000000e+03 -6.419665508497649853e+01
2.420000000000000000e+03 -6.409191840002657159e+01
2.430000000000000000e+03 -6.394335044374916066e+01
2.440000000000000000e+03 -6.284837080147464405e+01
2.450000000000000000e+03 -6.191588198989922631e+01
2.460000000000000000e+03 -5.657482671946920760e+01
2.470000000000000000e+03 -6.174479679227316353e+01
2.480000000000000000e+03 -5.675015180477924304e+01
2.490000000000000000e+03 -7.159130568471441336e+01
2.500000000000000000e+03 -7.162207351831293067e+01
2.510000000000000000e+03 -6.429594867087267573e+01
2.520000000000000000e+03 -6.867512239483706082e+01
2.530000000000000000e+03 -6.193278424485558986e+01
2.540000000000000000e+03 -6.018136685669968244e+01
2.550000000000000000e+03 -6.358147030034453451e+01
2.560000000000000000e+03 -5.874272712890571313e+01
2.570000000000000000e+03 -6.050050434858755466e+01
2.580000000000000000e+03 -6.656337184932338857e+01
2.590000000000000000e+03 -6.424163227189426095e+01
2.600000000000000000e+03 -7.576679291250981407e+01
2.610000000000000000e+03 -5.313077741293783163e+01
2.620000000000000000e+03 -6.476714916158826441e+01
2.630000000000000000e+03 -5.809923822919427039e+01
2.640000000000000000e+03 -6.441838975169211778e+01
2.650000000000000000e+03 -5.229150883463019994e+01
2.660000000000000000e+03 -5.496836765348140830e+01
2.670000000000000000e+03 -6.543034780945218643e+01
2.680000000000000000e+03 -6.262079196524868507e+01
2.690000000000000000e+03 -5.867202413698655761e+01
2.700000000000000000e+03 -5.925535246820924584e+01
2.710000000000000000e+03 -5.604134571642290297e+01
2.720000000000000000e+03 -7.233649459306155904e+01
2.730000000000000000e+03 -6.199397613737555446e+01
2.740000000000000000e+03 -7.622086196515098777e+01
2.750000000000000000e+03 -5.957552128412835657e+01
2.760000000000000000e+03 -7.490002236003589076e+01
2.770000000000000000e+03 -6.309336755467258229e+01
2.780000000000000000e+03 -6.139529253724336400e+01
2.790000000000000000e+03 -6.370477081785668361e+01
2.800000000000000000e+03 -6.132161016478954707e+01
2.810000000000000000e+03 -6.111712152770734718e+01
2.820000000000000000e+03 -5.164062877936158458e+01
2.830000000000000000e+03 -5.642161780505122692e+01
2.840000000000000000e+03 -6.637664490389025218e+01
2.850000000000000000e+03 -6.566451566032215226e+01
2.860000000000000000e+03 -7.101748845289090184e+01
2.870000000000000000e+03 -6.132189664368709714e+01
2.880000000000000000e+03 -5.973021988881367861e+01
2.890000000000000000e+03 -7.756272912134737396e+01
2.900000000000000000e+03 -6.526642458426525195e+01
2.910000000000000000e+03 -6.751385153566590702e+01
2.920000000000000000e+03 -6.461714881082301076e+01
2.930000000000000000e+03 -5.887926297148537458e+01
2.940000000000000000e+03 -5.522734457688053311e+01
2.950000000000000000e+03 -6.263574616370159021e+01
2.960000000000000000e+03 -6.348458313718791146e+01
2.970000000000000000e+03 -5.489267992874462010e+01
2.980000000000000000e+03 -5.642207617128732977e+01
2.990000000000000000e+03 -6.098047109356865292e+01
3.000000000000000000e+03 -6.453968491692131693e+01
3.010000000000000000e+03 -6.568164709839656723e+01
3.020000000000000000e+03 -6.798000999778435016e+01
3.030000000000000000e+03 -6.617209897102856075e+01
3.040000000000000000e+03 -6.698495419498064507e+01
3.050000000000000000e+03 -6.356388049603401669e+01
3.060000000000000000e+03 -6.265545591185409791e+01
3.070000000000000000e+03 -7.269241597539682687e+01
3.080000000000000000e+03 -4.269429387885037386e+01
3.090000000000000000e+03 -7.206445423193345334e+01
3.100000000000000000e+03 -6.632513599810799576e+01
3.110000000000000000e+03 -6.080738054365961887e+01
3.120000000000000000e+03 -6.073278143873359625e+01
3.130000000000000000e+03 -5.425990533980214536e+01
3.140000000000000000e+03 -6.817344054942051912e+01
3.150000000000000000e+03 -5.422157446330788844e+01
3.160000000000000000e+03 -5.687855164666805763e+01
3.170000000000000000e+03 -6.161364675296771765e+01
3.180000000000000000e+03 -5.050158868264150414e+01
3.190000000000000000e+03 -6.573447380710763355e+01
3.200000000000000000e+03 -5.355596939270441226e+01
3.210000000000000000e+03 -6.209962955479767999e+01
3.220000000000000000e+03 -7.362375887138198038e+01
3.230000000000000000e+03 -6.619553294484940409e+01
3.240000000000000000e+03 -6.847361313828955076e+01
3.250000000000000000e+03 -6.397027946012030952e+01
3.260000000000000000e+03 -7.501060321449614321e+01
3.270000000000000000e+03 -6.846215398238693695e+01
3.280000000000000000e+03 -6.293460094964183327e+01
3.290000000000000000e+03 -6.364621453119431038e+01
3.300000000000000000e+03 -6.837781459494368619e+01
3.310000000000000000e+03 -5.900817847538981198e+01
3.320000000000000000e+03 -6.316229437742681796e+01
3.330000000000000000e+03 -7.594584222348818514e+01
3.340000000000000000e+03 -5.453418023633126666e+01
3.350000000000000000e+03 -6.679719592551627727e+01
3.360000000000000000e+03 -7.058375940197686305e+01
3.370000000000000000e+03 -6.756438641319645910e+01
3.380000000000000000e+03 -6.020571756299275279e+01
3.390000000000000000e+03 -6.455859252416063043e+01
3.400000000000000000e+03 -6.613669017928947369e+01
3.410000000000000000e+03 -6.777523488180459310e+01
3.420000000000000000e+03 -7.052938570721893541e+01
3.430000000000000000e+03 -6.804893682053858583e+01
3.440000000000000000e+03 -6.816478888671403524e+01
3.450000000000000000e+03 -6.739026453925619364e+01
3.460000000000000000e+03 -5.862882311923369372e+01
3.470000000000000000e+03 -5.821102229502429282e+01
3.480000000000000000e+03 -7.088169745544489331e+01
3.490000000000000000e+03 -6.540456470867128758e+01
3.500000000000000000e+03 -6.322703860827660804e+01
3.510000000000000000e+03 -6.500343695630022012e+01
3.520000000000000000e+03 -6.182002615077383467e+01
3.530000000000000000e+03 -5.262193359508214030e+01
3.540000000000000000e+03 -6.386600114140650675e+01
3.550000000000000000e+03 -6.548592471557988404e+01
3.560000000000000000e+03 -5.376091639602270789e+01
3.570000000000000000e+03 -6.306724067921461341e+01
3.580000000000000000e+03 -6.325339466685262124e+01
3.590000000000000000e+03 -5.729744109068820279e+01
3.600000000000000000e+03 -6.939332499103355190e+01
3.610000000000000000e+03 -5.518053392501835219e+01
3.620000000000000000e+03 -7.755986433237171696e+01
3.630000000000000000e+03 -5.460591455228164648e+01
3.640000000000000000e+03 -6.509619882333188912e+01
3.650000000000000000e+03 -6.937504763736887980e+01
3.660000000000000000e+03 -5.414210521712324464e+01
3.670000000000000000e+03 -6.929122391194123054e+01
3.680000000000000000e+03 -6.283616680043835601e+01
3.690000000000000000e+03 -6.384205150557003350e+01
3.700000000000000000e+03 -6.497960191202275837e+01
3.710000000000000000e+03 -5.578723893428237801e+01
3.720000000000000000e+03 -4.085842251169218997e+01
3.730000000000000000e+03 -6.288589953705571389e+01
3.740000000000000000e+03 -6.844662682613889615e+01
3.750000000000000000e+03 -4.309330168737947986e+01
3.760000000000000000e+03 -4.855931905292753470e+01
3.770000000000000000e+03 -5.329808108911603171e+01
3.780000000000000000e+03 -7.577636130768847522e+01
3.790000000000000000e+03 -5.717855234819855781e+01
3.800000000000000000e+03 -7.471163383699686733e+01
3.810000000000000000e+03 -5.931883619190974599e+01
3.820000000000000000e+03 -6.814582398369520888e+01
3.830000000000000000e+03 -7.251915353814926846e+01
3.840000000000000000e+03 -5.217554217689571772e+01
3.850000000000000000e+03 -6.373731482062011366e+01
3.860000000000000000e+03 -7.345324663155105327e+01
3.870000000000000000e+03 -6.762660962974766221e+01
3.880000000000000000e+03 -5.972758428295607303e+01
3.890000000000000000e+03 -6.146880302235864235e+01
3.900000000000000000e+03 -5.845137809008168261e+01
3.910000000000000000e+03 -7.029155092646014680e+01
3.920000000000000000e+03 -5.759297272141668600e+01
3.930000000000000000e+03 -5.913302597894881529e+01
3.940000000000000000e+03 -5.313129307495344733e+01
3.950000000000000000e+03 -7.265912712749972968e+01
3.960000000000000000e+03 -6.067915258910934284e+01
3.970000000000000000e+03 -7.905539876922219378e+01
3.980000000000000000e+03 -5.479882944190219973e+01
3.990000000000000000e+03 -7.407702578310997410e+01
4.000000000000000000e+03 -6.925638807799728625e+01
4.010000000000000000e+03 -5.767840072867068102e+01
4.020000000000000000e+03 -6.846851381391289237e+01
4.030000000000000000e+03 -5.962703018991062009e+01
4.040000000000000000e+03 -6.485727542276232782e+01
4.050000000000000000e+03 -6.618109440841210755e+01
4.060000000000000000e+03 -6.553130297295423645e+01
4.070000000000000000e+03 -7.219806798975795914e+01
4.080000000000000000e+03 -6.213715829037874983e+01
4.090000000000000000e+03 -5.924572677725105052e+01
4.100000000000000000e+03 -5.458769449439648724e+01
4.110000000000000000e+03 -6.595242695237539010e+01
4.120000000000000000e+03 -6.191960621556757616e+01
4.130000000000000000e+03 -6.068115794139229990e+01
4.140000000000000000e+03 -6.153171378826400684e+01
4.150000000000000000e+03 -6.863186408130468408e+01
4.160000000000000000e+03 -6.712825093954286615e+01
4.170000000000000000e+03 -5.303114005236457729e+01
4.180000000000000000e+03 -5.822717970484698924e+01
4.190000000000000000e+03 -5.847349426097373737e+01
4.200000000000000000e+03 -5.124849646437404971e+01
4.210000000000000000e+03 -6.209361349794881590e+01
4.220000000000000000e+03 -6.404281591698386933e+01
4.230000000000000000e+03 -6.587387443866295200e+01
4.240000000000000000e+03 -5.410131062210993491e+01
4.250000000000000000e+03 -5.624382900122213158e+01
4.260000000000000000e+03 -6.331458655937259294e+01
4.270000000000000000e+03 -6.042773870860593632e+01
4.280000000000000000e+03 -6.794402824825013454e+01
4.290000000000000000e+03 -6.677760076892280949e+01
4.300000000000000000e+03 -6.208610775083259625e+01
4.310000000000000000e+03 -6.727143309254606152e+01
4.320000000000000000e+03 -5.874708160814870439e+01
4.330000000000000000e+03 -7.914220187518451155e+01
4.340000000000000000e+03 -5.302936388319967875e+01
4.350000000000000000e+03 -6.444726682456671085e+01
4.360000000000000000e+03 -5.983295122148062717e+01
4.370000000000000000e+03 -7.223599779579561186e+01
4.380000000000000000e+03 -6.301441397050356130e+01
4.390000000000000000e+03 -7.665739850926114229e+01
4.400000000000000000e+03 -6.628800833298350881e+01
4.410000000000000000e+03 -5.880598166948815475e+01
4.420000000000000000e+03 -5.992863517326748024e+01
4.430000000000000000e+03 -4.763817480569570506e+01
4.440000000000000000e+03 -6.820483863659367785e+01
4.450000000000000000e+03 -7.294279853186898777e+01
4.460000000000000000e+03 -5.748731930399456047e+01
4.470000000000000000e+03 -5.524917426887502359e+01
4.480000000000000000e+03 -7.545063480115661037e+01
4.490000000000000000e+03 -6.058364052466104255e+01
4.500000000000000000e+03 -5.786931026600828432e+01
4.510000000000000000e+03 -6.289397824196705500e+01
4.520000000000000000e+03 -6.072384329712954809e+01
4.530000000000000000e+03 -5.616120848716426650e+01
4.540000000000000000e+03 -5.967057498234055402e+01
4.550000000000000000e+03 -6.438515819957454767e+01
4.560000000000000000e+03 -5.941194183361850634e+01
4.570000000000000000e+03 -5.375787971970851231e+01
4.580000000000000000e+03 -5.377426631264925305e+01
4.590000000000000000e+03 -5.411689507413748856e+01
4.600000000000000000e+03 -5.482163316214840165e+01
4.610000000000000000e+03 -7.131319197095791651e+01
4.620000000000000000e+03 -7.052142159386663423e+01
4.630000000000000000e+03 -8.039978693971714563e+01
4.640000000000000000e+03 -4.839276022188299464e+01
4.650000000000000000e+03 -6.476548758398237737e+01
4.660000000000000000e+03 -5.435696439029730698e+01
4.670000000000000000e+03 -5.443448557997850656e+01
4.680000000000000000e+03 -6.710063437381757012e+01
4.690000000000000000e+03 -5.974122067848018958e+01
4.700000000000000000e+03 -6.553714714246457618e+01
4.710000000000000000e+03 -6.649622119573406565e+01
4.720000000000000000e+03 -7.666570639729054903e+01
4.730000000000000000e+03 -4.984142671109177769e+01
4.740000000000000000e+03 -6.540869000479624162e+01
4.750000000000000000e+03 -6.478026989509676525e+01
4.760000000000000000e+03 -6.616505159014843684e+01
4.770000000000000000e+03 -5.918470677206962449e+01
4.780000000000000000e+03 -6.024679863690361969e+01
4.790000000000000000e+03 -7.354881599177886642e+01
4.800000000000000000e+03 -6.344716899316586733e+01
4.810000000000000000e+03 -6.083029885546486781e+01
4.820000000000000000e+03 -5.516185550089708300e+01
4.830000000000000000e+03 -6.171368518399756198e+01
4.840000000000000000e+03 -6.558722365375901120e+01
4.850000000000000000e+03 -5.091618094319817089e+01
4.860000000000000000e+03 -7.053660497543759789e+01
4.870000000000000000e+03 -6.232720839102364607e+01
4.880000000000000000e+03 -6.403880521241795520e+01
4.890000000000000000e+03 -6.376430113277078249e+01
4.900000000000000000e+03 -4.630094860763988152e+01
4.910000000000000000e+03 -6.089544415677123368e+01
4.920000000000000000e+03 -5.864853286738619431e+01
4.930000000000000000e+03 -5.020582786879497661e+01
4.940000000000000000e+03 -5.998128999464000799e+01
4.950000000000000000e+03 -6.149670606698152397e+01
4.960000000000000000e+03 -5.803993709739823714e+01
4.970000000000000000e+03 -4.221518657056197554e+01
4.980000000000000000e+03 -6.497266912270168859e+01
4.990000000000000000e+03 -6.425572703365449456e+01
5.000000000000000000e+03 -6.314734017897390572e+01
5.010000000000000000e+03 -5.725464114339192889e+01
5.020000000000000000e+03 -7.565982169215888575e+01
5.030000000000000000e+03 -5.676396008764189105e+01
5.040000000000000000e+03 -7.198206290099363969e+01
5.050000000000000000e+03 -5.427079153790963062e+01
5.060000000000000000e+03 -5.606340459153543776e+01
5.070000000000000000e+03 -6.370551566299035784e+01
5.080000000000000000e+03 -5.235447689631507728e+01
5.090000000000000000e+03 -6.951072404325584841e+01
5.100000000000000000e+03 -6.346458691013784659e+01
5.110000000000000000e+03 -6.381105448885345055e+01
5.120000000000000000e+03 -6.290010889037495900e+01
5.130000000000000000e+03 -7.124965095147790350e+01
5.140000000000000000e+03 -6.472492217208711907e+01
5.150000000000000000e+03 -6.116049443279875675e+01
5.160000000000000000e+03 -6.314556400980900008e+01
5.170000000000000000e+03 -6.101794253337020280e+01
5.180000000000000000e+03 -6.654629770702848646e+01
5.190000000000000000e+03 -6.739473361005822483e+01
5.200000000000000000e+03 -6.810680555784679768e+01
5.210000000000000000e+03 -5.954979547912697768e+01
5.220000000000000000e+03 -6.271109011376129416e+01
5.230000000000000000e+03 -6.754593717219323423e+01
5.240000000000000000e+03 -6.790902052696763747e+01
5.250000000000000000e+03 -6.712206299535544929e+01
5.260000000000000000e+03 -7.417013142481873444e+01
5.270000000000000000e+03 -6.779872615140496350e+01
5.280000000000000000e+03 -7.010591260083775467e+01
5.290000000000000000e+03 -6.173425436884276252e+01
5.300000000000000000e+03 -7.108165972594555626e+01
5.310000000000000000e+03 -4.957832449156769883e+01
5.320000000000000000e+03 -5.995797061237818326e+01
5.330000000000000000e+03 -5.312086524308206492e+01
5.340000000000000000e+03 -6.496006405120880345e+01
5.350000000000000000e+03 -7.030369763171691488e+01
5.360000000000000000e+03 -5.900961086987764048e+01
5.370000000000000000e+03 -5.870502650598609762e+01
5.380000000000000000e+03 -5.960491401901857245e+01
5.390000000000000000e+03 -6.448680091243075196e+01
5.400000000000000000e+03 -6.148547609419695448e+01
5.410000000000000000e+03 -5.772847723996512315e+01
5.420000000000000000e+03 -6.706453803272431458e+01
5.430000000000000000e+03 -7.890511193955937586e+01
5.440000000000000000e+03 -5.782479144532661763e+01
5.450000000000000000e+03 -6.469318031023686899e+01
5.460000000000000000e+03 -7.332839912799204285e+01
5.470000000000000000e+03 -6.373731482062011366e+01
5.480000000000000000e+03 -5.728174204710161632e+01
5.490000000000000000e+03 -5.419269739043330247e+01
5.500000000000000000e+03 -6.295425340201482101e+01
5.510000000000000000e+03 -5.780548276763070703e+01
5.520000000000000000e+03 -5.722622243675343867e+01
5.530000000000000000e+03 -6.426180038628287150e+01
5.540000000000000000e+03 -6.430391278422499113e+01
5.550000000000000000e+03 -5.730248311928534832e+01
5.560000000000000000e+03 -7.400454662202592715e+01
5.570000000000000000e+03 -6.621678967904875890e+01
5.580000000000000000e+03 -6.312086952883885971e+01
5.590000000000000000e+03 -6.239183803031440334e+01
5.600000000000000000e+03 -5.677089287696297504e+01
5.610000000000000000e+03 -6.753321750914133759e+01
5.620000000000000000e+03 -6.461531534587858516e+01
5.630000000000000000e+03 -6.268461946362624815e+01
5.640000000000000000e+03 -5.891524472101959731e+01
5.650000000000000000e+03 -7.067176571930895079e+01
5.660000000000000000e+03 -6.351964815424992139e+01
5.670000000000000000e+03 -7.019655452402744800e+01
5.680000000000000000e+03 -5.862017145652722405e+01
5.690000000000000000e+03 -6.495020917713254960e+01
5.700000000000000000e+03 -5.668053743267084599e+01
5.710000000000000000e+03 -6.828585486882518296e+01
5.720000000000000000e+03 -5.929528762652987695e+01
5.730000000000000000e+03 -6.685443440924984770e+01
5.740000000000000000e+03 -5.783132316419110452e+01
5.750000000000000000e+03 -5.813166764039868184e+01
5.760000000000000000e+03 -6.118576187156401858e+01
5.770000000000000000e+03 -4.237842224639474864e+01
5.780000000000000000e+03 -5.136503607990366049e+01
5.790000000000000000e+03 -6.418290409789335627e+01
5.800000000000000000e+03 -5.749923682613328424e+01
5.810000000000000000e+03 -5.886631412531542651e+01
5.820000000000000000e+03 -6.361945740216170009e+01
5.830000000000000000e+03 -6.204617259251197936e+01
5.840000000000000000e+03 -6.387150153623975513e+01
5.850000000000000000e+03 -6.011937282326653076e+01
5.860000000000000000e+03 -6.202692121059558161e+01
5.870000000000000000e+03 -6.595953162903501266e+01
5.880000000000000000e+03 -6.388983618568394718e+01
5.890000000000000000e+03 -6.746692629224469329e+01
5.900000000000000000e+03 -7.534887749674138036e+01
5.910000000000000000e+03 -7.172921662600239756e+01
5.920000000000000000e+03 -4.769357982448485700e+01
5.930000000000000000e+03 -7.225736912155399239e+01
5.940000000000000000e+03 -5.777488682137071407e+01
5.950000000000000000e+03 -5.958847013029830464e+01
5.960000000000000000e+03 -6.269739642245767186e+01
5.970000000000000000e+03 -6.000609906716916697e+01
5.980000000000000000e+03 -6.267476458955000851e+01
5.990000000000000000e+03 -5.524126745130222105e+01
6.000000000000000000e+03 -5.740573011396792680e+01
6.010000000000000000e+03 -6.065124954448648253e+01
6.020000000000000000e+03 -5.226790297347081093e+01
6.030000000000000000e+03 -6.170829938072333221e+01
6.040000000000000000e+03 -7.162436534949345912e+01
6.050000000000000000e+03 -5.470956261742081495e+01
6.060000000000000000e+03 -5.978379144265840495e+01
6.070000000000000000e+03 -6.399354154660261429e+01
6.080000000000000000e+03 -4.959900826797192508e+01
6.090000000000000000e+03 -7.063297647657859102e+01
6.100000000000000000e+03 -6.786513195986061930e+01
6.110000000000000000e+03 -6.414170843242344233e+01
6.120000000000000000e+03 -5.824242038219746576e+01
6.130000000000000000e+03 -5.215130606216168729e+01
6.140000000000000000e+03 -6.474107958190980128e+01
6.150000000000000000e+03 -5.889880083229934371e+01
6.160000000000000000e+03 -6.802704983276458961e+01
6.170000000000000000e+03 -5.475156042380390176e+01
6.180000000000000000e+03 -6.283994832188622581e+01
6.190000000000000000e+03 -5.126322147970891052e+01
6.200000000000000000e+03 -5.332982295096627468e+01
6.210000000000000000e+03 -6.224229604578525965e+01
6.220000000000000000e+03 -5.785779381432614343e+01
6.230000000000000000e+03 -6.275956234322936922e+01
6.240000000000000000e+03 -6.755579204626948808e+01
6.250000000000000000e+03 -6.114393595251947744e+01
6.260000000000000000e+03 -6.128940993670317994e+01
6.270000000000000000e+03 -5.729343038612228867e+01
6.280000000000000000e+03 -7.109976519227168978e+01
6.290000000000000000e+03 -5.275657867693789171e+01
6.300000000000000000e+03 -6.326989585135239480e+01
6.310000000000000000e+03 -6.096672010648551066e+01
6.320000000000000000e+03 -6.877097823396245246e+01
6.330000000000000000e+03 -6.484048775936500419e+01
6.340000000000000000e+03 -5.541447259277026660e+01
6.350000000000000000e+03 -6.357178731360681923e+01
6.360000000000000000e+03 -6.829519408088580690e+01
6.370000000000000000e+03 -5.224108854865868778e+01
6.380000000000000000e+03 -5.860155032818547483e+01
6.390000000000000000e+03 -6.099829008099721506e+01
6.400000000000000000e+03 -6.541476335742461856e+01
6.410000000000000000e+03 -5.210942284733762619e+01
6.420000000000000000e+03 -6.737462279144912713e+01
6.430000000000000000e+03 -7.131141580179300377e+01
6.440000000000000000e+03 -5.098333159678750803e+01
6.450000000000000000e+03 -8.009835384369883116e+01
6.460000000000000000e+03 -6.813304702486379938e+01
6.470000000000000000e+03 -6.871144791904835358e+01
6.480000000000000000e+03 -5.843344451109408766e+01
6.490000000000000000e+03 -6.626153768284846990e+01
6.500000000000000000e+03 -6.299063622200562662e+01
6.510000000000000000e+03 -5.645891735751424534e+01
6.520000000000000000e+03 -6.220493919754272127e+01
6.530000000000000000e+03 -4.843023166168455873e+01
6.540000000000000000e+03 -7.209539395287050922e+01
6.550000000000000000e+03 -4.348113681890353632e+01
6.560000000000000000e+03 -6.702466017018322475e+01
6.570000000000000000e+03 -6.060008441338129614e+01
6.580000000000000000e+03 -6.283948995565012297e+01
6.590000000000000000e+03 -6.582626164588758400e+01
6.600000000000000000e+03 -5.409288814252150956e+01
6.610000000000000000e+03 -6.729750267222451043e+01
6.620000000000000000e+03 -7.455544554204421104e+01
6.630000000000000000e+03 -6.691654303424202510e+01
6.640000000000000000e+03 -6.136526954877850670e+01
6.650000000000000000e+03 -7.312574395585426146e+01
6.660000000000000000e+03 -5.048056113156020075e+01
6.670000000000000000e+03 -7.257404289492279759e+01
6.680000000000000000e+03 -6.520511810018626875e+01
6.690000000000000000e+03 -4.880322718631472156e+01
6.700000000000000000e+03 -6.413425998108674264e+01
6.710000000000000000e+03 -6.313771448801571040e+01
6.720000000000000000e+03 -6.488987672130527073e+01
6.730000000000000000e+03 -6.144233237222360344e+01
6.740000000000000000e+03 -5.712704344241629428e+01
6.750000000000000000e+03 -5.646802738645682496e+01
6.760000000000000000e+03 -6.418811801382904036e+01
6.770000000000000000e+03 -6.880082933508876408e+01
6.780000000000000000e+03 -6.159834877983772827e+01
6.790000000000000000e+03 -6.021098877470795685e+01
6.800000000000000000e+03 -4.757532133556985343e+01
6.810000000000000000e+03 -7.968513668185048004e+01
6.820000000000000000e+03 -6.542032104803739401e+01
6.830000000000000000e+03 -5.884591682780876454e+01
6.840000000000000000e+03 -6.404453479036926922e+01
6.850000000000000000e+03 -6.480135474195756728e+01
6.860000000000000000e+03 -4.188539206368467660e+01
6.870000000000000000e+03 -6.424117390565817232e+01
6.880000000000000000e+03 -6.257335105981184853e+01
6.890000000000000000e+03 -5.578294175081889961e+01
6.900000000000000000e+03 -6.680573299666372122e+01
6.910000000000000000e+03 -6.103616259125536914e+01
6.920000000000000000e+03 -6.114215978335456469e+01
6.930000000000000000e+03 -7.427624320847696993e+01
6.940000000000000000e+03 -5.773271712764908159e+01
6.950000000000000000e+03 -6.507035842677149162e+01
6.960000000000000000e+03 -6.057510345351358438e+01
6.970000000000000000e+03 -6.836922022801671517e+01
6.980000000000000000e+03 -5.906203650813210970e+01
6.990000000000000000e+03 -6.081362578362655569e+01
7.000000000000000000e+03 -4.776915295766261238e+01
7.010000000000000000e+03 -6.853257049540850687e+01
7.020000000000000000e+03 -7.198292233768633253e+01
7.030000000000000000e+03 -5.717528648876631081e+01
7.040000000000000000e+03 -6.526906019012285753e+01
7.050000000000000000e+03 -6.743300719077295469e+01
7.060000000000000000e+03 -6.193410204778438555e+01
7.070000000000000000e+03 -6.813304702486379938e+01
7.080000000000000000e+03 -6.195587444399936317e+01
7.090000000000000000e+03 -5.263568458216528256e+01
7.100000000000000000e+03 -6.216265491226207729e+01
7.110000000000000000e+03 -5.633848162897774614e+01
7.120000000000000000e+03 -5.903407616772972233e+01
7.130000000000000000e+03 -5.811791665331553958e+01
7.140000000000000000e+03 -7.069130358012290571e+01
7.150000000000000000e+03 -6.389986294709872539e+01
7.160000000000000000e+03 -6.824924286571632592e+01
7.170000000000000000e+03 -5.870044284362504783e+01
7.180000000000000000e+03 -6.201993112549498477e+01
7.190000000000000000e+03 -6.620624725561833657e+01
7.200000000000000000e+03 -5.932668571370304278e+01
7.210000000000000000e+03 -6.811144651598735322e+01
7.220000000000000000e+03 -6.667292137975239541e+01
7.230000000000000000e+03 -5.759285812985765318e+01
7.240000000000000000e+03 -6.657339861073818099e+01
7.250000000000000000e+03 -5.876501518713629935e+01
7.260000000000000000e+03 -6.562589830493034526e+01
7.270000000000000000e+03 -5.321144987049224540e+01
7.280000000000000000e+03 -6.575217820297716287e+01
7.290000000000000000e+03 -4.610144470337532141e+01
7.300000000000000000e+03 -5.849853251662094067e+01
7.310000000000000000e+03 -6.799926137970075501e+01
7.320000000000000000e+03 -5.556991604258925577e+01
7.330000000000000000e+03 -6.918557049451911212e+01
7.340000000000000000e+03 -5.535391095382493631e+01
7.350000000000000000e+03 -7.492299796762063124e+01
7.360000000000000000e+03 -7.185796024256831060e+01
7.370000000000000000e+03 -6.200400289879034688e+01
7.380000000000000000e+03 -6.666959822454064977e+01
7.390000000000000000e+03 -6.732099394182488084e+01
7.400000000000000000e+03 -6.258383618746275090e+01
7.410000000000000000e+03 -5.435948540459587974e+01
7.420000000000000000e+03 -6.706952276554196146e+01
7.430000000000000000e+03 -5.465765264118196143e+01
7.440000000000000000e+03 -4.744566098653174890e+01
7.450000000000000000e+03 -6.136039940751989263e+01
7.460000000000000000e+03 -6.966668315509046749e+01
7.470000000000000000e+03 -5.578064991963837116e+01
7.480000000000000000e+03 -5.974551786194367509e+01
7.490000000000000000e+03 -5.063709320118994839e+01
7.500000000000000000e+03 -6.539746003201167923e+01
7.510000000000000000e+03 -5.283793868384646686e+01
7.520000000000000000e+03 -6.548093998276223715e+01
7.530000000000000000e+03 -7.138028532876774079e+01
7.540000000000000000e+03 -5.814616347261549123e+01
7.550000000000000000e+03 -6.102498991425030539e+01
7.560000000000000000e+03 -6.666375405503031004e+01
7.570000000000000000e+03 -5.221198229266604329e+01
7.580000000000000000e+03 -6.026931587825227155e+01
7.590000000000000000e+03 -5.485732843278505300e+01
7.600000000000000000e+03 -7.133507895873191273e+01
7.610000000000000000e+03 -5.828607976618643960e+01
7.620000000000000000e+03 -6.502549583141274070e+01
7.630000000000000000e+03 -4.743718121116381070e+01
7.640000000000000000e+03 -7.835300980817130778e+01
7.650000000000000000e+03 -6.286968483145351172e+01
7.660000000000000000e+03 -7.314768823940778475e+01
7.670000000000000000e+03 -4.730477066470908198e+01
7.680000000000000000e+03 -6.035588980109653789e+01
7.690000000000000000e+03 -6.616780178756506814e+01
7.700000000000000000e+03 -5.868715022277801552e+01
7.710000000000000000e+03 -6.102859954835963663e+01
7.720000000000000000e+03 -7.118628181933642907e+01
7.730000000000000000e+03 -5.627923779296121154e+01
7.740000000000000000e+03 -5.790615145223519278e+01
7.750000000000000000e+03 -6.318716074573550401e+01
7.760000000000000000e+03 -6.080193744460588334e+01
7.770000000000000000e+03 -7.620040737186479873e+01
7.780000000000000000e+03 -6.423320979230584271e+01
7.790000000000000000e+03 -6.081162043134359863e+01
7.800000000000000000e+03 -6.463926498171505841e+01
7.810000000000000000e+03 -7.033967938125113051e+01
7.820000000000000000e+03 -5.418759806605663698e+01
7.830000000000000000e+03 -6.926641483941207866e+01
7.840000000000000000e+03 -6.714246029286211126e+01
7.850000000000000000e+03 -6.797433771561256322e+01
7.860000000000000000e+03 -5.189175618096742681e+01
7.870000000000000000e+03 -5.871682943656578857e+01
7.880000000000000000e+03 -6.423515784880929402e+01
7.890000000000000000e+03 -6.820758883401030914e+01
7.900000000000000000e+03 -6.090518443928846182e+01
7.910000000000000000e+03 -6.959815740279282181e+01
7.920000000000000000e+03 -4.889427017996100489e+01
7.930000000000000000e+03 -6.533437737876778328e+01
7.940000000000000000e+03 -5.593196807333242049e+01
7.950000000000000000e+03 -6.992285258529345526e+01
7.960000000000000000e+03 -6.642981538727839563e+01
7.970000000000000000e+03 -5.213440380720532374e+01
7.980000000000000000e+03 -5.606260245062225778e+01
7.990000000000000000e+03 -6.482049153231494643e+01
8.000000000000000000e+03 -6.461170571176927524e+01
8.010000000000000000e+03 -6.853377370677829106e+01
8.020000000000000000e+03 -6.449046784231958895e+01
8.030000000000000000e+03 -6.662628261522876016e+01
8.040000000000000000e+03 -5.610918391936638727e+01
8.050000000000000000e+03 -7.575407324945788901e+01
8.060000000000000000e+03 -6.838354417289498599e+01
8.070000000000000000e+03 -5.713122603432075408e+01
8.080000000000000000e+03 -7.651329962378575544e+01
8.090000000000000000e+03 -5.742074160820035189e+01
8.100000000000000000e+03 -6.528922830451146808e+01
8.110000000000000000e+03 -6.913360322250075285e+01
8.120000000000000000e+03 -5.550477074128288280e+01
8.130000000000000000e+03 -7.327053039068383100e+01
8.140000000000000000e+03 -5.893730359613213210e+01
8.150000000000000000e+03 -6.889107018782186742e+01
8.160000000000000000e+03 -6.676470921853236007e+01
8.170000000000000000e+03 -6.749677739337100491e+01
8.180000000000000000e+03 -5.968237791292025918e+01
8.190000000000000000e+03 -5.757864877653840807e+01
8.200000000000000000e+03 -7.271132358263615458e+01
8.210000000000000000e+03 -6.331785241880483994e+01
8.220000000000000000e+03 -5.930445495125196231e+01
8.230000000000000000e+03 -6.971034253907943423e+01
8.240000000000000000e+03 -6.382514925061366995e+01
8.250000000000000000e+03 -6.132264148882077137e+01
8.260000000000000000e+03 -6.242610090646323329e+01
8.270000000000000000e+03 -6.253587962001028444e+01
8.280000000000000000e+03 -5.427978697529318453e+01
8.290000000000000000e+03 -5.515400597910379332e+01
8.300000000000000000e+03 -7.136773755305436850e+01
8.310000000000000000e+03 -5.608007766337374278e+01
8.320000000000000000e+03 -5.566771993821809161e+01
8.330000000000000000e+03 -4.879583603075753473e+01
8.340000000000000000e+03 -7.000742115585475744e+01
8.350000000000000000e+03 -5.829410117531827495e+01
8.360000000000000000e+03 -5.111694535461201383e+01
8.370000000000000000e+03 -6.546730358723812060e+01
8.380000000000000000e+03 -6.677181389519198262e+01
8.390000000000000000e+03 -6.257925252510169400e+01
8.400000000000000000e+03 -5.209280707127882692e+01
8.410000000000000000e+03 -7.036322794663101376e+01
8.420000000000000000e+03 -6.251605528029876524e+01
8.430000000000000000e+03 -6.063675371226966604e+01
8.440000000000000000e+03 -6.902731955150399301e+01
8.450000000000000000e+03 -6.837821566540026197e+01
8.460000000000000000e+03 -6.614408133484664631e+01
8.470000000000000000e+03 -5.287632685612022954e+01
8.480000000000000000e+03 -5.806388673323470329e+01
8.490000000000000000e+03 -5.148403941395233119e+01
8.500000000000000000e+03 -6.587398903022197771e+01
8.510000000000000000e+03 -6.976127848706657630e+01
8.520000000000000000e+03 -5.692834167906492837e+01
8.530000000000000000e+03 -6.849206237929276142e+01
8.540000000000000000e+03 -6.360209678096924080e+01
8.550000000000000000e+03 -6.822500675098228839e+01
8.560000000000000000e+03 -6.717380108425577134e+01
8.570000000000000000e+03 -4.461937477471042257e+01
8.580000000000000000e+03 -6.680710809537204398e+01
8.590000000000000000e+03 -6.807890251322393738e+01
8.600000000000000000e+03 -5.895030973808160013e+01
8.610000000000000000e+03 -6.851543905733410611e+01
8.620000000000000000e+03 -6.029435413389948906e+01
8.630000000000000000e+03 -6.921599455344056651e+01
8.640000000000000000e+03 -5.500010951533165837e+01
8.650000000000000000e+03 -6.721803342603986664e+01
8.660000000000000000e+03 -5.167489165551040742e+01
8.670000000000000000e+03 -8.138452950220849402e+01
8.680000000000000000e+03 -6.091824787701743560e+01
8.690000000000000000e+03 -5.678132070883435745e+01
8.700000000000000000e+03 -6.710556181085568994e+01
8.710000000000000000e+03 -6.741381310463606269e+01
8.720000000000000000e+03 -4.877526684591233419e+01
8.730000000000000000e+03 -6.079105124649839809e+01
8.740000000000000000e+03 -6.966616749307485179e+01
8.750000000000000000e+03 -5.555880066136371909e+01
8.760000000000000000e+03 -6.839053425799558283e+01
8.770000000000000000e+03 -4.978367256534258445e+01
8.780000000000000000e+03 -5.487617874424485365e+01
8.790000000000000000e+03 -5.401634098109202853e+01
8.800000000000000000e+03 -6.963058681399721195e+01
8.810000000000000000e+03 -5.607812960687029147e+01
8.820000000000000000e+03 -6.797577011010038461e+01
8.830000000000000000e+03 -5.345707687726483215e+01
8.840000000000000000e+03 -7.582311466377116460e+01
8.850000000000000000e+03 -5.050113031640540129e+01
8.860000000000000000e+03 -7.360244484140311272e+01
8.870000000000000000e+03 -5.156717559002581197e+01
8.880000000000000000e+03 -7.061899630637741154e+01
8.890000000000000000e+03 -6.049517584109283064e+01
8.900000000000000000e+03 -6.298158348884256696e+01
8.910000000000000000e+03 -6.573665104672912207e+01
8.920000000000000000e+03 -5.810175924349285737e+01
8.930000000000000000e+03 -7.098723628130798602e+01
8.940000000000000000e+03 -6.648424637781582192e+01
8.950000000000000000e+03 -6.094701035833300296e+01
8.960000000000000000e+03 -6.300152242011310477e+01
8.970000000000000000e+03 -6.836979318581185794e+01
8.980000000000000000e+03 -5.962267571066762883e+01
8.990000000000000000e+03 -6.487646950889921982e+01
9.000000000000000000e+03 -6.443746924626998407e+01
9.010000000000000000e+03 -5.314584620294976958e+01
9.020000000000000000e+03 -5.602948549006368495e+01
9.030000000000000000e+03 -5.453727420842497509e+01
9.040000000000000000e+03 -5.719637133562711995e+01
9.050000000000000000e+03 -5.467913855849936766e+01
9.060000000000000000e+03 -5.954939440867039480e+01
9.070000000000000000e+03 -6.528670729021288821e+01
9.080000000000000000e+03 -6.665968605468488306e+01
9.090000000000000000e+03 -6.342969378041437523e+01
9.100000000000000000e+03 -6.452266807040594188e+01
9.110000000000000000e+03 -5.282917242958096438e+01
9.120000000000000000e+03 -6.157502939757589644e+01
9.130000000000000000e+03 -6.688886917273721622e+01
9.140000000000000000e+03 -6.167644292731405642e+01
9.150000000000000000e+03 -5.890814004435996765e+01
9.160000000000000000e+03 -6.379409493811758836e+01
9.170000000000000000e+03 -5.919421787146879410e+01
9.180000000000000000e+03 -6.425727401970134167e+01
9.190000000000000000e+03 -6.790483793506318477e+01
9.200000000000000000e+03 -5.111717453773006525e+01
9.210000000000000000e+03 -7.113689285739616253e+01
9.220000000000000000e+03 -5.826470844042805197e+01
9.230000000000000000e+03 -6.223198280547290295e+01
9.240000000000000000e+03 -5.759125384803129322e+01
9.250000000000000000e+03 -6.455097218548540638e+01
9.260000000000000000e+03 -6.458047951193464087e+01
9.270000000000000000e+03 -6.804120189030432186e+01
9.280000000000000000e+03 -5.545498070888601205e+01
9.290000000000000000e+03 -6.478743186753588645e+01
9.300000000000000000e+03 -7.128351275717014346e+01
9.310000000000000000e+03 -5.593105134086021479e+01
9.320000000000000000e+03 -6.912999358839141451e+01
9.330000000000000000e+03 -7.013140922272107503e+01
9.340000000000000000e+03 -5.606747259188086474e+01
9.350000000000000000e+03 -6.874427840070934792e+01
9.360000000000000000e+03 -5.675444898824272144e+01
9.370000000000000000e+03 -5.458007415572124188e+01
9.380000000000000000e+03 -5.708349864998635326e+01
9.390000000000000000e+03 -5.854545776004216151e+01
9.400000000000000000e+03 -5.643817628533050623e+01
9.410000000000000000e+03 -6.887439711598356951e+01
9.420000000000000000e+03 -7.630107605646928448e+01
9.430000000000000000e+03 -7.050446204313075782e+01
9.440000000000000000e+03 -6.975778344451626367e+01
9.450000000000000000e+03 -5.958188111565431200e+01
9.460000000000000000e+03 -7.290349362712302650e+01
9.470000000000000000e+03 -6.615783232192978858e+01
9.480000000000000000e+03 -5.742813276375754583e+01
9.490000000000000000e+03 -6.069530999893203926e+01
9.500000000000000000e+03 -6.409094437177485304e+01
9.510000000000000000e+03 -6.170411678881887951e+01
9.520000000000000000e+03 -6.872548538502906013e+01
9.530000000000000000e+03 -7.280723671754104487e+01
9.540000000000000000e+03 -6.386462604269819110e+01
9.550000000000000000e+03 -4.947232729946849616e+01
9.560000000000000000e+03 -6.493754680986016581e+01
9.570000000000000000e+03 -5.600994762924973003e+01
9.580000000000000000e+03 -5.773088366270467731e+01
9.590000000000000000e+03 -5.578093639853594254e+01
9.600000000000000000e+03 -7.227387030605376594e+01
9.610000000000000000e+03 -5.949204133337779865e+01
9.620000000000000000e+03 -6.906072299096011591e+01
9.630000000000000000e+03 -5.353138950329329759e+01
9.640000000000000000e+03 -5.426540573463540085e+01
9.650000000000000000e+03 -6.030959481124995847e+01
9.660000000000000000e+03 -6.165077441809219749e+01
9.670000000000000000e+03 -6.802997191751975947e+01
9.680000000000000000e+03 -6.068522594173772688e+01
9.690000000000000000e+03 -6.323569027098308482e+01
9.700000000000000000e+03 -5.539206994298064757e+01
9.710000000000000000e+03 -6.595225506503685153e+01
9.720000000000000000e+03 -6.014464026203180680e+01
9.730000000000000000e+03 -7.337990803377429927e+01
9.740000000000000000e+03 -5.741678819941394352e+01
9.750000000000000000e+03 -5.022656894097871572e+01
9.760000000000000000e+03 -6.318177494246126713e+01
9.770000000000000000e+03 -5.998696227681179494e+01
9.780000000000000000e+03 -5.874129473441787042e+01
9.790000000000000000e+03 -7.231346168969730570e+01
9.800000000000000000e+03 -6.408979845618459592e+01
9.810000000000000000e+03 -6.174359358090338645e+01
9.820000000000000000e+03 -4.964157903215014045e+01
9.830000000000000000e+03 -7.324004903598287797e+01
9.840000000000000000e+03 -5.757320567748466544e+01
9.850000000000000000e+03 -5.968123199732998785e+01
9.860000000000000000e+03 -6.029372388032484764e+01
9.870000000000000000e+03 -5.529323472332058742e+01
9.880000000000000000e+03 -6.937676651075426548e+01
9.890000000000000000e+03 -6.598233534928122879e+01
9.900000000000000000e+03 -7.036254039727685949e+01
9.910000000000000000e+03 -6.375885803371703986e+01
9.920000000000000000e+03 -6.836280310071126110e+01
9.930000000000000000e+03 -5.960497131479807820e+01
9.940000000000000000e+03 -5.927231201894512225e+01
9.950000000000000000e+03 -6.025980477885308773e+01
9.960000000000000000e+03 -5.515967826127558737e+01
9.970000000000000000e+03 -6.144370747093191909e+01
9.980000000000000000e+03 -5.015712645620885723e+01
9.990000000000000000e+03 -5.793640362381810149e+01
