0.000000000000000000e+00 1.584600153145765944e+02
1.000000000000000000e+01 1.744751597167348507e+02
2.000000000000000000e+01 1.722395356959138724e+02
3.000000000000000000e+01 -1.762117374979968645e+02
4.000000000000000000e+01 1.728751177780525268e+02
5.000000000000000000e+01 1.759364885732159962e+02
6.000000000000000000e+01 1.722387908507802194e+02
7.000000000000000000e+01 1.690520568900421097e+02
8.000000000000000000e+01 1.673971255945862140e+02
9.000000000000000000e+01 1.738565944811116140e+02
1.000000000000000000e+02 1.661000064421895388e+02
1.100000000000000000e+02 1.696467297856083860e+02
1.200000000000000000e+02 1.591630918249816489e+02
1.300000000000000000e+02 1.721984546220029983e+02
1.400000000000000000e+02 1.573924803506888566e+02
1.500000000000000000e+02 1.772487911071836493e+02
1.600000000000000000e+02 1.793106370287414109e+02
1.700000000000000000e+02 1.793290862697446357e+02
1.800000000000000000e+02 1.736234006584933525e+02
1.900000000000000000e+02 1.745794953312281734e+02
2.000000000000000000e+02 1.739481531367735272e+02
2.100000000000000000e+02 1.737195429765163226e+02
2.200000000000000000e+02 1.691279737978969138e+02
2.300000000000000000e+02 1.604819833735932946e+02
2.400000000000000000e+02 1.583066918085996235e+02
2.500000000000000000e+02 1.649992399261842024e+02
2.600000000000000000e+02 1.692856517831169185e+02
2.700000000000000000e+02 -1.776499761553342580e+02
2.800000000000000000e+02 1.745343462569718724e+02
2.900000000000000000e+02 1.657855672042217634e+02
3.000000000000000000e+02 1.758880163437479212e+02
3.100000000000000000e+02 1.537811846637587792e+02
3.200000000000000000e+02 1.667074562965872246e+02
3.300000000000000000e+02 1.586726399523496411e+02
3.400000000000000000e+02 1.594508312296963481e+02
3.500000000000000000e+02 1.655535765929732861e+02
3.600000000000000000e+02 -1.794074096003390366e+02
3.700000000000000000e+02 1.704417660221319011e+02
3.800000000000000000e+02 1.692602124570131252e+02
3.900000000000000000e+02 1.743806216805382405e+02
4.000000000000000000e+02 -1.741214728698005842e+02
4.100000000000000000e+02 1.621192102731796183e+02
4.200000000000000000e+02 1.794383493212760925e+02
4.300000000000000000e+02 1.757675233194319162e+02
4.400000000000000000e+02 -1.767395462188713680e+02
4.500000000000000000e+02 -1.762175243717276771e+02
4.600000000000000000e+02 1.752208642870976121e+02
4.700000000000000000e+02 1.614638038513294589e+02
4.800000000000000000e+02 1.663054118117439373e+02
4.900000000000000000e+02 1.608663234625670384e+02
5.000000000000000000e+02 1.684961732372061647e+02
5.100000000000000000e+02 1.647972723034006037e+02
5.200000000000000000e+02 1.716883502969980384e+02
5.300000000000000000e+02 1.710077337321621371e+02
5.400000000000000000e+02 1.633832697607972477e+02
5.500000000000000000e+02 1.617236975072008249e+02
5.600000000000000000e+02 1.483681658942603576e+02
5.700000000000000000e+02 1.677772257958760065e+02
5.800000000000000000e+02 1.625256092372659111e+02
5.900000000000000000e+02 1.615965581724612719e+02
6.000000000000000000e+02 1.601523607540545413e+02
6.100000000000000000e+02 1.675964003157327227e+02
6.200000000000000000e+02 1.738299519436380081e+02
6.300000000000000000e+02 -1.754984050430589946e+02
6.400000000000000000e+02 1.707884054881860436e+02
6.500000000000000000e+02 1.785473999498476587e+02
6.600000000000000000e+02 1.571716624164454572e+02
6.700000000000000000e+02 1.753896576535431393e+02
6.800000000000000000e+02 1.738822056945539600e+02
6.900000000000000000e+02 -1.727405872877558011e+02
7.000000000000000000e+02 1.673952348338622755e+02
7.100000000000000000e+02 1.693764655936451504e+02
7.200000000000000000e+02 1.628503044197665588e+02
7.300000000000000000e+02 1.782413831914682874e+02
7.400000000000000000e+02 -1.795066458904557010e+02
7.500000000000000000e+02 1.726066870510337026e+02
7.600000000000000000e+02 1.638611165619363419e+02
7.700000000000000000e+02 1.734640037998879905e+02
7.800000000000000000e+02 1.569020284780568772e+02
7.900000000000000000e+02 1.745596709915166400e+02
8.000000000000000000e+02 -1.794996558053550757e+02
8.100000000000000000e+02 1.676397732208241393e+02
8.200000000000000000e+02 1.689933287160411908e+02
8.300000000000000000e+02 1.620247295327625352e+02
8.400000000000000000e+02 1.625953954967128539e+02
8.500000000000000000e+02 1.699671277846455268e+02
8.600000000000000000e+02 1.710910990913536693e+02
8.700000000000000000e+02 1.668415857164273746e+02
8.800000000000000000e+02 1.720077742677834465e+02
8.900000000000000000e+02 1.708884439192158879e+02
9.000000000000000000e+02 1.550244457834131708e+02
9.100000000000000000e+02 1.392779039956122915e+02
9.200000000000000000e+02 1.633564553359851175e+02
9.300000000000000000e+02 1.672038669302885694e+02
9.400000000000000000e+02 1.741170037989985531e+02
9.500000000000000000e+02 1.711804232116145386e+02
9.600000000000000000e+02 1.658712243945938098e+02
9.700000000000000000e+02 1.636689465174494558e+02
9.800000000000000000e+02 1.722570682044448915e+02
9.900000000000000000e+02 1.657620186388418801e+02
1.000000000000000000e+03 1.597398311415603303e+02
1.010000000000000000e+03 1.673157655876776460e+02
1.020000000000000000e+03 1.596164160324891554e+02
1.030000000000000000e+03 1.508598447537252696e+02
1.040000000000000000e+03 1.624008190294864278e+02
1.050000000000000000e+03 1.704425108672655824e+02
1.060000000000000000e+03 1.727274665542472860e+02
1.070000000000000000e+03 1.713672647486067149e+02
1.080000000000000000e+03 1.699663256437323469e+02
1.090000000000000000e+03 1.640635425509560719e+02
1.100000000000000000e+03 -1.770373123850008596e+02
1.110000000000000000e+03 -1.799318378702222674e+02
1.120000000000000000e+03 -1.712498656963844041e+02
1.130000000000000000e+03 1.735983051070666363e+02
1.140000000000000000e+03 -1.776111296168243996e+02
1.150000000000000000e+03 1.721370335463649610e+02
1.160000000000000000e+03 1.777814699693167881e+02
1.170000000000000000e+03 1.540445160664009165e+02
1.180000000000000000e+03 -1.717941183059791683e+02
1.190000000000000000e+03 1.759273785442734379e+02
1.200000000000000000e+03 1.760515957942577927e+02
1.210000000000000000e+03 1.755410331030167299e+02
1.220000000000000000e+03 1.783578655112183640e+02
1.230000000000000000e+03 1.668159745029850285e+02
1.240000000000000000e+03 1.778709659769162101e+02
1.250000000000000000e+03 1.754448334892142611e+02
1.260000000000000000e+03 1.731842285085255924e+02
1.270000000000000000e+03 -1.756577446058848579e+02
1.280000000000000000e+03 1.680771692016269867e+02
1.290000000000000000e+03 1.754993217755312003e+02
1.300000000000000000e+03 1.706819499298507594e+02
1.310000000000000000e+03 1.787844325896932673e+02
1.320000000000000000e+03 1.778986398384210190e+02
1.330000000000000000e+03 1.662947547967545177e+02
1.340000000000000000e+03 1.772491921776402535e+02
1.350000000000000000e+03 1.680585480732852375e+02
1.360000000000000000e+03 1.633029983736994097e+02
1.370000000000000000e+03 1.619623344288727935e+02
1.380000000000000000e+03 1.798074487328993598e+02
1.390000000000000000e+03 1.783889198237144740e+02
1.400000000000000000e+03 1.708750367068098228e+02
1.410000000000000000e+03 -1.775455259492819096e+02
1.420000000000000000e+03 -1.692207929607081383e+02
1.430000000000000000e+03 1.680864511179081262e+02
1.440000000000000000e+03 -1.730315925519027473e+02
1.450000000000000000e+03 1.766857454819085831e+02
1.460000000000000000e+03 1.728803889897677095e+02
1.470000000000000000e+03 1.741013620511915008e+02
1.480000000000000000e+03 1.765807796138406331e+02
1.490000000000000000e+03 1.769699898440729839e+02
1.500000000000000000e+03 1.731034987551916515e+02
1.510000000000000000e+03 1.669219143993047112e+02
1.520000000000000000e+03 1.765812952758562346e+02
1.530000000000000000e+03 1.710897812884248594e+02
1.540000000000000000e+03 1.729944075909987475e+02
1.550000000000000000e+03 1.775239254404054634e+02
1.560000000000000000e+03 1.586906308271167916e+02
1.570000000000000000e+03 -1.769782404363228636e+02
1.580000000000000000e+03 1.654569759087142415e+02
1.590000000000000000e+03 1.789026910786082567e+02
1.600000000000000000e+03 1.690621982430158994e+02
1.610000000000000000e+03 1.799796798461156868e+02
1.620000000000000000e+03 1.608049596827085566e+02
1.630000000000000000e+03 1.695136889855789946e+02
1.640000000000000000e+03 1.530332455579950022e+02
1.650000000000000000e+03 1.677016526626982511e+02
1.660000000000000000e+03 1.703728391993776654e+02
1.670000000000000000e+03 1.788576565959110098e+02
1.680000000000000000e+03 1.714852940544036812e+02
1.690000000000000000e+03 1.650419825777009919e+02
1.700000000000000000e+03 1.786080188845724877e+02
1.710000000000000000e+03 1.738235921121120668e+02
1.720000000000000000e+03 -1.780774599662813671e+02
1.730000000000000000e+03 1.705516020314584864e+02
1.740000000000000000e+03 -1.710415955378543629e+02
1.750000000000000000e+03 -1.694124473431793945e+02
1.760000000000000000e+03 1.687569836255497080e+02
1.770000000000000000e+03 1.711326385315006462e+02
1.780000000000000000e+03 1.759533908281723598e+02
1.790000000000000000e+03 1.647810003020188674e+02
1.800000000000000000e+03 1.780280710043410863e+02
1.810000000000000000e+03 1.707564344432177563e+02
1.820000000000000000e+03 1.773310105507848959e+02
1.830000000000000000e+03 1.627855601889167474e+02
1.840000000000000000e+03 1.713153547723678685e+02
1.850000000000000000e+03 1.551785714303033785e+02
1.860000000000000000e+03 1.602851723709658529e+02
1.870000000000000000e+03 1.637130069718950267e+02
1.880000000000000000e+03 1.608319459948591827e+02
1.890000000000000000e+03 1.662747012739249328e+02
1.900000000000000000e+03 1.747770511789892680e+02
1.910000000000000000e+03 1.647312102696220109e+02
1.920000000000000000e+03 1.636467730507779095e+02
1.930000000000000000e+03 1.749315206005565528e+02
1.940000000000000000e+03 -1.747627845298905243e+02
1.950000000000000000e+03 1.560121104306596749e+02
1.960000000000000000e+03 1.743586201012052186e+02
1.970000000000000000e+03 1.701293894322265601e+02
1.980000000000000000e+03 1.754582979973998249e+02
1.990000000000000000e+03 1.634710468950112841e+02
2.000000000000000000e+03 1.702729726556863454e+02
2.010000000000000000e+03 1.732526969650436968e+02
2.020000000000000000e+03 1.699775556165168950e+02
2.030000000000000000e+03 1.605683854090990224e+02
2.040000000000000000e+03 1.729783074769555640e+02
2.050000000000000000e+03 1.751488434922496538e+02
2.060000000000000000e+03 1.694139943292262274e+02
2.070000000000000000e+03 -1.777685211231468259e+02
2.080000000000000000e+03 1.760987502207970579e+02
2.090000000000000000e+03 1.763666079900206967e+02
2.100000000000000000e+03 -1.767426401909650906e+02
2.110000000000000000e+03 1.681963444230142102e+02
2.120000000000000000e+03 1.723481111980911749e+02
2.130000000000000000e+03 1.759508125180942670e+02
2.140000000000000000e+03 1.785325603429537864e+02
2.150000000000000000e+03 1.623863804930491028e+02
2.160000000000000000e+03 1.658094595442787238e+02
2.170000000000000000e+03 1.667391981584374889e+02
2.180000000000000000e+03 -1.753297262681724646e+02
2.190000000000000000e+03 1.733637361857400663e+02
2.200000000000000000e+03 1.675493031849729846e+02
2.210000000000000000e+03 1.755482523712353782e+02
2.220000000000000000e+03 1.596612786278478779e+02
2.230000000000000000e+03 1.641714305037791917e+02
2.240000000000000000e+03 1.691799410699152872e+02
2.250000000000000000e+03 1.703015059538838898e+02
2.260000000000000000e+03 1.589497223420749208e+02
2.270000000000000000e+03 1.718185263080517586e+02
2.280000000000000000e+03 1.747816921371298235e+02
2.290000000000000000e+03 1.625140927855837845e+02
2.300000000000000000e+03 1.782903710829519639e+02
2.310000000000000000e+03 1.720335573685643737e+02
2.320000000000000000e+03 1.704478966705398193e+02
2.330000000000000000e+03 1.678617370706577958e+02
2.340000000000000000e+03 1.605530301401895201e+02
2.350000000000000000e+03 1.628197084735065800e+02
2.360000000000000000e+03 1.562775044813642751e+02
2.370000000000000000e+03 1.523572699512996849e+02
2.380000000000000000e+03 1.789531113645797689e+02
2.390000000000000000e+03 1.642958769368815979e+02
2.400000000000000000e+03 1.739093638940431674e+02
2.410000000000000000e+03 1.653023918955879310e+02
2.420000000000000000e+03 1.752319223725436359e+02
2.430000000000000000e+03 1.707599294857680263e+02
2.440000000000000000e+03 1.635151073494568550e+02
2.450000000000000000e+03 1.716116885440095245e+02
2.460000000000000000e+03 -1.791955298076996428e+02
2.470000000000000000e+03 1.721390961944274522e+02
2.480000000000000000e+03 1.766040989961024650e+02
2.490000000000000000e+03 1.714257064437100553e+02
2.500000000000000000e+03 1.769035267398378153e+02
2.510000000000000000e+03 -1.789075612198668921e+02
2.520000000000000000e+03 1.708933713562540220e+02
2.530000000000000000e+03 1.717526361616117185e+02
2.540000000000000000e+03 1.732552179793423193e+02
2.550000000000000000e+03 1.750154016217636865e+02
2.560000000000000000e+03 1.659211290185496921e+02
2.570000000000000000e+03 -1.757498189235624011e+02
2.580000000000000000e+03 1.716217726012038440e+02
2.590000000000000000e+03 -1.790007814531346924e+02
2.600000000000000000e+03 1.673657848031925539e+02
2.610000000000000000e+03 -1.773049409711064754e+02
2.620000000000000000e+03 1.695154078589643802e+02
2.630000000000000000e+03 1.772495359523173306e+02
2.640000000000000000e+03 1.687297108345014749e+02
2.650000000000000000e+03 -1.736644817324042265e+02
2.660000000000000000e+03 -1.729253661766854862e+02
2.670000000000000000e+03 1.733641372561966705e+02
2.680000000000000000e+03 1.650103553074097249e+02
2.690000000000000000e+03 1.730692358790428216e+02
2.700000000000000000e+03 1.761661300575044606e+02
2.710000000000000000e+03 1.695736776667291963e+02
2.720000000000000000e+03 1.667378803555086790e+02
2.730000000000000000e+03 1.727588646414204447e+02
2.740000000000000000e+03 1.691970152122101752e+02
2.750000000000000000e+03 -1.792311104867772542e+02
2.760000000000000000e+03 1.798202829875102964e+02
2.770000000000000000e+03 1.710381004953040645e+02
2.780000000000000000e+03 1.612373136349142442e+02
2.790000000000000000e+03 1.743493954807036346e+02
2.800000000000000000e+03 1.760592161329330452e+02
2.810000000000000000e+03 -1.736660860142306149e+02
2.820000000000000000e+03 1.779420127435124357e+02
2.830000000000000000e+03 1.752217237237903191e+02
2.840000000000000000e+03 1.667094043530906902e+02
2.850000000000000000e+03 -1.793368784957584126e+02
2.860000000000000000e+03 1.736983435380964806e+02
2.870000000000000000e+03 1.659632414164918259e+02
2.880000000000000000e+03 1.523218611595605978e+02
2.890000000000000000e+03 1.695807250476092918e+02
2.900000000000000000e+03 -1.761002399110644205e+02
2.910000000000000000e+03 1.698044077708283623e+02
2.920000000000000000e+03 1.586062914396735266e+02
2.930000000000000000e+03 1.619607874428259322e+02
2.940000000000000000e+03 1.798173609027551265e+02
2.950000000000000000e+03 1.756272632511839049e+02
2.960000000000000000e+03 -1.752889316731591407e+02
2.970000000000000000e+03 1.605436909281288820e+02
2.980000000000000000e+03 1.508157270035002000e+02
2.990000000000000000e+03 1.782396070223033746e+02
3.000000000000000000e+03 1.685239043944905006e+02
3.010000000000000000e+03 1.723190622378780290e+02
3.020000000000000000e+03 1.786702421011237050e+02
3.030000000000000000e+03 -1.762089873005802190e+02
3.040000000000000000e+03 -1.770586837107592260e+02
3.050000000000000000e+03 1.684012341305530072e+02
3.060000000000000000e+03 1.774960796915621302e+02
3.070000000000000000e+03 -1.769213457272663845e+02
3.080000000000000000e+03 1.755373661731278787e+02
3.090000000000000000e+03 1.717015283262860521e+02
3.100000000000000000e+03 1.775346970469539087e+02
3.110000000000000000e+03 1.625490432110867687e+02
3.120000000000000000e+03 1.635172272932988164e+02
3.130000000000000000e+03 1.766183083494217101e+02
3.140000000000000000e+03 1.697276314262808228e+02
3.150000000000000000e+03 1.698499006197617689e+02
3.160000000000000000e+03 1.689214225127522582e+02
3.170000000000000000e+03 -1.763282198177469411e+02
3.180000000000000000e+03 1.699642629956698556e+02
3.190000000000000000e+03 1.748076471252492468e+02
3.200000000000000000e+03 1.743396551981863922e+02
3.210000000000000000e+03 1.707532258795650080e+02
3.220000000000000000e+03 1.765158634956522974e+02
3.230000000000000000e+03 1.742601286562222356e+02
3.240000000000000000e+03 -1.784405433210557419e+02
3.250000000000000000e+03 1.701347752355008254e+02
3.260000000000000000e+03 1.666855120130337298e+02
3.270000000000000000e+03 1.771350589848501897e+02
3.280000000000000000e+03 1.674053761868360937e+02
3.290000000000000000e+03 1.777371803317531658e+02
3.300000000000000000e+03 1.657796657389318966e+02
3.310000000000000000e+03 1.773122175351046508e+02
3.320000000000000000e+03 1.708588220012076135e+02
3.330000000000000000e+03 1.664450989221968484e+02
3.340000000000000000e+03 1.701089921347199265e+02
3.350000000000000000e+03 1.715781132172148773e+02
3.360000000000000000e+03 1.594196623256412408e+02
3.370000000000000000e+03 1.596894108555888181e+02
3.380000000000000000e+03 1.672753147673413991e+02
3.390000000000000000e+03 1.665780251306671857e+02
3.400000000000000000e+03 1.495042839062252540e+02
3.410000000000000000e+03 1.710648003285571690e+02
3.420000000000000000e+03 1.678015192063895427e+02
3.430000000000000000e+03 1.709680850527390703e+02
3.440000000000000000e+03 1.706198413048585678e+02
3.450000000000000000e+03 1.793871268943914004e+02
3.460000000000000000e+03 1.651609859117496342e+02
3.470000000000000000e+03 1.593992650281345789e+02
3.480000000000000000e+03 -1.758364501421861803e+02
3.490000000000000000e+03 1.744031962176664194e+02
3.500000000000000000e+03 1.777814699693167881e+02
3.510000000000000000e+03 1.761167410955641799e+02
3.520000000000000000e+03 1.761176005322568585e+02
3.530000000000000000e+03 1.723952656246304400e+02
3.540000000000000000e+03 1.770911131219636445e+02
3.550000000000000000e+03 1.762491516420189157e+02
3.560000000000000000e+03 1.720486261585762975e+02
3.570000000000000000e+03 -1.760259845808154466e+02
3.580000000000000000e+03 -1.692185011295275956e+02
3.590000000000000000e+03 1.576105480875156672e+02
3.600000000000000000e+03 1.527495741536257583e+02
3.610000000000000000e+03 1.750789999370232124e+02
3.620000000000000000e+03 1.739018008511474420e+02
3.630000000000000000e+03 -1.790924547003556029e+02
3.640000000000000000e+03 -1.766997256521097768e+02
3.650000000000000000e+03 1.725366143126892098e+02
3.660000000000000000e+03 1.799796798461156868e+02
3.670000000000000000e+03 -1.793428945526072766e+02
3.680000000000000000e+03 1.758385127902486147e+02
3.690000000000000000e+03 1.772801891943568364e+02
3.700000000000000000e+03 1.679713438968663297e+02
3.710000000000000000e+03 -1.793792773725980965e+02
3.720000000000000000e+03 1.779658477877898690e+02
3.730000000000000000e+03 1.645369775770726619e+02
3.740000000000000000e+03 1.674433632886532735e+02
3.750000000000000000e+03 1.713586703816797581e+02
3.760000000000000000e+03 1.765567726822246470e+02
3.770000000000000000e+03 1.710523098486233096e+02
3.780000000000000000e+03 1.567154161241827524e+02
3.790000000000000000e+03 1.544432946918119853e+02
3.800000000000000000e+03 1.610132871370180965e+02
3.810000000000000000e+03 1.663475815054655698e+02
3.820000000000000000e+03 1.509330687599429837e+02
3.830000000000000000e+03 1.578230008379501612e+02
3.840000000000000000e+03 1.640264148858315991e+02
3.850000000000000000e+03 1.627667671732364738e+02
3.860000000000000000e+03 1.410296651584452263e+02
3.870000000000000000e+03 1.467716189981283037e+02
3.880000000000000000e+03 1.570097445435414727e+02
3.890000000000000000e+03 1.634896107275735346e+02
3.900000000000000000e+03 1.732186059762334480e+02
3.910000000000000000e+03 1.659867899818716808e+02
3.920000000000000000e+03 -1.757723361649110245e+02
3.930000000000000000e+03 1.599946254730550095e+02
3.940000000000000000e+03 -1.749573037013374233e+02
3.950000000000000000e+03 -1.757792116584525957e+02
3.960000000000000000e+03 1.647901103309614541e+02
3.970000000000000000e+03 1.760706179930561177e+02
3.980000000000000000e+03 1.595673135494464532e+02
3.990000000000000000e+03 1.695489258899795288e+02
4.000000000000000000e+03 1.562023324186431239e+02
4.010000000000000000e+03 1.770408074275511581e+02
4.020000000000000000e+03 1.708102924759600683e+02
4.030000000000000000e+03 1.591697381354051686e+02
4.040000000000000000e+03 1.708252466744129663e+02
4.050000000000000000e+03 1.766314863787096954e+02
4.060000000000000000e+03 1.783994622471448679e+02
4.070000000000000000e+03 1.654140613698589277e+02
4.080000000000000000e+03 1.699527465439877574e+02
4.090000000000000000e+03 1.601677733187435422e+02
4.100000000000000000e+03 -1.733610432841029478e+02
4.110000000000000000e+03 1.633985104381477242e+02
4.120000000000000000e+03 1.725363278337916597e+02
4.130000000000000000e+03 1.571581979082598650e+02
4.140000000000000000e+03 -1.760046705508365790e+02
4.150000000000000000e+03 1.763325742969899466e+02
4.160000000000000000e+03 -1.676402315870602138e+02
4.170000000000000000e+03 1.564843422454065092e+02
4.180000000000000000e+03 1.765923533613022585e+02
4.190000000000000000e+03 1.597272260700674451e+02
4.200000000000000000e+03 1.672357233836978594e+02
4.210000000000000000e+03 1.795147818911465549e+02
4.220000000000000000e+03 1.634506495975046221e+02
4.230000000000000000e+03 -1.757286194851425307e+02
4.240000000000000000e+03 -1.775865497274132849e+02
4.250000000000000000e+03 -1.792918440130611373e+02
4.260000000000000000e+03 1.780175858766901911e+02
4.270000000000000000e+03 1.648993733824929109e+02
4.280000000000000000e+03 1.672921597265182356e+02
4.290000000000000000e+03 1.516787733303057450e+02
4.300000000000000000e+03 1.714714284757615133e+02
4.310000000000000000e+03 1.647128183243983131e+02
4.320000000000000000e+03 1.694592579950415825e+02
4.330000000000000000e+03 1.648502136036706816e+02
4.340000000000000000e+03 1.552941943133607765e+02
4.350000000000000000e+03 1.746606261550186900e+02
4.360000000000000000e+03 1.761925434118599867e+02
4.370000000000000000e+03 1.626041617509783634e+02
4.380000000000000000e+03 1.711578486744863881e+02
4.390000000000000000e+03 1.627120497038014832e+02
4.400000000000000000e+03 1.658338675463512573e+02
4.410000000000000000e+03 1.753270333665353462e+02
4.420000000000000000e+03 1.697470546955357804e+02
4.430000000000000000e+03 1.745984029384675011e+02
4.440000000000000000e+03 1.693985817645372265e+02
4.450000000000000000e+03 1.656014185688667055e+02
4.460000000000000000e+03 1.738823202861129857e+02
4.470000000000000000e+03 1.646392505435035218e+02
4.480000000000000000e+03 1.636928388575064162e+02
4.490000000000000000e+03 1.792046398366422295e+02
4.500000000000000000e+03 1.599456948773508316e+02
4.510000000000000000e+03 -1.775364732161188499e+02
4.520000000000000000e+03 -1.767033925819985996e+02
4.530000000000000000e+03 1.776682535089989301e+02
4.540000000000000000e+03 1.697382884412702708e+02
4.550000000000000000e+03 1.737325491184657835e+02
4.560000000000000000e+03 -1.765802639518250032e+02
4.570000000000000000e+03 1.697071768329946906e+02
4.580000000000000000e+03 1.774336272918928614e+02
4.590000000000000000e+03 -1.799820862688552552e+02
4.600000000000000000e+03 1.649817074176532117e+02
4.610000000000000000e+03 1.625464076052291489e+02
4.620000000000000000e+03 1.721727861127811536e+02
4.630000000000000000e+03 -1.786121441806974417e+02
4.640000000000000000e+03 1.619055543113753401e+02
4.650000000000000000e+03 1.788490622289840246e+02
4.660000000000000000e+03 1.746768981564004264e+02
4.670000000000000000e+03 -1.798697292452300758e+02
4.680000000000000000e+03 1.615126771512541382e+02
4.690000000000000000e+03 -1.782575406012909980e+02
4.700000000000000000e+03 1.519272078302744831e+02
4.710000000000000000e+03 1.645676881148916664e+02
4.720000000000000000e+03 1.680421614803445038e+02
4.730000000000000000e+03 -1.788680271320028794e+02
4.740000000000000000e+03 1.797685448986099743e+02
4.750000000000000000e+03 1.590756584654446613e+02
4.760000000000000000e+03 1.686537366308671437e+02
4.770000000000000000e+03 1.689468618388560515e+02
4.780000000000000000e+03 1.723736651157539939e+02
4.790000000000000000e+03 1.740084855926008061e+02
4.800000000000000000e+03 -1.741189518555020186e+02
4.810000000000000000e+03 1.570512839836884496e+02
4.820000000000000000e+03 1.750522428079906092e+02
4.830000000000000000e+03 1.657642531742428957e+02
4.840000000000000000e+03 1.703629843253014258e+02
4.850000000000000000e+03 1.569935871337187905e+02
4.860000000000000000e+03 -1.786360365207544021e+02
4.870000000000000000e+03 1.650329298445379038e+02
4.880000000000000000e+03 1.691746698582000761e+02
4.890000000000000000e+03 1.773036231681776655e+02
4.900000000000000000e+03 1.631189070341238789e+02
4.910000000000000000e+03 1.764799963376771075e+02
4.920000000000000000e+03 1.575748528168790017e+02
4.930000000000000000e+03 1.568895952939025165e+02
4.940000000000000000e+03 1.727115956233221823e+02
4.950000000000000000e+03 1.782032242023125832e+02
4.960000000000000000e+03 1.756631304091590948e+02
4.970000000000000000e+03 1.726701134789547041e+02
4.980000000000000000e+03 1.771846198341289949e+02
4.990000000000000000e+03 1.595549949568511181e+02
5.000000000000000000e+03 1.688812581713135899e+02
5.010000000000000000e+03 1.640157005750626524e+02
5.020000000000000000e+03 1.457127356969470213e+02
5.030000000000000000e+03 1.666039228230071103e+02
5.040000000000000000e+03 1.700755313994842766e+02
5.050000000000000000e+03 1.699351567396772111e+02
5.060000000000000000e+03 1.742810416157445275e+02
5.070000000000000000e+03 1.660457473389906795e+02
5.080000000000000000e+03 1.740935125293981969e+02
5.090000000000000000e+03 1.666052979217154189e+02
5.100000000000000000e+03 1.794365158563316811e+02
5.110000000000000000e+03 1.759888569156909455e+02
5.120000000000000000e+03 1.597853812862732354e+02
5.130000000000000000e+03 1.752589086846942905e+02
5.140000000000000000e+03 1.684270745271134047e+02
5.150000000000000000e+03 1.737313459070959993e+02
5.160000000000000000e+03 1.749955199862726545e+02
5.170000000000000000e+03 1.772159606255226265e+02
5.180000000000000000e+03 1.670184577877842571e+02
5.190000000000000000e+03 1.675599601999624042e+02
5.200000000000000000e+03 1.632062830978813395e+02
5.210000000000000000e+03 1.675515950161534704e+02
5.220000000000000000e+03 1.638791074367034639e+02
5.230000000000000000e+03 1.663570926048647323e+02
5.240000000000000000e+03 1.592284090136265604e+02
5.250000000000000000e+03 1.746426352802515964e+02
5.260000000000000000e+03 1.742444869084151833e+02
5.270000000000000000e+03 -1.794274058273890944e+02
5.280000000000000000e+03 1.711207210093619153e+02
5.290000000000000000e+03 1.788815489359679702e+02
5.300000000000000000e+03 1.665819785394536154e+02
5.310000000000000000e+03 1.794309581657188915e+02
5.320000000000000000e+03 1.674627865579082027e+02
5.330000000000000000e+03 1.766845422705388273e+02
5.340000000000000000e+03 1.784579612380277354e+02
5.350000000000000000e+03 1.773082068305387224e+02
5.360000000000000000e+03 1.714830022232231386e+02
5.370000000000000000e+03 1.765164937492269530e+02
5.380000000000000000e+03 1.733886598498282865e+02
5.390000000000000000e+03 1.697841250648807545e+02
5.400000000000000000e+03 1.648432808143495834e+02
5.410000000000000000e+03 -1.791631576922747513e+02
5.420000000000000000e+03 1.697597170628081642e+02
5.430000000000000000e+03 1.735266853826752822e+02
5.440000000000000000e+03 -1.798860012466118121e+02
5.450000000000000000e+03 1.724884285621187132e+02
5.460000000000000000e+03 -1.792276727400064829e+02
5.470000000000000000e+03 1.629259921445033399e+02
5.480000000000000000e+03 1.722559795846341331e+02
5.490000000000000000e+03 1.566184716652466307e+02
5.500000000000000000e+03 1.616324253304364618e+02
5.510000000000000000e+03 1.704602152631351260e+02
5.520000000000000000e+03 1.627104454219751233e+02
5.530000000000000000e+03 1.643582720407713680e+02
5.540000000000000000e+03 1.677386084404841995e+02
5.550000000000000000e+03 1.700343930297938755e+02
5.560000000000000000e+03 1.703058031373473682e+02
5.570000000000000000e+03 1.725421147075224724e+02
5.580000000000000000e+03 1.658327216307610286e+02
5.590000000000000000e+03 1.681685559699503472e+02
5.600000000000000000e+03 1.584634530613474226e+02
5.610000000000000000e+03 1.724325078813139385e+02
5.620000000000000000e+03 1.643720803236340089e+02
5.630000000000000000e+03 1.644967559398544950e+02
5.640000000000000000e+03 1.624534738508589555e+02
5.650000000000000000e+03 1.575476373216102957e+02
5.660000000000000000e+03 1.708866104542714481e+02
5.670000000000000000e+03 1.743475620157592232e+02
5.680000000000000000e+03 1.720413495945781222e+02
5.690000000000000000e+03 1.637882936261752320e+02
5.700000000000000000e+03 1.720236451987085786e+02
5.710000000000000000e+03 1.751308526174825602e+02
5.720000000000000000e+03 1.776988494552589088e+02
5.730000000000000000e+03 1.663355493917678416e+02
5.740000000000000000e+03 1.739083325700119360e+02
5.750000000000000000e+03 1.774301322493425630e+02
5.760000000000000000e+03 1.678527989290537619e+02
5.770000000000000000e+03 -1.763070203793271276e+02
5.780000000000000000e+03 1.739560026585668027e+02
5.790000000000000000e+03 1.754243788959280721e+02
5.800000000000000000e+03 1.788504946234718602e+02
5.810000000000000000e+03 1.713123180960536729e+02
5.820000000000000000e+03 1.721510710123456818e+02
5.830000000000000000e+03 1.733638507772990920e+02
5.840000000000000000e+03 1.668497217171182285e+02
5.850000000000000000e+03 1.645264924494217951e+02
5.860000000000000000e+03 1.796683345802415772e+02
5.870000000000000000e+03 1.695229136060806070e+02
5.880000000000000000e+03 -1.699249580909238944e+02
5.890000000000000000e+03 1.759611257584066379e+02
5.900000000000000000e+03 1.673885312276592572e+02
5.910000000000000000e+03 1.560423626022426049e+02
5.920000000000000000e+03 1.408468916217985054e+02
5.930000000000000000e+03 1.601812951227086330e+02
5.940000000000000000e+03 1.691798264783562615e+02
5.950000000000000000e+03 1.601317915692093266e+02
5.960000000000000000e+03 1.672438593843887418e+02
5.970000000000000000e+03 1.717466201047628260e+02
5.980000000000000000e+03 1.716921318184458869e+02
5.990000000000000000e+03 1.767695119115567195e+02
6.000000000000000000e+03 1.662459960883888641e+02
6.010000000000000000e+03 1.763756607231837847e+02
6.020000000000000000e+03 1.691602886175423066e+02
6.030000000000000000e+03 1.790745211213680363e+02
6.040000000000000000e+03 -1.756660524939142647e+02
6.050000000000000000e+03 1.722764914736998207e+02
6.060000000000000000e+03 -1.780408479631724958e+02
6.070000000000000000e+03 1.746173678414863275e+02
6.080000000000000000e+03 1.650616350300739725e+02
6.090000000000000000e+03 1.773999946693186587e+02
6.100000000000000000e+03 1.566618445703380473e+02
6.110000000000000000e+03 1.613115689651632181e+02
6.120000000000000000e+03 1.631925321107981972e+02
6.130000000000000000e+03 1.669251229629574595e+02
6.140000000000000000e+03 1.709353118668576030e+02
6.150000000000000000e+03 1.761274554063330982e+02
6.160000000000000000e+03 1.729297206559284916e+02
6.170000000000000000e+03 1.749358750797995299e+02
6.180000000000000000e+03 1.541132137060371008e+02
6.190000000000000000e+03 1.718004781375051380e+02
6.200000000000000000e+03 1.739717017021534105e+02
6.210000000000000000e+03 1.611906175746110819e+02
6.220000000000000000e+03 1.751278732369478632e+02
6.230000000000000000e+03 1.675396774940147679e+02
6.240000000000000000e+03 1.693165915040539744e+02
6.250000000000000000e+03 1.798123188741579668e+02
6.260000000000000000e+03 1.583222762606271488e+02
6.270000000000000000e+03 1.473181061431240835e+02
6.280000000000000000e+03 -1.750964178539952059e+02
6.290000000000000000e+03 1.737788441083123416e+02
6.300000000000000000e+03 1.758215532395127809e+02
6.310000000000000000e+03 1.693778406923534874e+02
6.320000000000000000e+03 1.672204254105678558e+02
6.330000000000000000e+03 1.673202346584796487e+02
6.340000000000000000e+03 1.572944472719419764e+02
6.350000000000000000e+03 1.727851634042169735e+02
6.360000000000000000e+03 1.641113845268494913e+02
6.370000000000000000e+03 1.777297318804164661e+02
6.380000000000000000e+03 1.642971947398104078e+02
6.390000000000000000e+03 1.725114614654829666e+02
6.400000000000000000e+03 1.683572882676664619e+02
6.410000000000000000e+03 1.737132977365493787e+02
6.420000000000000000e+03 1.659666791632625973e+02
6.430000000000000000e+03 1.693641470010498438e+02
6.440000000000000000e+03 1.751972011301587031e+02
6.450000000000000000e+03 1.768614143418956814e+02
6.460000000000000000e+03 1.655244130412011145e+02
6.470000000000000000e+03 1.659433597810007939e+02
6.480000000000000000e+03 1.688011586715543046e+02
6.490000000000000000e+03 1.688553031831941666e+02
6.500000000000000000e+03 1.780946487001352807e+02
6.510000000000000000e+03 1.738638137493302622e+02
6.520000000000000000e+03 1.762519591352150314e+02
6.530000000000000000e+03 1.582758666792215649e+02
6.540000000000000000e+03 1.769412846585369152e+02
6.550000000000000000e+03 1.664607979657834278e+02
6.560000000000000000e+03 1.766310280124735925e+02
6.570000000000000000e+03 1.716645725485001037e+02
6.580000000000000000e+03 1.689901201523884424e+02
6.590000000000000000e+03 -1.740717401331832264e+02
6.600000000000000000e+03 1.680191285769802505e+02
6.610000000000000000e+03 -1.789667477601039138e+02
6.620000000000000000e+03 1.725142689586791107e+02
6.630000000000000000e+03 1.729119589642794210e+02
6.640000000000000000e+03 1.712171498062824639e+02
6.650000000000000000e+03 1.573902458152878410e+02
6.660000000000000000e+03 1.677050331136895238e+02
6.670000000000000000e+03 1.756283518709946634e+02
6.680000000000000000e+03 -1.701107110081053122e+02
6.690000000000000000e+03 1.714334986697238321e+02
6.700000000000000000e+03 1.632404313824711153e+02
6.710000000000000000e+03 1.716927047762410155e+02
6.720000000000000000e+03 1.759258315582265766e+02
6.730000000000000000e+03 1.794349688702848198e+02
6.740000000000000000e+03 1.679518633318318734e+02
6.750000000000000000e+03 1.649511687671727600e+02
6.760000000000000000e+03 1.766039271087639122e+02
6.770000000000000000e+03 1.566733610220201456e+02
6.780000000000000000e+03 1.703006465171911827e+02
6.790000000000000000e+03 1.719580415311661170e+02
6.800000000000000000e+03 1.752936299270792233e+02
6.810000000000000000e+03 -1.798290492417758060e+02
6.820000000000000000e+03 1.745387580319943766e+02
6.830000000000000000e+03 -1.762816956447823316e+02
6.840000000000000000e+03 1.733441983249261114e+02
6.850000000000000000e+03 1.702007226777203641e+02
6.860000000000000000e+03 1.675548035798062187e+02
6.870000000000000000e+03 1.731235522780212364e+02
6.880000000000000000e+03 1.779533000120765109e+02
6.890000000000000000e+03 1.758742653566648073e+02
6.900000000000000000e+03 1.772809913352699880e+02
6.910000000000000000e+03 1.784741186478504176e+02
6.920000000000000000e+03 1.697966155448145855e+02
6.930000000000000000e+03 1.672912429940460299e+02
6.940000000000000000e+03 1.761071727003854903e+02
6.950000000000000000e+03 1.661650944477163989e+02
6.960000000000000000e+03 1.710325428046913032e+02
6.970000000000000000e+03 1.722782676428647051e+02
6.980000000000000000e+03 1.701108255996643379e+02
6.990000000000000000e+03 -1.760309693136330793e+02
7.000000000000000000e+03 1.566701524583674257e+02
7.010000000000000000e+03 1.792925315624152915e+02
7.020000000000000000e+03 1.624156586363803001e+02
7.030000000000000000e+03 1.643233216152683838e+02
7.040000000000000000e+03 1.445079200453459407e+02
7.050000000000000000e+03 1.578307930639639380e+02
7.060000000000000000e+03 1.639469456396469411e+02
7.070000000000000000e+03 -1.753799746668054240e+02
7.080000000000000000e+03 1.577378593095937447e+02
7.090000000000000000e+03 1.670406885502353305e+02
7.100000000000000000e+03 1.560310180378990026e+02
7.110000000000000000e+03 1.736407039839063202e+02
7.120000000000000000e+03 1.606892222080921044e+02
7.130000000000000000e+03 1.646815348287841800e+02
7.140000000000000000e+03 1.565227304176802647e+02
7.150000000000000000e+03 1.625792953826696703e+02
7.160000000000000000e+03 1.567627997338400974e+02
7.170000000000000000e+03 1.776934063562051733e+02
7.180000000000000000e+03 1.723407773383135009e+02
7.190000000000000000e+03 1.604249740729777614e+02
7.200000000000000000e+03 1.748810430188055136e+02
7.210000000000000000e+03 1.608683861106295012e+02
7.220000000000000000e+03 1.557396689990749792e+02
7.230000000000000000e+03 -1.775760645997623612e+02
7.240000000000000000e+03 1.693639178179317923e+02
7.250000000000000000e+03 1.738282330702526508e+02
7.260000000000000000e+03 -1.651658560530082411e+02
7.270000000000000000e+03 1.563036886526017497e+02
7.280000000000000000e+03 1.660108542092671939e+02
7.290000000000000000e+03 1.749749508014274397e+02
7.300000000000000000e+03 1.641427826140226500e+02
7.310000000000000000e+03 1.747551641912152718e+02
7.320000000000000000e+03 1.721461435753075477e+02
7.330000000000000000e+03 1.608890698870337417e+02
7.340000000000000000e+03 1.674839859963280730e+02
7.350000000000000000e+03 1.743618859606374656e+02
7.360000000000000000e+03 1.726992197349473486e+02
7.370000000000000000e+03 -1.767554744455759987e+02
7.380000000000000000e+03 1.641807697158398298e+02
7.390000000000000000e+03 1.784469031525817115e+02
7.400000000000000000e+03 1.700338200719987469e+02
7.410000000000000000e+03 1.710163280990890939e+02
7.420000000000000000e+03 1.701147790084507392e+02
7.430000000000000000e+03 1.778432348196318742e+02
7.440000000000000000e+03 1.753940121327861448e+02
7.450000000000000000e+03 1.716998094529006380e+02
7.460000000000000000e+03 1.721411588424899435e+02
7.470000000000000000e+03 1.697606337952803699e+02
7.480000000000000000e+03 1.722037258337182095e+02
7.490000000000000000e+03 1.697154847210240689e+02
7.500000000000000000e+03 -1.777539679951505036e+02
7.510000000000000000e+03 1.788891692746431943e+02
7.520000000000000000e+03 1.662599189628105592e+02
7.530000000000000000e+03 1.596121761448051757e+02
7.540000000000000000e+03 1.673396006319550793e+02
7.550000000000000000e+03 1.639271212999354077e+02
7.560000000000000000e+03 1.647384295378406591e+02
7.570000000000000000e+03 1.564316874240339814e+02
7.580000000000000000e+03 1.715688885967132364e+02
7.590000000000000000e+03 -1.768508719184652875e+02
7.600000000000000000e+03 1.621605205302085437e+02
7.610000000000000000e+03 1.693251858709809596e+02
7.620000000000000000e+03 1.547781885230659213e+02
7.630000000000000000e+03 1.650565357056973141e+02
7.640000000000000000e+03 1.682593697804786075e+02
7.650000000000000000e+03 1.623842032534276143e+02
7.660000000000000000e+03 1.647634104977083780e+02
7.670000000000000000e+03 1.746218942080678573e+02
7.680000000000000000e+03 1.703903144121291575e+02
7.690000000000000000e+03 1.610884591997392477e+02
7.700000000000000000e+03 1.628059574864234094e+02
7.710000000000000000e+03 1.675781229620680222e+02
7.720000000000000000e+03 1.628751134922956965e+02
7.730000000000000000e+03 1.694042540467090134e+02
7.740000000000000000e+03 1.590939358191093618e+02
7.750000000000000000e+03 -1.796043351945254756e+02
7.760000000000000000e+03 1.727355452591586413e+02
7.770000000000000000e+03 -1.792254382046054673e+02
7.780000000000000000e+03 1.710942503592268906e+02
7.790000000000000000e+03 -1.748920438084720388e+02
7.800000000000000000e+03 1.731535752664860865e+02
7.810000000000000000e+03 1.738355096342507977e+02
7.820000000000000000e+03 1.725042421972643183e+02
7.830000000000000000e+03 1.750617539073897717e+02
7.840000000000000000e+03 1.599000874368583993e+02
7.850000000000000000e+03 1.724254605004338430e+02
7.860000000000000000e+03 -1.784284539115785151e+02
7.870000000000000000e+03 1.729667337294939102e+02
7.880000000000000000e+03 1.760373864409385476e+02
7.890000000000000000e+03 1.712962179820104893e+02
7.900000000000000000e+03 1.612248804507599118e+02
7.910000000000000000e+03 1.691978746489028822e+02
7.920000000000000000e+03 1.652212610717974144e+02
7.930000000000000000e+03 1.773121029435455966e+02
7.940000000000000000e+03 -1.775459270197384853e+02
7.950000000000000000e+03 1.706451660394033354e+02
7.960000000000000000e+03 -1.763974331193987553e+02
7.970000000000000000e+03 1.728051596312670313e+02
7.980000000000000000e+03 1.683828994811087796e+02
7.990000000000000000e+03 1.775124089887233367e+02
8.000000000000000000e+03 -1.763074787455632020e+02
8.010000000000000000e+03 1.557228240398981427e+02
8.020000000000000000e+03 1.692273246795726038e+02
8.030000000000000000e+03 1.678008889528149155e+02
8.040000000000000000e+03 -1.703640156493326288e+02
8.050000000000000000e+03 1.746536360699180932e+02
8.060000000000000000e+03 1.755030460011995217e+02
8.070000000000000000e+03 1.677251439322986073e+02
8.080000000000000000e+03 -1.765588926260666085e+02
8.090000000000000000e+03 -1.779431013633231942e+02
8.100000000000000000e+03 1.761292888712775380e+02
8.110000000000000000e+03 1.642384092700299902e+02
8.120000000000000000e+03 1.708909076377349550e+02
8.130000000000000000e+03 1.716418261240334289e+02
8.140000000000000000e+03 1.688469379993852613e+02
8.150000000000000000e+03 -1.794221346156738832e+02
8.160000000000000000e+03 1.740491655960550759e+02
8.170000000000000000e+03 1.685203520561606751e+02
8.180000000000000000e+03 1.763169325491828658e+02
8.190000000000000000e+03 1.743330661835423996e+02
8.200000000000000000e+03 1.689631338402377878e+02
8.210000000000000000e+03 1.676654990258255111e+02
8.220000000000000000e+03 1.680379215926605525e+02
8.230000000000000000e+03 1.710162135075300398e+02
8.240000000000000000e+03 -1.686603256455111364e+02
8.250000000000000000e+03 1.688055704465768088e+02
8.260000000000000000e+03 1.526681568509376632e+02
8.270000000000000000e+03 -1.759132264867336914e+02
8.280000000000000000e+03 -1.750336789754283870e+02
8.290000000000000000e+03 1.736958798195774136e+02
8.300000000000000000e+03 1.689723584607393718e+02
8.310000000000000000e+03 1.725148992122537663e+02
8.320000000000000000e+03 1.686309902064004689e+02
8.330000000000000000e+03 1.764398892920179662e+02
8.340000000000000000e+03 1.576247001450553853e+02
8.350000000000000000e+03 1.634312836240291915e+02
8.360000000000000000e+03 1.479730541987381400e+02
8.370000000000000000e+03 1.661506559112791024e+02
8.380000000000000000e+03 1.651453441639425819e+02
8.390000000000000000e+03 1.651141752598874461e+02
8.400000000000000000e+03 1.549670927081205889e+02
8.410000000000000000e+03 1.760235781580759067e+02
8.420000000000000000e+03 1.489161427295234432e+02
8.430000000000000000e+03 1.677001056766513898e+02
8.440000000000000000e+03 1.602456955788813389e+02
8.450000000000000000e+03 1.759566566876046068e+02
8.460000000000000000e+03 1.671439928406974218e+02
8.470000000000000000e+03 1.655845736096898690e+02
8.480000000000000000e+03 -1.748879758081266118e+02
8.490000000000000000e+03 1.699542935300345903e+02
8.500000000000000000e+03 1.740510563567790143e+02
8.510000000000000000e+03 1.677023975078319324e+02
8.520000000000000000e+03 -1.721186416011412632e+02
8.530000000000000000e+03 1.775133257211955424e+02
8.540000000000000000e+03 1.699147594421705492e+02
8.550000000000000000e+03 1.676527220669941016e+02
8.560000000000000000e+03 -1.746561570842166873e+02
8.570000000000000000e+03 1.735647297802719606e+02
8.580000000000000000e+03 1.721507272376686046e+02
8.590000000000000000e+03 1.705897610206141906e+02
8.600000000000000000e+03 1.642392687067226689e+02
8.610000000000000000e+03 1.555669222238430507e+02
8.620000000000000000e+03 1.644062859040033402e+02
8.630000000000000000e+03 1.644488566681815485e+02
8.640000000000000000e+03 1.643399373913271688e+02
8.650000000000000000e+03 -1.678325735188856527e+02
8.660000000000000000e+03 1.690290239866778279e+02
8.670000000000000000e+03 1.710720195967758173e+02
8.680000000000000000e+03 1.728576425653010347e+02
8.690000000000000000e+03 1.678530281121718133e+02
8.700000000000000000e+03 -1.746361035613871024e+02
8.710000000000000000e+03 -1.759407857566795030e+02
8.720000000000000000e+03 1.710284748043458478e+02
8.730000000000000000e+03 1.743782725535782276e+02
8.740000000000000000e+03 1.650126471385902676e+02
8.750000000000000000e+03 1.689208495549571296e+02
8.760000000000000000e+03 1.735927474164538467e+02
8.770000000000000000e+03 1.708182565893123694e+02
8.780000000000000000e+03 1.629885018399520789e+02
8.790000000000000000e+03 1.795207406522158919e+02
8.800000000000000000e+03 1.518186323280972090e+02
8.810000000000000000e+03 1.712760498676218788e+02
8.820000000000000000e+03 1.639035727345555244e+02
8.830000000000000000e+03 1.645134290116927787e+02
8.840000000000000000e+03 -1.789721908591576494e+02
8.850000000000000000e+03 1.747761917422965610e+02
8.860000000000000000e+03 1.687368728069406245e+02
8.870000000000000000e+03 -1.792072754424998209e+02
8.880000000000000000e+03 1.636326782890176901e+02
8.890000000000000000e+03 1.730085023527589669e+02
8.900000000000000000e+03 1.674725268404254450e+02
8.910000000000000000e+03 -1.780546562460351367e+02
8.920000000000000000e+03 1.598345410650954648e+02
8.930000000000000000e+03 1.588746648709127953e+02
8.940000000000000000e+03 1.650882202717680229e+02
8.950000000000000000e+03 1.644808277131498357e+02
8.960000000000000000e+03 1.573660097005538034e+02
8.970000000000000000e+03 1.514280469991564928e+02
8.980000000000000000e+03 1.659276607374141861e+02
8.990000000000000000e+03 1.642343412696845633e+02
9.000000000000000000e+03 1.681976622259429917e+02
9.010000000000000000e+03 1.622033777732843305e+02
9.020000000000000000e+03 1.719124340906736848e+02
9.030000000000000000e+03 1.642180692683028553e+02
9.040000000000000000e+03 1.700270591700162015e+02
9.050000000000000000e+03 1.645826423133445928e+02
9.060000000000000000e+03 -1.676766717028305322e+02
9.070000000000000000e+03 1.773759304419231739e+02
9.080000000000000000e+03 -1.785616093031669038e+02
9.090000000000000000e+03 1.673353607442711279e+02
9.100000000000000000e+03 1.694944376036625897e+02
9.110000000000000000e+03 1.601934991237449424e+02
9.120000000000000000e+03 1.741133368691097303e+02
9.130000000000000000e+03 -1.771672592129365285e+02
9.140000000000000000e+03 1.695136889855789946e+02
9.150000000000000000e+03 1.696108626276331961e+02
9.160000000000000000e+03 1.645703237207492862e+02
9.170000000000000000e+03 1.650046257294584393e+02
9.180000000000000000e+03 1.752025296376534129e+02
9.190000000000000000e+03 1.682758709649783384e+02
9.200000000000000000e+03 1.638022737963763973e+02
9.210000000000000000e+03 1.794621270697739988e+02
9.220000000000000000e+03 1.512927143679466155e+02
9.230000000000000000e+03 1.723997346954324712e+02
9.240000000000000000e+03 1.658689325634132956e+02
9.250000000000000000e+03 1.604828428102859732e+02
9.260000000000000000e+03 1.636983392523396788e+02
9.270000000000000000e+03 1.642697500614236503e+02
9.280000000000000000e+03 1.698028607847815294e+02
9.290000000000000000e+03 1.689319076404031819e+02
9.300000000000000000e+03 1.796948625261561574e+02
9.310000000000000000e+03 1.730891748103133807e+02
9.320000000000000000e+03 1.500134714987580082e+02
9.330000000000000000e+03 1.724403001073277153e+02
9.340000000000000000e+03 1.677425045534910737e+02
9.350000000000000000e+03 1.732726358963142843e+02
9.360000000000000000e+03 1.656430153047932095e+02
9.370000000000000000e+03 -1.762101332161705045e+02
9.380000000000000000e+03 -1.756756208890929258e+02
9.390000000000000000e+03 1.755057961986161672e+02
9.400000000000000000e+03 1.639011090160364859e+02
9.410000000000000000e+03 1.704402190360850682e+02
9.420000000000000000e+03 1.723638102416777826e+02
9.430000000000000000e+03 1.714264512888437366e+02
9.440000000000000000e+03 1.720439279046562149e+02
9.450000000000000000e+03 1.714402595717063775e+02
9.460000000000000000e+03 1.695449724811931560e+02
9.470000000000000000e+03 1.796247897878116646e+02
9.480000000000000000e+03 1.794298122501286343e+02
9.490000000000000000e+03 1.628524243636085203e+02
9.500000000000000000e+03 1.690843144139079470e+02
9.510000000000000000e+03 1.688786225654559701e+02
9.520000000000000000e+03 1.795760883752255381e+02
9.530000000000000000e+03 -1.795663480927083242e+02
9.540000000000000000e+03 1.765602104289954184e+02
9.550000000000000000e+03 1.707112853689614553e+02
9.560000000000000000e+03 1.692593530203204182e+02
9.570000000000000000e+03 1.765661691900647838e+02
9.580000000000000000e+03 -1.785017352135757278e+02
9.590000000000000000e+03 1.737983246733467979e+02
9.600000000000000000e+03 1.735023919721617460e+02
9.610000000000000000e+03 1.771658841142282199e+02
9.620000000000000000e+03 1.676453309114368722e+02
9.630000000000000000e+03 1.658007505857927129e+02
9.640000000000000000e+03 1.650947519906325169e+02
9.650000000000000000e+03 -1.760832230645490029e+02
9.660000000000000000e+03 1.713865734263026184e+02
9.670000000000000000e+03 1.753589471157241348e+02
9.680000000000000000e+03 1.725356402844375054e+02
9.690000000000000000e+03 1.765360316100409079e+02
9.700000000000000000e+03 1.642614421733942720e+02
9.710000000000000000e+03 1.729987047744622259e+02
9.720000000000000000e+03 1.704812428142164151e+02
9.730000000000000000e+03 1.755939744032868077e+02
9.740000000000000000e+03 1.718066087859130278e+02
9.750000000000000000e+03 1.540693251389301111e+02
9.760000000000000000e+03 1.748856839769460976e+02
9.770000000000000000e+03 1.735571667373762352e+02
9.780000000000000000e+03 1.793151633953229691e+02
9.790000000000000000e+03 1.595511561396237425e+02
9.800000000000000000e+03 1.604396990883126364e+02
9.810000000000000000e+03 1.723252501820654459e+02
9.820000000000000000e+03 1.731073375724190271e+02
9.830000000000000000e+03 1.671291532338035495e+02
9.840000000000000000e+03 1.709549643192305837e+02
9.850000000000000000e+03 1.745713593305372910e+02
9.860000000000000000e+03 1.697275741305013526e+02
9.870000000000000000e+03 1.758488833263404842e+02
9.880000000000000000e+03 1.636939847730966733e+02
9.890000000000000000e+03 1.680469743258236122e+02
9.900000000000000000e+03 1.604134576212956347e+02
9.910000000000000000e+03 1.673369650260974879e+02
9.920000000000000000e+03 1.719967734781169497e+02
9.930000000000000000e+03 1.703834962143670850e+02
9.940000000000000000e+03 1.787357311771071693e+02
9.950000000000000000e+03 1.689368923732207861e+02
9.960000000000000000e+03 1.596389332738377789e+02
9.970000000000000000e+03 1.754993217755312003e+02
9.980000000000000000e+03 1.721357157434361795e+02
9.990000000000000000e+03 1.737370181892678147e+02
