0.000000000000000000e+00 1.465778446718150576e+02
1.000000000000000000e+01 1.671351119948728865e+02
2.000000000000000000e+01 1.549327152404127332e+02
3.000000000000000000e+01 1.429539439133920951e+02
4.000000000000000000e+01 1.439400042788122676e+02
5.000000000000000000e+01 1.392754402770931961e+02
6.000000000000000000e+01 1.310603141147279587e+02
7.000000000000000000e+01 1.449215382776508818e+02
8.000000000000000000e+01 1.392049091725126004e+02
9.000000000000000000e+01 1.491553526089905688e+02
1.000000000000000000e+02 1.342019562969892661e+02
1.100000000000000000e+02 1.511164152543848331e+02
1.200000000000000000e+02 1.461640545521715921e+02
1.300000000000000000e+02 1.455443434009580699e+02
1.400000000000000000e+02 1.319840366720378597e+02
1.500000000000000000e+02 1.354106680615972493e+02
1.600000000000000000e+02 1.381589174217217817e+02
1.700000000000000000e+02 1.379754563357209065e+02
1.800000000000000000e+02 1.508899250379696184e+02
1.900000000000000000e+02 1.472516430388889148e+02
2.000000000000000000e+02 1.489818036928454603e+02
2.100000000000000000e+02 1.585766695216652522e+02
2.200000000000000000e+02 1.609202387910888490e+02
2.300000000000000000e+02 1.619448019203418028e+02
2.400000000000000000e+02 1.581109121300033848e+02
2.500000000000000000e+02 1.539031100825626481e+02
2.600000000000000000e+02 1.557494665773717202e+02
2.700000000000000000e+02 1.378682559322518841e+02
2.800000000000000000e+02 1.282330538746548996e+02
2.900000000000000000e+02 1.465266795407098925e+02
3.000000000000000000e+02 1.338154962641735324e+02
3.100000000000000000e+02 1.352656524436496568e+02
3.200000000000000000e+02 1.400226345377232917e+02
3.300000000000000000e+02 1.298324082639830692e+02
3.400000000000000000e+02 1.317064959160765056e+02
3.500000000000000000e+02 1.539618955523430657e+02
3.600000000000000000e+02 1.572164104202451540e+02
3.700000000000000000e+02 1.547945751160066834e+02
3.800000000000000000e+02 1.335288454792695916e+02
3.900000000000000000e+02 1.459078278261890773e+02
4.000000000000000000e+02 1.333070535167744310e+02
4.100000000000000000e+02 1.284133636927825535e+02
4.200000000000000000e+02 1.527490584916101284e+02
4.300000000000000000e+02 1.649158172712131716e+02
4.400000000000000000e+02 1.516271498329644771e+02
4.500000000000000000e+02 1.467664050821926196e+02
4.600000000000000000e+02 1.349277792318610238e+02
4.700000000000000000e+02 1.308360584337137595e+02
4.800000000000000000e+02 1.417596706852214368e+02
4.900000000000000000e+02 1.503912798688672865e+02
5.000000000000000000e+02 1.300079625324111703e+02
5.100000000000000000e+02 1.325605468054984897e+02
5.200000000000000000e+02 1.267878824279964221e+02
5.300000000000000000e+02 1.303805569865847360e+02
5.400000000000000000e+02 1.428027403512570856e+02
5.500000000000000000e+02 1.379010291181333798e+02
5.600000000000000000e+02 1.452572342498180262e+02
5.700000000000000000e+02 1.555286486431282924e+02
5.800000000000000000e+02 1.364902351391827722e+02
5.900000000000000000e+02 1.392071437079136160e+02
6.000000000000000000e+02 1.401716035644573140e+02
6.100000000000000000e+02 1.312096269161390296e+02
6.200000000000000000e+02 1.396073547278124920e+02
6.300000000000000000e+02 1.198607653890852589e+02
6.400000000000000000e+02 1.354181165129339490e+02
6.500000000000000000e+02 1.350094257176671420e+02
6.600000000000000000e+02 1.375367998477687195e+02
6.700000000000000000e+02 1.415355295957662349e+02
6.800000000000000000e+02 1.402926695465684759e+02
6.900000000000000000e+02 1.427135881183347408e+02
7.000000000000000000e+02 1.306758021384156621e+02
7.100000000000000000e+02 1.414795516191819615e+02
7.200000000000000000e+02 1.413149981404204141e+02
7.300000000000000000e+02 1.346492644476479086e+02
7.400000000000000000e+02 1.469039722488035125e+02
7.500000000000000000e+02 1.593793260968640197e+02
7.600000000000000000e+02 1.343328198573971690e+02
7.700000000000000000e+02 1.537332280963063624e+02
7.800000000000000000e+02 1.229630453708211206e+02
7.900000000000000000e+02 1.260453291255068820e+02
8.000000000000000000e+02 1.320012827016713004e+02
8.100000000000000000e+02 1.345534659043020440e+02
8.200000000000000000e+02 1.343341376603259505e+02
8.300000000000000000e+02 1.306048126675989636e+02
8.400000000000000000e+02 1.335946783299301046e+02
8.500000000000000000e+02 1.316348188959056245e+02
8.600000000000000000e+02 1.562563623387239602e+02
8.700000000000000000e+02 1.658768966767655968e+02
8.800000000000000000e+02 1.551282084401113650e+02
8.900000000000000000e+02 1.439259095170520482e+02
9.000000000000000000e+02 1.246190652860877179e+02
9.100000000000000000e+02 1.300817594964240129e+02
9.200000000000000000e+02 1.293490037722312138e+02
9.300000000000000000e+02 1.167365411237959165e+02
9.400000000000000000e+02 1.276980831813412607e+02
9.500000000000000000e+02 1.524602304670846706e+02
9.600000000000000000e+02 1.456218645906392624e+02
9.700000000000000000e+02 1.597142772238974828e+02
9.800000000000000000e+02 1.426572090712938632e+02
9.900000000000000000e+02 1.713092241239599787e+02
1.000000000000000000e+03 1.533140521733886601e+02
1.010000000000000000e+03 1.573988401822148262e+02
1.020000000000000000e+03 1.454170321788800209e+02
1.030000000000000000e+03 1.611133255680479408e+02
1.040000000000000000e+03 1.686904059297555136e+02
1.050000000000000000e+03 1.580624971963148369e+02
1.060000000000000000e+03 1.633740451402956069e+02
1.070000000000000000e+03 1.518119860176736609e+02
1.080000000000000000e+03 1.502063290925990486e+02
1.090000000000000000e+03 1.451772493416177667e+02
1.100000000000000000e+03 1.564897280486807460e+02
1.110000000000000000e+03 1.450622567121349960e+02
1.120000000000000000e+03 1.297168426767051983e+02
1.130000000000000000e+03 1.381385774199946184e+02
1.140000000000000000e+03 1.236187955673483287e+02
1.150000000000000000e+03 1.540948217608134030e+02
1.160000000000000000e+03 1.583590601510745728e+02
1.170000000000000000e+03 1.412377634296367717e+02
1.180000000000000000e+03 1.474803104949256181e+02
1.190000000000000000e+03 1.420896370794372672e+02
1.200000000000000000e+03 1.407082358353768541e+02
1.210000000000000000e+03 1.505511350937087798e+02
1.220000000000000000e+03 1.223567987277931763e+02
1.230000000000000000e+03 1.550439836442271258e+02
1.240000000000000000e+03 1.621388054297730719e+02
1.250000000000000000e+03 1.487411614188905276e+02
1.260000000000000000e+03 1.514547468324096258e+02
1.270000000000000000e+03 1.566015694102902955e+02
1.280000000000000000e+03 1.513410147100761378e+02
1.290000000000000000e+03 1.603028194710558694e+02
1.300000000000000000e+03 1.507449667158015529e+02
1.310000000000000000e+03 1.459452992659906556e+02
1.320000000000000000e+03 1.558444629798044048e+02
1.330000000000000000e+03 1.435603624437585779e+02
1.340000000000000000e+03 1.557377209425715137e+02
1.350000000000000000e+03 1.519811231587962936e+02
1.360000000000000000e+03 1.372444767806929633e+02
1.370000000000000000e+03 1.208534720649289085e+02
1.380000000000000000e+03 1.518421808934770638e+02
1.390000000000000000e+03 1.521630372587503359e+02
1.400000000000000000e+03 1.474883891998369734e+02
1.410000000000000000e+03 1.374855774208840273e+02
1.420000000000000000e+03 1.512027026983315352e+02
1.430000000000000000e+03 1.355467455379408364e+02
1.440000000000000000e+03 1.455243471739080121e+02
1.450000000000000000e+03 1.410143671853152512e+02
1.460000000000000000e+03 1.424580489417064086e+02
1.470000000000000000e+03 1.456057071808165801e+02
1.480000000000000000e+03 1.430752390786213084e+02
1.490000000000000000e+03 1.632028453511105397e+02
1.500000000000000000e+03 1.383709691016996999e+02
1.510000000000000000e+03 1.271589871919026535e+02
1.520000000000000000e+03 1.364531647698377981e+02
1.530000000000000000e+03 1.342061388888937188e+02
1.540000000000000000e+03 1.564990099649618571e+02
1.550000000000000000e+03 1.533888231656532071e+02
1.560000000000000000e+03 1.690876375691197211e+02
1.570000000000000000e+03 1.456300578871096434e+02
1.580000000000000000e+03 1.412976948150074463e+02
1.590000000000000000e+03 1.574903988378767110e+02
1.600000000000000000e+03 1.450608816134266874e+02
1.610000000000000000e+03 1.593560640103817150e+02
1.620000000000000000e+03 1.485063633144458777e+02
1.630000000000000000e+03 1.590418539555319626e+02
1.640000000000000000e+03 1.608350972627324040e+02
1.650000000000000000e+03 1.480285165133067835e+02
1.660000000000000000e+03 1.671443366153744989e+02
1.670000000000000000e+03 1.618059169508020716e+02
1.680000000000000000e+03 1.692116256359860245e+02
1.690000000000000000e+03 1.577229624069203169e+02
1.700000000000000000e+03 1.434151176426929055e+02
1.710000000000000000e+03 1.623808228024363700e+02
1.720000000000000000e+03 1.391071052768837717e+02
1.730000000000000000e+03 1.345638364403939136e+02
1.740000000000000000e+03 1.432157283299873711e+02
1.750000000000000000e+03 1.442019605827460680e+02
1.760000000000000000e+03 1.246978469829182217e+02
1.770000000000000000e+03 1.336673866741322172e+02
1.780000000000000000e+03 1.293031098528412315e+02
1.790000000000000000e+03 1.492863307609574974e+02
1.800000000000000000e+03 1.414096507681760215e+02
1.810000000000000000e+03 1.552602179161094966e+02
1.820000000000000000e+03 1.528913812079206309e+02
1.830000000000000000e+03 1.262731371448509066e+02
1.840000000000000000e+03 1.390842442608580427e+02
1.850000000000000000e+03 1.351992466351940152e+02
1.860000000000000000e+03 1.320544531850594296e+02
1.870000000000000000e+03 1.461041804625804161e+02
1.880000000000000000e+03 1.588475639672030866e+02
1.890000000000000000e+03 1.333970078906099843e+02
1.900000000000000000e+03 1.268743990550611898e+02
1.910000000000000000e+03 1.462529776019758856e+02
1.920000000000000000e+03 1.268844831122554808e+02
1.930000000000000000e+03 1.451936932303379990e+02
1.940000000000000000e+03 1.515973560276176499e+02
1.950000000000000000e+03 1.459989854113944148e+02
1.960000000000000000e+03 1.536946680366940541e+02
1.970000000000000000e+03 1.392721744176609491e+02
1.980000000000000000e+03 1.457523843763700881e+02
1.990000000000000000e+03 1.346131681065546672e+02
2.000000000000000000e+03 1.348644100997195494e+02
2.010000000000000000e+03 1.446422786483041136e+02
2.020000000000000000e+03 1.453128111559457238e+02
2.030000000000000000e+03 1.488162761858321517e+02
2.040000000000000000e+03 1.575044935996369588e+02
2.050000000000000000e+03 1.679178296388010949e+02
2.060000000000000000e+03 1.641591119111838850e+02
2.070000000000000000e+03 1.578495860796442400e+02
2.080000000000000000e+03 1.616544269097694837e+02
2.090000000000000000e+03 1.534077880686720619e+02
2.100000000000000000e+03 1.695144911264921745e+02
2.110000000000000000e+03 1.465188300189165886e+02
2.120000000000000000e+03 1.372871621364302257e+02
2.130000000000000000e+03 1.526223202273272079e+02
2.140000000000000000e+03 1.439730639435913133e+02
2.150000000000000000e+03 1.477280001497606747e+02
2.160000000000000000e+03 1.426123464759351123e+02
2.170000000000000000e+03 1.454809742688165954e+02
2.180000000000000000e+03 1.345306048882763150e+02
2.190000000000000000e+03 1.536264860590734713e+02
2.200000000000000000e+03 1.556615748515986581e+02
2.210000000000000000e+03 1.382051551157888412e+02
2.220000000000000000e+03 1.503154775525714797e+02
2.230000000000000000e+03 1.386748086204575827e+02
2.240000000000000000e+03 1.335860266672236492e+02
2.250000000000000000e+03 1.351455604897902276e+02
2.260000000000000000e+03 1.325709746373698863e+02
2.270000000000000000e+03 1.418752935682788348e+02
2.280000000000000000e+03 1.418749497936017576e+02
2.290000000000000000e+03 1.482189676844082840e+02
2.300000000000000000e+03 1.475831564191516065e+02
2.310000000000000000e+03 1.315825078492101738e+02
2.320000000000000000e+03 1.375008180982345039e+02
2.330000000000000000e+03 1.457702033637986290e+02
2.340000000000000000e+03 1.496930162039413688e+02
2.350000000000000000e+03 1.257042473500655007e+02
2.360000000000000000e+03 1.554614406937594424e+02
2.370000000000000000e+03 1.405355463559244242e+02
2.380000000000000000e+03 1.350998384577387981e+02
2.390000000000000000e+03 1.549484142839993126e+02
2.400000000000000000e+03 1.521522656522018622e+02
2.410000000000000000e+03 1.303599878017395497e+02
2.420000000000000000e+03 1.352853048960226374e+02
2.430000000000000000e+03 1.373690951011339507e+02
2.440000000000000000e+03 1.485250990343466526e+02
2.450000000000000000e+03 1.532354996596762078e+02
2.460000000000000000e+03 1.563529630229830047e+02
2.470000000000000000e+03 1.530351363187189691e+02
2.480000000000000000e+03 1.517725092255891468e+02
2.490000000000000000e+03 1.657426526653664780e+02
2.500000000000000000e+03 1.510273776130215140e+02
2.510000000000000000e+03 1.550121844865973628e+02
2.520000000000000000e+03 1.478452273146444327e+02
2.530000000000000000e+03 1.633898587754412404e+02
2.540000000000000000e+03 1.728009770393625786e+02
2.550000000000000000e+03 1.512668739713862180e+02
2.560000000000000000e+03 1.549237770988086993e+02
2.570000000000000000e+03 1.342672734856341776e+02
2.580000000000000000e+03 1.259442593704457920e+02
2.590000000000000000e+03 1.298117244875788572e+02
2.600000000000000000e+03 1.318750600994039814e+02
2.610000000000000000e+03 1.389141330914837056e+02
2.620000000000000000e+03 1.564737425261965882e+02
2.630000000000000000e+03 1.400406254124904422e+02
2.640000000000000000e+03 1.596625964307766878e+02
2.650000000000000000e+03 1.422590034036779514e+02
2.660000000000000000e+03 1.497522027441783621e+02
2.670000000000000000e+03 1.458583242726897709e+02
2.680000000000000000e+03 1.637947107534807003e+02
2.690000000000000000e+03 1.645476918878416086e+02
2.700000000000000000e+03 1.604779726690273662e+02
2.710000000000000000e+03 1.339416042748818256e+02
2.720000000000000000e+03 1.401116721790866393e+02
2.730000000000000000e+03 1.708862093838149008e+02
2.740000000000000000e+03 1.512796509302175991e+02
2.750000000000000000e+03 1.592662242281052158e+02
2.760000000000000000e+03 1.480357357815254602e+02
2.770000000000000000e+03 1.607723583841655852e+02
2.780000000000000000e+03 1.617469595936831297e+02
2.790000000000000000e+03 1.547871839604495108e+02
2.800000000000000000e+03 1.542564531548198374e+02
2.810000000000000000e+03 1.590238630807648690e+02
2.820000000000000000e+03 1.497502546876749250e+02
2.830000000000000000e+03 1.357814290508264037e+02
2.840000000000000000e+03 1.552984342010447278e+02
2.850000000000000000e+03 1.476217737745434135e+02
2.860000000000000000e+03 1.532834562271286529e+02
2.870000000000000000e+03 1.389320666704713005e+02
2.880000000000000000e+03 1.471608865241401816e+02
2.890000000000000000e+03 1.331694863501635382e+02
2.900000000000000000e+03 1.375528999618119030e+02
2.910000000000000000e+03 1.322116155082638329e+02
2.920000000000000000e+03 1.041860152130142581e+02
2.930000000000000000e+03 1.057706445870075811e+02
2.940000000000000000e+03 1.078911040910072359e+02
2.950000000000000000e+03 1.079099544024670365e+02
2.960000000000000000e+03 9.963077155860615619e+01
2.970000000000000000e+03 1.024794604202170945e+02
2.980000000000000000e+03 1.206164967208628127e+02
2.990000000000000000e+03 1.173576846694972176e+02
3.000000000000000000e+03 1.195399090238119868e+02
3.010000000000000000e+03 1.195522849121868205e+02
3.020000000000000000e+03 1.224297362551133261e+02
3.030000000000000000e+03 1.207865505944576370e+02
3.040000000000000000e+03 1.417428830218240989e+02
3.050000000000000000e+03 1.363136495467234397e+02
3.060000000000000000e+03 1.388754584403123715e+02
3.070000000000000000e+03 1.249350515101023547e+02
3.080000000000000000e+03 1.201458691879423668e+02
3.090000000000000000e+03 1.375918610918807872e+02
3.100000000000000000e+03 1.349041733707016135e+02
3.110000000000000000e+03 1.484152630250200957e+02
3.120000000000000000e+03 1.613087041761875469e+02
3.130000000000000000e+03 1.556221553552936427e+02
3.140000000000000000e+03 1.637924762180796847e+02
3.150000000000000000e+03 1.636335377257103971e+02
3.160000000000000000e+03 1.581882041365665543e+02
3.170000000000000000e+03 1.514328025488561025e+02
3.180000000000000000e+03 1.719342064868886837e+02
3.190000000000000000e+03 1.716649163231771809e+02
3.200000000000000000e+03 1.428287526351560359e+02
3.210000000000000000e+03 1.356043277963514697e+02
3.220000000000000000e+03 1.641094937661255528e+02
3.230000000000000000e+03 1.388653170873385534e+02
3.240000000000000000e+03 1.402623027834265486e+02
3.250000000000000000e+03 1.503469902313036641e+02
3.260000000000000000e+03 1.605075372912561136e+02
3.270000000000000000e+03 1.501668523005145630e+02
3.280000000000000000e+03 1.538876402220941202e+02
3.290000000000000000e+03 1.495455368674746808e+02
3.300000000000000000e+03 1.524325566055798618e+02
3.310000000000000000e+03 1.544992153726167601e+02
3.320000000000000000e+03 1.733252907176868121e+02
3.330000000000000000e+03 1.614399115112725269e+02
3.340000000000000000e+03 1.547557285774968250e+02
3.350000000000000000e+03 1.607756815393773309e+02
3.360000000000000000e+03 1.561193108341286688e+02
3.370000000000000000e+03 1.596138377224110627e+02
3.380000000000000000e+03 1.442966705062812025e+02
3.390000000000000000e+03 1.492031945848839882e+02
3.400000000000000000e+03 1.362969764748851276e+02
3.410000000000000000e+03 1.470681819528880112e+02
3.420000000000000000e+03 1.437940719283924409e+02
3.430000000000000000e+03 1.547867828899929066e+02
3.440000000000000000e+03 1.559167129577704145e+02
3.450000000000000000e+03 1.390254587910776252e+02
3.460000000000000000e+03 1.457068915274366816e+02
3.470000000000000000e+03 1.500893311108333137e+02
3.480000000000000000e+03 1.432817330679864654e+02
3.490000000000000000e+03 1.251740895022309417e+02
3.500000000000000000e+03 1.599898126275759296e+02
3.510000000000000000e+03 1.568769329266301611e+02
3.520000000000000000e+03 1.532261604476155696e+02
3.530000000000000000e+03 1.439150233189445771e+02
3.540000000000000000e+03 1.556714870214543964e+02
3.550000000000000000e+03 1.355052633935733581e+02
3.560000000000000000e+03 1.555296799671595238e+02
3.570000000000000000e+03 1.535599083632792770e+02
3.580000000000000000e+03 1.440454285131163203e+02
3.590000000000000000e+03 1.364768852225562057e+02
3.600000000000000000e+03 1.526819651338003041e+02
3.610000000000000000e+03 1.465803083903341246e+02
3.620000000000000000e+03 1.318454954771752341e+02
3.630000000000000000e+03 1.440428502030382560e+02
3.640000000000000000e+03 1.439458484483225789e+02
3.650000000000000000e+03 1.548664240235160889e+02
3.660000000000000000e+03 1.606834353343612918e+02
3.670000000000000000e+03 1.577412970563645160e+02
3.680000000000000000e+03 1.594500290887831682e+02
3.690000000000000000e+03 1.587136637304810165e+02
3.700000000000000000e+03 1.531931580786160509e+02
3.710000000000000000e+03 1.428561400177632947e+02
3.720000000000000000e+03 1.666266692474737852e+02
3.730000000000000000e+03 1.567111762364988010e+02
3.740000000000000000e+03 1.591143904123955224e+02
3.750000000000000000e+03 1.594781613165240799e+02
3.760000000000000000e+03 1.649319173852563267e+02
3.770000000000000000e+03 1.577571106915101211e+02
3.780000000000000000e+03 1.586884535874952746e+02
3.790000000000000000e+03 1.596126345110413070e+02
3.800000000000000000e+03 1.524519798748347910e+02
3.810000000000000000e+03 1.576264190184407710e+02
3.820000000000000000e+03 1.595121377137753598e+02
3.830000000000000000e+03 1.480157968502548727e+02
3.840000000000000000e+03 1.519156340828128577e+02
3.850000000000000000e+03 1.208692284042950291e+02
3.860000000000000000e+03 1.404094956409956296e+02
3.870000000000000000e+03 1.598464012914546686e+02
3.880000000000000000e+03 1.516661109630333613e+02
3.890000000000000000e+03 1.527546734780024167e+02
3.900000000000000000e+03 1.201125803400452412e+02
3.910000000000000000e+03 1.219734899628506639e+02
3.920000000000000000e+03 1.334481157259356507e+02
3.930000000000000000e+03 1.509622896074946539e+02
3.940000000000000000e+03 1.512130159386439345e+02
3.950000000000000000e+03 1.495619807561949131e+02
3.960000000000000000e+03 1.392182017933596399e+02
3.970000000000000000e+03 1.548488915149850982e+02
3.980000000000000000e+03 1.404107561481449125e+02
3.990000000000000000e+03 1.302563970323799083e+02
4.000000000000000000e+03 1.420374406243008423e+02
4.010000000000000000e+03 1.379696121662105668e+02
4.020000000000000000e+03 1.255568826051578384e+02
4.030000000000000000e+03 1.218736807149388710e+02
4.040000000000000000e+03 1.319346477100975790e+02
4.050000000000000000e+03 1.541407729759829124e+02
4.060000000000000000e+03 1.520031247381293156e+02
4.070000000000000000e+03 1.461756855954127445e+02
4.080000000000000000e+03 1.631842815185483175e+02
4.090000000000000000e+03 1.629308622857619469e+02
4.100000000000000000e+03 1.655810785671395706e+02
4.110000000000000000e+03 1.415686465563248078e+02
4.120000000000000000e+03 1.281794250250306675e+02
4.130000000000000000e+03 1.377318919770107755e+02
4.140000000000000000e+03 1.390374909047753818e+02
4.150000000000000000e+03 1.456206040834899795e+02
4.160000000000000000e+03 1.468179139879748902e+02
4.170000000000000000e+03 1.480604302624955722e+02
4.180000000000000000e+03 1.459678165073392790e+02
4.190000000000000000e+03 1.695812980054044203e+02
4.200000000000000000e+03 1.489518952959396358e+02
4.210000000000000000e+03 1.644040513686022962e+02
4.220000000000000000e+03 1.478623587527188477e+02
4.230000000000000000e+03 1.532726273248006805e+02
4.240000000000000000e+03 1.528476072323726385e+02
4.250000000000000000e+03 1.564588456235231888e+02
4.260000000000000000e+03 1.629775583460651092e+02
4.270000000000000000e+03 1.624338786942654451e+02
4.280000000000000000e+03 1.407764178129974368e+02
4.290000000000000000e+03 1.657770301330743052e+02
4.300000000000000000e+03 1.710563205531892095e+02
4.310000000000000000e+03 1.554200731409509899e+02
4.320000000000000000e+03 1.216799636844051378e+02
4.330000000000000000e+03 1.246169453422457423e+02
4.340000000000000000e+03 1.452171844999383836e+02
4.350000000000000000e+03 1.617277655075462235e+02
4.360000000000000000e+03 1.629393420611298779e+02
4.370000000000000000e+03 1.337092125931767725e+02
4.380000000000000000e+03 1.353399077738986023e+02
4.390000000000000000e+03 1.494475610845072993e+02
4.400000000000000000e+03 1.549193080280066681e+02
4.410000000000000000e+03 1.489134498278863532e+02
4.420000000000000000e+03 1.565022185286146055e+02
4.430000000000000000e+03 1.699002636099537540e+02
4.440000000000000000e+03 1.588603409260345245e+02
4.450000000000000000e+03 1.476063612098544127e+02
4.460000000000000000e+03 1.485802748700177744e+02
4.470000000000000000e+03 1.496947923731062531e+02
4.480000000000000000e+03 1.427023581455501642e+02
4.490000000000000000e+03 1.285445137320880065e+02
4.500000000000000000e+03 1.422650194605268155e+02
4.510000000000000000e+03 1.365372749741630116e+02
4.520000000000000000e+03 1.170098419920733051e+02
4.530000000000000000e+03 1.568622652070748131e+02
4.540000000000000000e+03 1.397161594131078459e+02
4.550000000000000000e+03 1.288199345442073991e+02
4.560000000000000000e+03 1.524208109707796837e+02
4.570000000000000000e+03 1.633942132546842458e+02
4.580000000000000000e+03 1.378906585820415103e+02
4.590000000000000000e+03 1.441514830009950572e+02
4.600000000000000000e+03 1.462682182793263621e+02
4.610000000000000000e+03 1.506194316628883598e+02
4.620000000000000000e+03 1.414989175926573921e+02
4.630000000000000000e+03 1.578012857375146893e+02
4.640000000000000000e+03 1.417442581205324075e+02
4.650000000000000000e+03 1.372170893980857329e+02
4.660000000000000000e+03 1.653096684595860779e+02
4.670000000000000000e+03 1.489893094399616587e+02
4.680000000000000000e+03 1.590069035300289784e+02
4.690000000000000000e+03 1.750861046136828350e+02
4.700000000000000000e+03 1.438965740779413522e+02
4.710000000000000000e+03 1.562143645323408805e+02
4.720000000000000000e+03 1.493316517225523512e+02
4.730000000000000000e+03 1.461246923516461038e+02
4.740000000000000000e+03 1.524705437073970415e+02
4.750000000000000000e+03 1.435824213188711269e+02
4.760000000000000000e+03 1.328257689688645655e+02
4.770000000000000000e+03 1.350728521455881435e+02
4.780000000000000000e+03 1.336091168663674296e+02
4.790000000000000000e+03 1.502709014361103073e+02
4.800000000000000000e+03 1.455893205878758465e+02
4.810000000000000000e+03 1.548992545051770833e+02
4.820000000000000000e+03 1.380338407350447198e+02
4.830000000000000000e+03 1.543808422921427166e+02
4.840000000000000000e+03 1.570777546338235027e+02
4.850000000000000000e+03 1.530307245436964365e+02
4.860000000000000000e+03 1.632802519492327349e+02
4.870000000000000000e+03 1.666392743189666703e+02
4.880000000000000000e+03 1.660976573152294975e+02
4.890000000000000000e+03 1.459236414613346824e+02
4.900000000000000000e+03 1.569602409900421662e+02
4.910000000000000000e+03 1.575624769285041680e+02
4.920000000000000000e+03 1.543908117577779819e+02
4.930000000000000000e+03 1.407870175322073294e+02
4.940000000000000000e+03 1.505196224149765953e+02
4.950000000000000000e+03 1.450748044878483825e+02
4.960000000000000000e+03 1.439503748149041371e+02
4.970000000000000000e+03 1.412892723354190139e+02
4.980000000000000000e+03 1.375160587755849804e+02
4.990000000000000000e+03 1.200109949229685782e+02
5.000000000000000000e+03 1.058871269067576719e+02
5.010000000000000000e+03 1.275719178748534546e+02
5.020000000000000000e+03 1.236998690953593467e+02
5.030000000000000000e+03 1.212061275878319435e+02
5.040000000000000000e+03 1.376299054894774940e+02
5.050000000000000000e+03 1.502866577754763853e+02
5.060000000000000000e+03 1.573322624864206318e+02
5.070000000000000000e+03 1.572288436043995148e+02
5.080000000000000000e+03 1.536644158651111525e+02
5.090000000000000000e+03 1.489073191794784634e+02
5.100000000000000000e+03 1.520424296428752768e+02
5.110000000000000000e+03 1.755951776146565635e+02
5.120000000000000000e+03 1.648205343898829085e+02
5.130000000000000000e+03 1.585104928963276336e+02
5.140000000000000000e+03 1.520006037238307499e+02
5.150000000000000000e+03 1.608303417130328228e+02
5.160000000000000000e+03 1.699946870545913100e+02
5.170000000000000000e+03 1.686984846346668689e+02
5.180000000000000000e+03 1.684736559958575128e+02
5.190000000000000000e+03 1.547993306657062647e+02
5.200000000000000000e+03 1.505250082182508038e+02
5.210000000000000000e+03 1.466609235521090113e+02
5.220000000000000000e+03 1.416645023954501994e+02
5.230000000000000000e+03 1.295198024909597052e+02
5.240000000000000000e+03 1.502904392969242622e+02
5.250000000000000000e+03 1.418030435903128250e+02
5.260000000000000000e+03 1.449406177722287339e+02
5.270000000000000000e+03 1.587724492002614625e+02
5.280000000000000000e+03 1.503391980052898873e+02
5.290000000000000000e+03 1.311260323738294744e+02
5.300000000000000000e+03 1.499356638301792657e+02
5.310000000000000000e+03 1.328948103831778269e+02
5.320000000000000000e+03 1.406036137419859813e+02
5.330000000000000000e+03 1.349897732652941613e+02
5.340000000000000000e+03 1.423107414925782734e+02
5.350000000000000000e+03 1.248575876162006892e+02
5.360000000000000000e+03 1.355447974814373708e+02
5.370000000000000000e+03 1.402616725298518929e+02
5.380000000000000000e+03 1.545020228658129042e+02
5.390000000000000000e+03 1.590706737326270570e+02
5.400000000000000000e+03 1.374004358925275824e+02
5.410000000000000000e+03 1.278104975007459103e+02
5.420000000000000000e+03 1.329566325292724400e+02
5.430000000000000000e+03 1.624904296286448755e+02
5.440000000000000000e+03 1.479149562783118483e+02
5.450000000000000000e+03 1.342565591748652309e+02
5.460000000000000000e+03 1.515722031804114067e+02
5.470000000000000000e+03 1.461677214820604149e+02
5.480000000000000000e+03 1.516485211587228434e+02
5.490000000000000000e+03 1.399340552625960754e+02
5.500000000000000000e+03 1.368065651378744860e+02
5.510000000000000000e+03 1.316021030058036558e+02
5.520000000000000000e+03 1.445940356019541184e+02
5.530000000000000000e+03 1.603786217873517046e+02
5.540000000000000000e+03 1.513233103142065943e+02
5.550000000000000000e+03 1.523002033549046530e+02
5.560000000000000000e+03 1.450811643193743237e+02
5.570000000000000000e+03 1.604330527778891167e+02
5.580000000000000000e+03 1.598940713800095637e+02
5.590000000000000000e+03 1.460683133046052262e+02
5.600000000000000000e+03 1.326145194297998273e+02
5.610000000000000000e+03 1.482122640782052372e+02
5.620000000000000000e+03 1.471216962109532460e+02
5.630000000000000000e+03 1.342640076262019306e+02
5.640000000000000000e+03 1.464427985195027304e+02
5.650000000000000000e+03 1.394558073910003770e+02
5.660000000000000000e+03 1.400366147079245138e+02
5.670000000000000000e+03 1.563525619525264290e+02
5.680000000000000000e+03 1.466655645102495953e+02
5.690000000000000000e+03 1.399068970631068680e+02
5.700000000000000000e+03 1.504950425255654807e+02
5.710000000000000000e+03 1.512587952664748627e+02
5.720000000000000000e+03 1.451477420151685180e+02
5.730000000000000000e+03 1.348417782668118718e+02
5.740000000000000000e+03 1.349873095467750943e+02
5.750000000000000000e+03 1.444031260646164867e+02
5.760000000000000000e+03 1.364876568291046794e+02
5.770000000000000000e+03 1.328913153406275285e+02
5.780000000000000000e+03 1.410159714671416396e+02
5.790000000000000000e+03 1.406677277192611086e+02
5.800000000000000000e+03 1.488547789496649330e+02
5.810000000000000000e+03 1.713054998982916004e+02
5.820000000000000000e+03 1.467339756709882010e+02
5.830000000000000000e+03 1.462774428998279745e+02
5.840000000000000000e+03 1.555437174331402446e+02
5.850000000000000000e+03 1.611247274281710418e+02
5.860000000000000000e+03 1.552980331305881521e+02
5.870000000000000000e+03 1.359089694560225610e+02
5.880000000000000000e+03 1.376902379453047445e+02
5.890000000000000000e+03 1.565556754909003132e+02
5.900000000000000000e+03 1.574341343823948591e+02
5.910000000000000000e+03 1.691598875470857024e+02
5.920000000000000000e+03 1.553431249090649260e+02
5.930000000000000000e+03 1.509499710148993472e+02
5.940000000000000000e+03 1.542414989563669110e+02
5.950000000000000000e+03 1.502887777193183751e+02
5.960000000000000000e+03 1.219117824083150765e+02
5.970000000000000000e+03 1.348631495925702666e+02
5.980000000000000000e+03 1.513572294156783187e+02
5.990000000000000000e+03 1.630240252232501916e+02
6.000000000000000000e+03 1.456618570447394347e+02
6.010000000000000000e+03 1.598906336332387639e+02
6.020000000000000000e+03 1.491567277076989058e+02
6.030000000000000000e+03 1.620881559606835083e+02
6.040000000000000000e+03 1.475824115740179252e+02
6.050000000000000000e+03 1.535855768725011217e+02
6.060000000000000000e+03 1.566762831067753154e+02
6.070000000000000000e+03 1.518710579663516569e+02
6.080000000000000000e+03 1.587879763565094891e+02
6.090000000000000000e+03 1.462261058813842567e+02
6.100000000000000000e+03 1.741779665084004876e+02
6.110000000000000000e+03 1.694291204150176782e+02
6.120000000000000000e+03 1.553973267164843151e+02
6.130000000000000000e+03 1.714226124716163611e+02
6.140000000000000000e+03 1.632189454651536948e+02
6.150000000000000000e+03 1.499643690157153060e+02
6.160000000000000000e+03 1.514526841843471345e+02
6.170000000000000000e+03 1.628361523622268123e+02
6.180000000000000000e+03 1.497448115886211610e+02
6.190000000000000000e+03 1.706656779284690231e+02
6.200000000000000000e+03 1.430261365955786061e+02
6.210000000000000000e+03 1.494556397894186546e+02
6.220000000000000000e+03 1.400367292994835395e+02
6.230000000000000000e+03 1.440364903715122864e+02
6.240000000000000000e+03 1.415219504960216454e+02
6.250000000000000000e+03 1.513363164561560552e+02
6.260000000000000000e+03 1.571485149215221497e+02
6.270000000000000000e+03 1.404963560427374887e+02
6.280000000000000000e+03 1.460107310461945644e+02
6.290000000000000000e+03 1.382333446393092800e+02
6.300000000000000000e+03 1.362171634540234209e+02
6.310000000000000000e+03 1.407029073278821159e+02
6.320000000000000000e+03 1.182976792281888692e+02
6.330000000000000000e+03 1.162674032811427907e+02
6.340000000000000000e+03 1.247759984261740556e+02
6.350000000000000000e+03 1.223013937090040173e+02
6.360000000000000000e+03 1.159085598140523530e+02
6.370000000000000000e+03 1.517204846577912747e+02
6.380000000000000000e+03 1.478415603847555815e+02
6.390000000000000000e+03 1.570087132195102413e+02
6.400000000000000000e+03 1.422618108968740955e+02
6.410000000000000000e+03 1.309306537656898399e+02
6.420000000000000000e+03 1.295943443001062292e+02
6.430000000000000000e+03 1.573789012509442671e+02
6.440000000000000000e+03 1.595278940531414378e+02
6.450000000000000000e+03 1.414443720105609259e+02
6.460000000000000000e+03 1.642343985654640619e+02
6.470000000000000000e+03 1.428614685252580045e+02
6.480000000000000000e+03 1.493993180381572756e+02
6.490000000000000000e+03 1.540246344309098845e+02
6.500000000000000000e+03 1.514654038473990454e+02
6.510000000000000000e+03 1.367712709376944531e+02
6.520000000000000000e+03 1.527592571403634452e+02
6.530000000000000000e+03 1.435882081926019396e+02
6.540000000000000000e+03 1.249293792279305819e+02
6.550000000000000000e+03 1.407395766267705142e+02
6.560000000000000000e+03 1.377956621796088257e+02
6.570000000000000000e+03 1.333216066447707533e+02
6.580000000000000000e+03 1.285786047208983121e+02
6.590000000000000000e+03 1.449331120251125355e+02
6.600000000000000000e+03 1.452187887817647720e+02
6.610000000000000000e+03 1.586694313886969212e+02
6.620000000000000000e+03 1.493291307082537855e+02
6.630000000000000000e+03 1.429773778872129810e+02
6.640000000000000000e+03 1.363360521965130658e+02
6.650000000000000000e+03 1.484629904093545179e+02
6.660000000000000000e+03 1.477153377824882909e+02
6.670000000000000000e+03 1.438152140710327558e+02
6.680000000000000000e+03 1.412488788108622941e+02
6.690000000000000000e+03 1.433496858624889683e+02
6.700000000000000000e+03 1.487755388865983548e+02
6.710000000000000000e+03 1.447197998379853345e+02
6.720000000000000000e+03 1.400715078376479710e+02
6.730000000000000000e+03 1.482942543386884893e+02
6.740000000000000000e+03 1.427012695257394057e+02
6.750000000000000000e+03 1.283837990705538346e+02
6.760000000000000000e+03 1.383710263974791985e+02
6.770000000000000000e+03 1.423764024559002337e+02
6.780000000000000000e+03 1.440224529055315941e+02
6.790000000000000000e+03 1.496034056047828926e+02
6.800000000000000000e+03 1.418492812843798845e+02
6.810000000000000000e+03 1.368858624967205913e+02
6.820000000000000000e+03 1.309006880730044884e+02
6.830000000000000000e+03 1.440123688483372746e+02
6.840000000000000000e+03 1.560161784310051303e+02
6.850000000000000000e+03 1.431004492216070787e+02
6.860000000000000000e+03 1.586689157266813197e+02
6.870000000000000000e+03 1.609591426253782345e+02
6.880000000000000000e+03 1.742874587430499957e+02
6.890000000000000000e+03 1.684587017974046148e+02
6.900000000000000000e+03 1.580488608007907203e+02
6.910000000000000000e+03 1.598360307553627990e+02
6.920000000000000000e+03 1.481015113364064462e+02
6.930000000000000000e+03 1.481603541019663908e+02
6.940000000000000000e+03 1.479995248488731932e+02
6.950000000000000000e+03 1.430691084302134186e+02
6.960000000000000000e+03 1.190297474030275140e+02
6.970000000000000000e+03 1.202836655376713253e+02
6.980000000000000000e+03 1.277358411000403606e+02
6.990000000000000000e+03 1.333163927288350692e+02
7.000000000000000000e+03 1.310563034101620303e+02
7.010000000000000000e+03 1.380938294161948932e+02
7.020000000000000000e+03 1.557033434748636864e+02
7.030000000000000000e+03 1.491427475374976837e+02
7.040000000000000000e+03 1.733979417661093976e+02
7.050000000000000000e+03 1.508221441308056683e+02
7.060000000000000000e+03 1.615651600852880847e+02
7.070000000000000000e+03 1.401674209725528613e+02
7.080000000000000000e+03 1.731848587621002196e+02
7.090000000000000000e+03 1.573654367427586749e+02
7.100000000000000000e+03 1.502848243105319739e+02
7.110000000000000000e+03 1.588622316867584630e+02
7.120000000000000000e+03 1.508671786135029436e+02
7.130000000000000000e+03 1.618686558293688904e+02
7.140000000000000000e+03 1.586273189907548158e+02
7.150000000000000000e+03 1.434502399555344425e+02
7.160000000000000000e+03 1.353303966744994398e+02
7.170000000000000000e+03 1.438914747535646939e+02
7.180000000000000000e+03 1.430095208195197927e+02
7.190000000000000000e+03 1.276352870069949148e+02
7.200000000000000000e+03 1.306512222490045474e+02
7.210000000000000000e+03 1.457581139543214022e+02
7.220000000000000000e+03 1.454150268265970567e+02
7.230000000000000000e+03 1.574085804647320401e+02
7.240000000000000000e+03 1.718593209030650826e+02
7.250000000000000000e+03 1.657738788652010840e+02
7.260000000000000000e+03 1.528929281939674922e+02
7.270000000000000000e+03 1.490699818975160724e+02
7.280000000000000000e+03 1.597622910871294550e+02
7.290000000000000000e+03 1.614746327536574313e+02
7.300000000000000000e+03 1.652475598345939147e+02
7.310000000000000000e+03 1.555389045876611362e+02
7.320000000000000000e+03 1.537796949734914733e+02
7.330000000000000000e+03 1.482169050363458211e+02
7.340000000000000000e+03 1.428374042978625198e+02
7.350000000000000000e+03 1.362757770364653140e+02
7.360000000000000000e+03 1.341559477860402865e+02
7.370000000000000000e+03 1.258965892818909111e+02
7.380000000000000000e+03 1.484130284896190801e+02
7.390000000000000000e+03 1.466716951586574851e+02
7.400000000000000000e+03 1.375500924686157589e+02
7.410000000000000000e+03 1.378266019005458816e+02
7.420000000000000000e+03 1.421411459852195094e+02
7.430000000000000000e+03 1.436610884241425765e+02
7.440000000000000000e+03 1.434168938118578183e+02
7.450000000000000000e+03 1.306538578548621388e+02
7.460000000000000000e+03 1.270417027312393969e+02
7.470000000000000000e+03 1.414145209094346285e+02
7.480000000000000000e+03 1.218568357557620345e+02
7.490000000000000000e+03 1.209139191123152131e+02
7.500000000000000000e+03 1.377981258981278927e+02
7.510000000000000000e+03 1.270466301682775168e+02
7.520000000000000000e+03 1.279355168916434735e+02
7.530000000000000000e+03 1.248018388227344531e+02
7.540000000000000000e+03 1.231335576106520335e+02
7.550000000000000000e+03 1.338950801019172161e+02
7.560000000000000000e+03 1.314407007949153012e+02
7.570000000000000000e+03 1.498769929519578454e+02
7.580000000000000000e+03 1.467113438380805235e+02
7.590000000000000000e+03 1.596227185682355980e+02
7.600000000000000000e+03 1.500534066570786536e+02
7.610000000000000000e+03 1.252195250553848354e+02
7.620000000000000000e+03 1.294832477836303610e+02
7.630000000000000000e+03 1.244686638648658885e+02
7.640000000000000000e+03 1.330253301689086243e+02
7.650000000000000000e+03 1.289981244184930915e+02
7.660000000000000000e+03 1.365183673669236839e+02
7.670000000000000000e+03 1.297523660600033111e+02
7.680000000000000000e+03 1.228354476698454789e+02
7.690000000000000000e+03 1.425388359908198481e+02
7.700000000000000000e+03 1.514821915107963832e+02
7.710000000000000000e+03 1.500098045688691855e+02
7.720000000000000000e+03 1.509284850975819552e+02
7.730000000000000000e+03 1.375052298732570364e+02
7.740000000000000000e+03 1.356679261116109956e+02
7.750000000000000000e+03 1.164225029562847169e+02
7.760000000000000000e+03 1.100245124411768529e+02
7.770000000000000000e+03 1.250560029006544909e+02
7.780000000000000000e+03 1.494646925225817142e+02
7.790000000000000000e+03 1.544249027465882591e+02
7.800000000000000000e+03 1.558953989277915468e+02
7.810000000000000000e+03 1.314175532999920222e+02
7.820000000000000000e+03 1.472378347560262455e+02
7.830000000000000000e+03 1.674637032903804084e+02
7.840000000000000000e+03 1.714427805860049716e+02
7.850000000000000000e+03 1.731950574108535648e+02
7.860000000000000000e+03 1.638212959951747507e+02
7.870000000000000000e+03 1.506986144301754393e+02
7.880000000000000000e+03 1.583905155340272302e+02
7.890000000000000000e+03 1.682990757556811730e+02
7.900000000000000000e+03 1.745123446776388505e+02
7.910000000000000000e+03 1.585427504201934994e+02
7.920000000000000000e+03 1.527278017574107878e+02
7.930000000000000000e+03 1.387205306525089838e+02
7.940000000000000000e+03 1.519333384786823729e+02
7.950000000000000000e+03 1.511239210015010599e+02
7.960000000000000000e+03 1.574090961267476700e+02
7.970000000000000000e+03 1.557655666914148753e+02
7.980000000000000000e+03 1.507576863788534354e+02
7.990000000000000000e+03 1.517105724879355080e+02
8.000000000000000000e+03 1.360861853020564922e+02
8.010000000000000000e+03 1.452253777964087362e+02
8.020000000000000000e+03 1.361611281816595920e+02
8.030000000000000000e+03 1.377076558622767379e+02
8.040000000000000000e+03 1.335879174279475592e+02
8.050000000000000000e+03 1.291618757563414874e+02
8.060000000000000000e+03 1.393140576324850315e+02
8.070000000000000000e+03 1.398128173931464175e+02
8.080000000000000000e+03 1.410168881996138452e+02
8.090000000000000000e+03 1.375159441840259547e+02
8.100000000000000000e+03 1.537210813910495801e+02
8.110000000000000000e+03 1.496161825636143021e+02
8.120000000000000000e+03 1.485938539697623924e+02
8.130000000000000000e+03 1.591460176826867610e+02
8.140000000000000000e+03 1.448645289770353770e+02
8.150000000000000000e+03 1.510420453325768904e+02
8.160000000000000000e+03 1.487810965772111160e+02
8.170000000000000000e+03 1.548490061065440955e+02
8.180000000000000000e+03 1.540213685714776375e+02
8.190000000000000000e+03 1.298659262949982462e+02
8.200000000000000000e+03 1.352818098534723390e+02
8.210000000000000000e+03 1.680205609714680577e+02
8.220000000000000000e+03 1.438440338481278502e+02
8.230000000000000000e+03 1.629701098947283811e+02
8.240000000000000000e+03 1.487288428262951925e+02
8.250000000000000000e+03 1.512550710408065129e+02
8.260000000000000000e+03 1.587222008016284747e+02
8.270000000000000000e+03 1.422111041320050049e+02
8.280000000000000000e+03 1.475580608677248904e+02
8.290000000000000000e+03 1.450830550800982621e+02
8.300000000000000000e+03 1.415877833466821869e+02
8.310000000000000000e+03 1.442847529841425001e+02
8.320000000000000000e+03 1.516658817799153098e+02
8.330000000000000000e+03 1.549534563125964723e+02
8.340000000000000000e+03 1.494128971379018651e+02
8.350000000000000000e+03 1.788690011602546122e+02
8.360000000000000000e+03 1.474183737572719792e+02
8.370000000000000000e+03 1.534316231129494952e+02
8.380000000000000000e+03 1.459205474892409597e+02
8.390000000000000000e+03 1.374752068847921578e+02
8.400000000000000000e+03 1.701254933192196859e+02
8.410000000000000000e+03 1.698972842294190855e+02
8.420000000000000000e+03 1.741255408701460397e+02
8.430000000000000000e+03 1.638962388747778789e+02
8.440000000000000000e+03 1.499224285051117249e+02
8.450000000000000000e+03 1.555069335426928490e+02
8.460000000000000000e+03 1.518685369520530628e+02
8.470000000000000000e+03 1.565002704721111400e+02
8.480000000000000000e+03 1.638227283896625863e+02
8.490000000000000000e+03 1.738023353779127262e+02
8.500000000000000000e+03 1.526005478311122090e+02
8.510000000000000000e+03 1.492623238293415113e+02
8.520000000000000000e+03 1.515648120248542341e+02
8.530000000000000000e+03 1.691020188097774906e+02
8.540000000000000000e+03 1.658133556572855980e+02
8.550000000000000000e+03 1.663310803209658104e+02
8.560000000000000000e+03 1.468459316241567763e+02
8.570000000000000000e+03 1.626410602329847563e+02
8.580000000000000000e+03 1.652559823141823188e+02
8.590000000000000000e+03 1.488693893734407823e+02
8.600000000000000000e+03 1.601689192343338277e+02
8.610000000000000000e+03 1.559526947073046017e+02
8.620000000000000000e+03 1.540666322372929642e+02
8.630000000000000000e+03 1.531548844979012927e+02
8.640000000000000000e+03 1.665738425387627331e+02
8.650000000000000000e+03 1.651538239393105130e+02
8.660000000000000000e+03 1.636705507992758442e+02
8.670000000000000000e+03 1.421392552244955994e+02
8.680000000000000000e+03 1.401026767417031067e+02
8.690000000000000000e+03 1.483082918046691816e+02
8.700000000000000000e+03 1.463535316950213598e+02
8.710000000000000000e+03 1.499379556613597799e+02
8.720000000000000000e+03 1.480993340967849576e+02
8.730000000000000000e+03 1.583145413303928990e+02
8.740000000000000000e+03 1.443215941703693943e+02
8.750000000000000000e+03 1.282268086346879556e+02
8.760000000000000000e+03 1.491159904084650805e+02
8.770000000000000000e+03 1.470479565427199020e+02
8.780000000000000000e+03 1.404217569378114376e+02
8.790000000000000000e+03 1.335527951151060506e+02
8.800000000000000000e+03 1.571334461315102260e+02
8.810000000000000000e+03 1.320652820873874305e+02
8.820000000000000000e+03 1.604551116530016373e+02
8.830000000000000000e+03 1.338411647733954055e+02
8.840000000000000000e+03 1.360582249616541333e+02
8.850000000000000000e+03 1.325261120420111354e+02
8.860000000000000000e+03 1.390394389612788189e+02
8.870000000000000000e+03 1.464796970015091517e+02
8.880000000000000000e+03 1.529452965364424415e+02
8.890000000000000000e+03 1.440192443418788457e+02
8.900000000000000000e+03 1.202942652568812321e+02
8.910000000000000000e+03 1.272879026958070909e+02
8.920000000000000000e+03 1.464916718194273813e+02
8.930000000000000000e+03 1.397709341783223351e+02
8.940000000000000000e+03 1.398695975106438709e+02
8.950000000000000000e+03 1.304062827915861078e+02
8.960000000000000000e+03 1.633896295923231889e+02
8.970000000000000000e+03 1.522610130417176890e+02
8.980000000000000000e+03 1.504988240470133292e+02
8.990000000000000000e+03 1.245402835892572284e+02
9.000000000000000000e+03 1.392826595453118443e+02
9.010000000000000000e+03 1.277925066259788025e+02
9.020000000000000000e+03 1.384543344608912321e+02
9.030000000000000000e+03 1.535569862785241071e+02
9.040000000000000000e+03 1.506905357252641124e+02
9.050000000000000000e+03 1.583026811040336952e+02
9.060000000000000000e+03 1.410537293858407395e+02
9.070000000000000000e+03 1.522209632918380464e+02
9.080000000000000000e+03 1.300469809582595815e+02
9.090000000000000000e+03 1.357357070187749741e+02
9.100000000000000000e+03 1.400648615272244513e+02
9.110000000000000000e+03 1.482614238570274665e+02
9.120000000000000000e+03 1.549580399749575008e+02
9.130000000000000000e+03 1.502103970929444756e+02
9.140000000000000000e+03 1.494829698762463863e+02
9.150000000000000000e+03 1.457478580097885583e+02
9.160000000000000000e+03 1.410180341152040739e+02
9.170000000000000000e+03 1.473427433283147252e+02
9.180000000000000000e+03 1.696614548009432326e+02
9.190000000000000000e+03 1.564063053937096868e+02
9.200000000000000000e+03 1.613270388256317460e+02
9.210000000000000000e+03 1.506171398317078456e+02
9.220000000000000000e+03 1.477462202076458198e+02
9.230000000000000000e+03 1.446040623633689108e+02
9.240000000000000000e+03 1.562879323132356717e+02
9.250000000000000000e+03 1.741950406506954039e+02
9.260000000000000000e+03 1.570215474741211779e+02
9.270000000000000000e+03 1.354818867155320277e+02
9.280000000000000000e+03 1.437294995848812107e+02
9.290000000000000000e+03 1.503665280921176475e+02
9.300000000000000000e+03 1.264160901147360221e+02
9.310000000000000000e+03 1.206471499629023185e+02
9.320000000000000000e+03 1.224101983942993854e+02
9.330000000000000000e+03 1.176520130888559521e+02
9.340000000000000000e+03 1.344934199273723436e+02
9.350000000000000000e+03 1.416638148460960451e+02
9.360000000000000000e+03 1.274357831027303689e+02
9.370000000000000000e+03 1.442049399632807649e+02
9.380000000000000000e+03 1.530147390212123071e+02
9.390000000000000000e+03 1.416705757480785905e+02
9.400000000000000000e+03 1.491821670338026991e+02
9.410000000000000000e+03 1.439661884500497422e+02
9.420000000000000000e+03 1.481899760199746368e+02
9.430000000000000000e+03 1.584619060753005328e+02
9.440000000000000000e+03 1.476333475220050673e+02
9.450000000000000000e+03 1.550403167143382746e+02
9.460000000000000000e+03 1.407410090212583498e+02
9.470000000000000000e+03 1.366683104219094105e+02
9.480000000000000000e+03 1.478172669742420737e+02
9.490000000000000000e+03 1.477494287712985681e+02
9.500000000000000000e+03 1.402437389508642980e+02
9.510000000000000000e+03 1.465118972295955189e+02
9.520000000000000000e+03 1.619839922335287383e+02
9.530000000000000000e+03 1.562141353492228006e+02
9.540000000000000000e+03 1.539608069325323072e+02
9.550000000000000000e+03 1.336171382754992578e+02
9.560000000000000000e+03 1.540749974211018696e+02
9.570000000000000000e+03 1.613533948842077734e+02
9.580000000000000000e+03 1.618922616905283007e+02
9.590000000000000000e+03 1.583255994158389228e+02
9.600000000000000000e+03 1.526750896402587614e+02
9.610000000000000000e+03 1.555273308401994825e+02
9.620000000000000000e+03 1.521111272825114895e+02
9.630000000000000000e+03 1.656528701788694491e+02
9.640000000000000000e+03 1.551135980163355441e+02
9.650000000000000000e+03 1.573647491934045206e+02
9.660000000000000000e+03 1.722205134971155474e+02
9.670000000000000000e+03 1.533189796104267657e+02
9.680000000000000000e+03 1.497559269698467119e+02
9.690000000000000000e+03 1.364040622867950958e+02
9.700000000000000000e+03 1.567188538709535521e+02
9.710000000000000000e+03 1.383421493246046055e+02
9.720000000000000000e+03 1.372393201605367778e+02
9.730000000000000000e+03 1.449363205887652555e+02
9.740000000000000000e+03 1.444862622406899959e+02
9.750000000000000000e+03 1.612356520573083856e+02
9.760000000000000000e+03 1.609441311311458094e+02
9.770000000000000000e+03 1.750097866353714267e+02
9.780000000000000000e+03 1.664297436532873462e+02
9.790000000000000000e+03 1.376320254333194555e+02
9.800000000000000000e+03 1.403873794701036104e+02
9.810000000000000000e+03 1.535677005892930538e+02
9.820000000000000000e+03 1.389329834029435062e+02
9.830000000000000000e+03 1.411491841545095554e+02
9.840000000000000000e+03 1.469009928682688439e+02
9.850000000000000000e+03 1.392780758829508159e+02
9.860000000000000000e+03 1.409284808118251533e+02
9.870000000000000000e+03 1.317548535539855266e+02
9.880000000000000000e+03 1.415532339916357785e+02
9.890000000000000000e+03 1.372508939079984600e+02
9.900000000000000000e+03 1.312628546953066859e+02
9.910000000000000000e+03 1.672195659738751772e+02
9.920000000000000000e+03 1.523527435847181266e+02
9.930000000000000000e+03 1.540650852512461313e+02
9.940000000000000000e+03 1.486541864255896428e+02
9.950000000000000000e+03 1.503055080869362143e+02
9.960000000000000000e+03 1.394483016438841787e+02
9.970000000000000000e+03 1.465982419693217196e+02
9.980000000000000000e+03 1.403622839186768658e+02
9.990000000000000000e+03 1.597191473651560898e+02
