0.000000000000000000e+00 3.610287281210635513e+01
1.000000000000000000e+01 4.812862667832769148e+01
2.000000000000000000e+01 2.608287229929949191e+01
3.000000000000000000e+01 4.573876241905751527e+01
4.000000000000000000e+01 3.135998547979291473e+01
5.000000000000000000e+01 3.504536460963339550e+01
6.000000000000000000e+01 3.024804628678252172e+01
7.000000000000000000e+01 5.451034519205382622e+01
8.000000000000000000e+01 3.539991089326034768e+01
9.000000000000000000e+01 3.027973085285325894e+01
1.000000000000000000e+02 4.025085806573546421e+01
1.100000000000000000e+02 5.282378662630673460e+01
1.200000000000000000e+02 3.907996151560610798e+01
1.300000000000000000e+02 4.299773232715165250e+01
1.400000000000000000e+02 4.207750481239204277e+01
1.500000000000000000e+02 4.013941777458251892e+01
1.600000000000000000e+02 3.966426387508052898e+01
1.700000000000000000e+02 4.547548831219489784e+01
1.800000000000000000e+02 5.057762018205536947e+01
1.900000000000000000e+02 5.018428465569805752e+01
2.000000000000000000e+02 5.522923533760447157e+01
2.100000000000000000e+02 5.397617663965336021e+01
2.200000000000000000e+02 5.366752427541638326e+01
2.300000000000000000e+02 4.135105162394567202e+01
2.400000000000000000e+02 5.332031185156710507e+01
2.500000000000000000e+02 4.119068073708855593e+01
2.600000000000000000e+02 4.220172206237639756e+01
2.700000000000000000e+02 4.855095386911861510e+01
2.800000000000000000e+02 2.621992380389478328e+01
2.900000000000000000e+02 4.113693729590528392e+01
3.000000000000000000e+02 4.127272829335128534e+01
3.100000000000000000e+02 2.828984843036391084e+01
3.200000000000000000e+02 3.476914165660083000e+01
3.300000000000000000e+02 3.852373408809310718e+01
3.400000000000000000e+02 4.511504056327810019e+01
3.500000000000000000e+02 3.925236451616097355e+01
3.600000000000000000e+02 4.156533783932459869e+01
3.700000000000000000e+02 4.398711584778355643e+01
3.800000000000000000e+02 3.758752105084934669e+01
3.900000000000000000e+02 5.831289419099856275e+01
4.000000000000000000e+02 5.383860947304244604e+01
4.100000000000000000e+02 4.679798949491586768e+01
4.200000000000000000e+02 4.151102144034619812e+01
4.300000000000000000e+02 5.425549356477963414e+01
4.400000000000000000e+02 4.593282322426832565e+01
4.500000000000000000e+02 4.509080444854406267e+01
4.600000000000000000e+02 6.166252005289238269e+01
4.700000000000000000e+02 3.554188983489376596e+01
4.800000000000000000e+02 4.543469371718158811e+01
4.900000000000000000e+02 2.021360723753836552e+01
5.000000000000000000e+02 2.608189827104776981e+01
5.100000000000000000e+02 3.212213393887594037e+01
5.200000000000000000e+02 3.662197257449488319e+01
5.300000000000000000e+02 2.506231987461247002e+01
5.400000000000000000e+02 4.113407250692962691e+01
5.500000000000000000e+02 4.835809627527758181e+01
5.600000000000000000e+02 2.701467356152074828e+01
5.700000000000000000e+02 5.059950716982936569e+01
5.800000000000000000e+02 5.668718374309435859e+01
5.900000000000000000e+02 4.338734362784061460e+01
6.000000000000000000e+02 5.249353375319333281e+01
6.100000000000000000e+02 4.469133827377885382e+01
6.200000000000000000e+02 5.275984453637013871e+01
6.300000000000000000e+02 3.223575146965037419e+01
6.400000000000000000e+02 4.341879901079329329e+01
6.500000000000000000e+02 4.936461123398390072e+01
6.600000000000000000e+02 5.170250822123571766e+01
6.700000000000000000e+02 3.640568100683299946e+01
6.800000000000000000e+02 3.495243085526317373e+01
6.900000000000000000e+02 3.136938198763305508e+01
7.000000000000000000e+02 4.631103266483417968e+01
7.100000000000000000e+02 5.063978610282706683e+01
7.200000000000000000e+02 4.273377067093488080e+01
7.300000000000000000e+02 4.518127448439522453e+01
7.400000000000000000e+02 4.057755860051905472e+01
7.500000000000000000e+02 4.083447287585571672e+01
7.600000000000000000e+02 4.407718481317812831e+01
7.700000000000000000e+02 4.338734362784061460e+01
7.800000000000000000e+02 4.718261606278719000e+01
7.900000000000000000e+02 5.015477732924881593e+01
8.000000000000000000e+02 4.682646549733387076e+01
8.100000000000000000e+02 3.958003907919629683e+01
8.200000000000000000e+02 4.832079672281457050e+01
8.300000000000000000e+02 4.722805161594106238e+01
8.400000000000000000e+02 4.761319384582800751e+01
8.500000000000000000e+02 4.179721385901404318e+01
8.600000000000000000e+02 5.294892060876330220e+01
8.700000000000000000e+02 4.740532475775453491e+01
8.800000000000000000e+02 5.497621717527469798e+01
8.900000000000000000e+02 5.041638985850556054e+01
9.000000000000000000e+02 4.225695519382701804e+01
9.100000000000000000e+02 3.782850709948137080e+01
9.200000000000000000e+02 5.827135475085157168e+01
9.300000000000000000e+02 3.018473445042057079e+01
9.400000000000000000e+02 3.445407216505838477e+01
9.500000000000000000e+02 3.048353194058129390e+01
9.600000000000000000e+02 4.888728009486041515e+01
9.700000000000000000e+02 4.812937152346135861e+01
9.800000000000000000e+02 5.038745548985144751e+01
9.900000000000000000e+02 5.776359955280663883e+01
1.000000000000000000e+03 4.430682629746655721e+01
1.010000000000000000e+03 4.649351972258334342e+01
1.020000000000000000e+03 3.871624790725707044e+01
1.030000000000000000e+03 4.606065010836201168e+01
1.040000000000000000e+03 4.788626553098735172e+01
1.050000000000000000e+03 4.646126219871748475e+01
1.060000000000000000e+03 4.114450033880100932e+01
1.070000000000000000e+03 3.714021290019071131e+01
1.080000000000000000e+03 4.300506618692933358e+01
1.090000000000000000e+03 3.887323834312291382e+01
1.100000000000000000e+03 3.331176620890606443e+01
1.110000000000000000e+03 5.441529149384162167e+01
1.120000000000000000e+03 2.968121914005960349e+01
1.130000000000000000e+03 3.433839198622147393e+01
1.140000000000000000e+03 3.970901187888024708e+01
1.150000000000000000e+03 5.134710250091606554e+01
1.160000000000000000e+03 4.708538512495348982e+01
1.170000000000000000e+03 4.926886998641754190e+01
1.180000000000000000e+03 4.071495387979143032e+01
1.190000000000000000e+03 4.548689017231800591e+01
1.200000000000000000e+03 4.591815550471297769e+01
1.210000000000000000e+03 4.727818542301501026e+01
1.220000000000000000e+03 4.041369267111164021e+01
1.230000000000000000e+03 5.626176258020972654e+01
1.240000000000000000e+03 4.005381787998997112e+01
1.250000000000000000e+03 5.081608521638882081e+01
1.260000000000000000e+03 3.013884053103058847e+01
1.270000000000000000e+03 3.555151552585196129e+01
1.280000000000000000e+03 4.602707478156734311e+01
1.290000000000000000e+03 4.030219508417918206e+01
1.300000000000000000e+03 4.281593281875665014e+01
1.310000000000000000e+03 4.977255718411704777e+01
1.320000000000000000e+03 4.978344338222453302e+01
1.330000000000000000e+03 2.674985246861128374e+01
1.340000000000000000e+03 3.814535276018871457e+01
1.350000000000000000e+03 4.280132239498080793e+01
1.360000000000000000e+03 5.585014970018774250e+01
1.370000000000000000e+03 5.406406836542642935e+01
1.380000000000000000e+03 3.535161055113082540e+01
1.390000000000000000e+03 4.637526123366834696e+01
1.400000000000000000e+03 3.550075146520337199e+01
1.410000000000000000e+03 3.576133267042887098e+01
1.420000000000000000e+03 4.463564677609214471e+01
1.430000000000000000e+03 4.296765204290728946e+01
1.440000000000000000e+03 6.060724638582042445e+01
1.450000000000000000e+03 4.954154060112029612e+01
1.460000000000000000e+03 5.484117102296236368e+01
1.470000000000000000e+03 4.641410777217821249e+01
1.480000000000000000e+03 5.799696526276342468e+01
1.490000000000000000e+03 3.556549569605315497e+01
1.500000000000000000e+03 4.988623201067100155e+01
1.510000000000000000e+03 3.744674532058569838e+01
1.520000000000000000e+03 3.072784114442507430e+01
1.530000000000000000e+03 3.865746243747663868e+01
1.540000000000000000e+03 3.938391562592300943e+01
1.550000000000000000e+03 5.668993394051098988e+01
1.560000000000000000e+03 3.926983972891246566e+01
1.570000000000000000e+03 5.728827376596611032e+01
1.580000000000000000e+03 3.816809918465540363e+01
1.590000000000000000e+03 6.169615267546654991e+01
1.600000000000000000e+03 4.728741004351661559e+01
1.610000000000000000e+03 5.340774521110407136e+01
1.620000000000000000e+03 4.407036661541607003e+01
1.630000000000000000e+03 4.260674592775438185e+01
1.640000000000000000e+03 4.154012769633884261e+01
1.650000000000000000e+03 5.068831562807464053e+01
1.660000000000000000e+03 5.456173950627705693e+01
1.670000000000000000e+03 4.556418217888115407e+01
1.680000000000000000e+03 5.459989849543277529e+01
1.690000000000000000e+03 4.851921200726837213e+01
1.700000000000000000e+03 4.370860106357046249e+01
1.710000000000000000e+03 4.155353490874490063e+01
1.720000000000000000e+03 5.267768238854836937e+01
1.730000000000000000e+03 4.406784560111749016e+01
1.740000000000000000e+03 4.491398967296669298e+01
1.750000000000000000e+03 4.038109137256870440e+01
1.760000000000000000e+03 3.079653878406126211e+01
1.770000000000000000e+03 4.364185148043772244e+01
1.780000000000000000e+03 4.220246690751007179e+01
1.790000000000000000e+03 4.426792246317717883e+01
1.800000000000000000e+03 4.594743364804416075e+01
1.810000000000000000e+03 3.599538592973981110e+01
1.820000000000000000e+03 4.339662554412173279e+01
1.830000000000000000e+03 4.200800503184267143e+01
1.840000000000000000e+03 5.623821401482985038e+01
1.850000000000000000e+03 4.249255543918481237e+01
1.860000000000000000e+03 3.666408497243699571e+01
1.870000000000000000e+03 5.304958929336778795e+01
1.880000000000000000e+03 2.914601926362789897e+01
1.890000000000000000e+03 4.346371890193154996e+01
1.900000000000000000e+03 3.871796678064245611e+01
1.910000000000000000e+03 3.642418754361572297e+01
1.920000000000000000e+03 5.333257314838290597e+01
1.930000000000000000e+03 4.775706354818535004e+01
1.940000000000000000e+03 4.476628115338196778e+01
1.950000000000000000e+03 5.873058042364893083e+01
1.960000000000000000e+03 4.747723096104345331e+01
1.970000000000000000e+03 4.579731870571988139e+01
1.980000000000000000e+03 4.278430554846542577e+01
1.990000000000000000e+03 2.673919545362184991e+01
2.000000000000000000e+03 5.299401238724009744e+01
2.010000000000000000e+03 2.259092372109517655e+01
2.020000000000000000e+03 3.159151772480527853e+01
2.030000000000000000e+03 3.664139584374981240e+01
2.040000000000000000e+03 3.299772804139485771e+01
2.050000000000000000e+03 4.903200923391046473e+01
2.060000000000000000e+03 4.561523271842730765e+01
2.070000000000000000e+03 5.331624385122167809e+01
2.080000000000000000e+03 4.705461729135496540e+01
2.090000000000000000e+03 4.361119823839823084e+01
2.100000000000000000e+03 5.740939704385677089e+01
2.110000000000000000e+03 4.179199994307834487e+01
2.120000000000000000e+03 5.418988989723715122e+01
2.130000000000000000e+03 5.168405898023249989e+01
2.140000000000000000e+03 3.957144471226933291e+01
2.150000000000000000e+03 3.403518272103823961e+01
2.160000000000000000e+03 5.289787006921714863e+01
2.170000000000000000e+03 5.574667352238711970e+01
2.180000000000000000e+03 3.961264037773923974e+01
2.190000000000000000e+03 4.305577295179841002e+01
2.200000000000000000e+03 4.426144804009219769e+01
2.210000000000000000e+03 4.487445558510266608e+01
2.220000000000000000e+03 4.965206415980103571e+01
2.230000000000000000e+03 2.482649044613662426e+01
2.240000000000000000e+03 4.607846909579057382e+01
2.250000000000000000e+03 5.053739854483718830e+01
2.260000000000000000e+03 3.824630792369076460e+01
2.270000000000000000e+03 4.297063142344196507e+01
2.280000000000000000e+03 3.971399661169787976e+01
2.290000000000000000e+03 3.391325730223440615e+01
2.300000000000000000e+03 3.721045752587374977e+01
2.310000000000000000e+03 3.029474234708568403e+01
2.320000000000000000e+03 6.080864105080890880e+01
2.330000000000000000e+03 5.672746267609205972e+01
2.340000000000000000e+03 3.397020930707040520e+01
2.350000000000000000e+03 4.312068906998673157e+01
2.360000000000000000e+03 4.278224290040295585e+01
2.370000000000000000e+03 3.782741847967061943e+01
2.380000000000000000e+03 4.079757439384929540e+01
2.390000000000000000e+03 3.925723465741958762e+01
2.400000000000000000e+03 4.249553481971948798e+01
2.410000000000000000e+03 5.320159499641599865e+01
2.420000000000000000e+03 4.328696142213369313e+01
2.430000000000000000e+03 3.175859221786542719e+01
2.440000000000000000e+03 5.967733588432309944e+01
2.450000000000000000e+03 3.748983174677954366e+01
2.460000000000000000e+03 4.011564002608459134e+01
2.470000000000000000e+03 4.851497211958440658e+01
2.480000000000000000e+03 6.088633412782865406e+01
2.490000000000000000e+03 4.125806057379593739e+01
2.500000000000000000e+03 4.359297818051306450e+01
2.510000000000000000e+03 5.215909828817547123e+01
2.520000000000000000e+03 4.259734941991423796e+01
2.530000000000000000e+03 4.876793298613466021e+01
2.540000000000000000e+03 3.765197880280156539e+01
2.550000000000000000e+03 4.062883832318326682e+01
2.560000000000000000e+03 3.290708611820516438e+01
2.570000000000000000e+03 3.434853333919528495e+01
2.580000000000000000e+03 3.285775445204439649e+01
2.590000000000000000e+03 4.526962457640439652e+01
2.600000000000000000e+03 4.529901731129460529e+01
2.610000000000000000e+03 4.195575128092674078e+01
2.620000000000000000e+03 5.319552164378760750e+01
2.630000000000000000e+03 4.841310022361014376e+01
2.640000000000000000e+03 3.927247533477007124e+01
2.650000000000000000e+03 4.310619323776992218e+01
2.660000000000000000e+03 5.320216795421112721e+01
2.670000000000000000e+03 5.653179758905488228e+01
2.680000000000000000e+03 5.327567843932641267e+01
2.690000000000000000e+03 3.893557615123314264e+01
2.700000000000000000e+03 3.495655615138811356e+01
2.710000000000000000e+03 2.990719369445919540e+01
2.720000000000000000e+03 3.989069679571622373e+01
2.730000000000000000e+03 4.350777935637711380e+01
2.740000000000000000e+03 5.135082672658440828e+01
2.750000000000000000e+03 3.647334732243794519e+01
2.760000000000000000e+03 5.070745241843201256e+01
2.770000000000000000e+03 4.706006039040870803e+01
2.780000000000000000e+03 5.406383918230837793e+01
2.790000000000000000e+03 4.457199116505310599e+01
2.800000000000000000e+03 4.509000230763088268e+01
2.810000000000000000e+03 4.784650226000527340e+01
2.820000000000000000e+03 4.481366476303928437e+01
2.830000000000000000e+03 4.213342549319681041e+01
2.840000000000000000e+03 4.773345768702596104e+01
2.850000000000000000e+03 4.469099449910177668e+01
2.860000000000000000e+03 5.054358648902459805e+01
2.870000000000000000e+03 5.232571441499950993e+01
2.880000000000000000e+03 5.862126007633796831e+01
2.890000000000000000e+03 4.182185104420467070e+01
2.900000000000000000e+03 5.198652340028206709e+01
2.910000000000000000e+03 5.761056252572720382e+01
2.920000000000000000e+03 3.595224220776646007e+01
2.930000000000000000e+03 4.429301801460390919e+01
2.940000000000000000e+03 5.099570748516233465e+01
2.950000000000000000e+03 4.274786543269510020e+01
2.960000000000000000e+03 4.816088420219355726e+01
2.970000000000000000e+03 3.981283183135794701e+01
2.980000000000000000e+03 5.566199036026678471e+01
2.990000000000000000e+03 3.088574831276313404e+01
3.000000000000000000e+03 3.799386271915611957e+01
3.010000000000000000e+03 4.887713874188659702e+01
3.020000000000000000e+03 5.438165887126744025e+01
3.030000000000000000e+03 3.845675532184231571e+01
3.040000000000000000e+03 6.155205378999116306e+01
3.050000000000000000e+03 4.097530590189887079e+01
3.060000000000000000e+03 3.626249885382980409e+01
3.070000000000000000e+03 3.460476006517779268e+01
3.080000000000000000e+03 4.031273750760959729e+01
3.090000000000000000e+03 4.808313382939429914e+01
3.100000000000000000e+03 4.590852981375478237e+01
3.110000000000000000e+03 4.111848805490206615e+01
3.120000000000000000e+03 4.797868362334195069e+01
3.130000000000000000e+03 3.171670900304136254e+01
3.140000000000000000e+03 4.658937556170873506e+01
3.150000000000000000e+03 6.031154286775340978e+01
3.160000000000000000e+03 5.032718032980368861e+01
3.170000000000000000e+03 4.730110373482023789e+01
3.180000000000000000e+03 5.182861623194401091e+01
3.190000000000000000e+03 3.323069268089504646e+01
3.200000000000000000e+03 5.346498369483763469e+01
3.210000000000000000e+03 3.988886333077181234e+01
3.220000000000000000e+03 5.545979355436511327e+01
3.230000000000000000e+03 4.440526044667003447e+01
3.240000000000000000e+03 4.849491859675482885e+01
3.250000000000000000e+03 5.666541134687939518e+01
3.260000000000000000e+03 5.105787340593402490e+01
3.270000000000000000e+03 3.634735390328867766e+01
3.280000000000000000e+03 5.208392622545429873e+01
3.290000000000000000e+03 4.557592781368133217e+01
3.300000000000000000e+03 5.761612021633995795e+01
3.310000000000000000e+03 5.262783506037199288e+01
3.320000000000000000e+03 3.281793388528280531e+01
3.330000000000000000e+03 3.979409611145717207e+01
3.340000000000000000e+03 3.919472496197082023e+01
3.350000000000000000e+03 3.499362652073308055e+01
3.360000000000000000e+03 5.112107065073695367e+01
3.370000000000000000e+03 5.811992200559849664e+01
3.380000000000000000e+03 3.594668451715369173e+01
3.390000000000000000e+03 5.014772994836871334e+01
3.400000000000000000e+03 4.189891386764976033e+01
3.410000000000000000e+03 4.173670951584822575e+01
3.420000000000000000e+03 4.290021491042038804e+01
3.430000000000000000e+03 4.894348725456274707e+01
3.440000000000000000e+03 5.370029746129787185e+01
3.450000000000000000e+03 4.048645831109325854e+01
3.460000000000000000e+03 2.969130319725390166e+01
3.470000000000000000e+03 3.794768232086858006e+01
3.480000000000000000e+03 4.833196939981962004e+01
3.490000000000000000e+03 3.631607040767453753e+01
3.500000000000000000e+03 5.500841740336105090e+01
3.510000000000000000e+03 5.334792841729240820e+01
3.520000000000000000e+03 5.611943986389923111e+01
3.530000000000000000e+03 3.881468205646054059e+01
3.540000000000000000e+03 3.177961976894673057e+01
3.550000000000000000e+03 5.028993807312018305e+01
3.560000000000000000e+03 4.016405495977314644e+01
3.570000000000000000e+03 5.950607879935850519e+01
3.580000000000000000e+03 3.934208970687846119e+01
3.590000000000000000e+03 3.710560624936481133e+01
3.600000000000000000e+03 4.000253815732576612e+01
3.610000000000000000e+03 4.835895571197028175e+01
3.620000000000000000e+03 4.048691667732936139e+01
3.630000000000000000e+03 4.290382454452971217e+01
3.640000000000000000e+03 3.513004777175373050e+01
3.650000000000000000e+03 2.186120467321655880e+01
3.660000000000000000e+03 2.720352045079587100e+01
3.670000000000000000e+03 4.719166879595025677e+01
3.680000000000000000e+03 4.696655367824335769e+01
3.690000000000000000e+03 5.298031869593647514e+01
3.700000000000000000e+03 3.600690238142193778e+01
3.710000000000000000e+03 3.839636557023553110e+01
3.720000000000000000e+03 4.774365633577929202e+01
3.730000000000000000e+03 5.694850979345353181e+01
3.740000000000000000e+03 3.344675506543888588e+01
3.750000000000000000e+03 4.290399643186825784e+01
3.760000000000000000e+03 5.335451743193641505e+01
3.770000000000000000e+03 5.138182374330099123e+01
3.780000000000000000e+03 5.146908521549941895e+01
3.790000000000000000e+03 3.802726615861224957e+01
3.800000000000000000e+03 6.137076994361175508e+01
3.810000000000000000e+03 4.482615524297313669e+01
3.820000000000000000e+03 4.385006434318826507e+01
3.830000000000000000e+03 3.730270373088981728e+01
3.840000000000000000e+03 6.001068272953022387e+01
3.850000000000000000e+03 3.827432555987265772e+01
3.860000000000000000e+03 5.447115487886687646e+01
3.870000000000000000e+03 4.841951735091561204e+01
3.880000000000000000e+03 3.770428984949700180e+01
3.890000000000000000e+03 4.142078058761309478e+01
3.900000000000000000e+03 5.711718856834004043e+01
3.910000000000000000e+03 3.827306505272337489e+01
3.920000000000000000e+03 3.513761081464945590e+01
3.930000000000000000e+03 5.299263728853178890e+01
3.940000000000000000e+03 4.600472942755724404e+01
3.950000000000000000e+03 5.395245618693494549e+01
3.960000000000000000e+03 4.701479672459337422e+01
3.970000000000000000e+03 4.578339583129820056e+01
3.980000000000000000e+03 2.944934312037015545e+01
3.990000000000000000e+03 4.341381427797566062e+01
4.000000000000000000e+03 3.905692861224184753e+01
4.010000000000000000e+03 2.754947236749585926e+01
4.020000000000000000e+03 4.161512787172146233e+01
4.030000000000000000e+03 3.332001680115594411e+01
4.040000000000000000e+03 2.596593161331329114e+01
4.050000000000000000e+03 3.722380744250029494e+01
4.060000000000000000e+03 4.343283647677399983e+01
4.070000000000000000e+03 3.648686912640303603e+01
4.080000000000000000e+03 5.832847864302612351e+01
4.090000000000000000e+03 4.083974408757092078e+01
4.100000000000000000e+03 4.640866467312447696e+01
4.110000000000000000e+03 3.049911639260884755e+01
4.120000000000000000e+03 3.331634987126710712e+01
4.130000000000000000e+03 3.260261634587264012e+01
4.140000000000000000e+03 4.345518183078410601e+01
4.150000000000000000e+03 3.789800688003073503e+01
4.160000000000000000e+03 3.293922905051200445e+01
4.170000000000000000e+03 4.485113620284084845e+01
4.180000000000000000e+03 4.844805064911312797e+01
4.190000000000000000e+03 4.901848742994537389e+01
4.200000000000000000e+03 3.932650525485090753e+01
4.210000000000000000e+03 4.799959658286422837e+01
4.220000000000000000e+03 4.410600459027320852e+01
4.230000000000000000e+03 4.932496255456084810e+01
4.240000000000000000e+03 5.127347742424175436e+01
4.250000000000000000e+03 2.798446192555918088e+01
4.260000000000000000e+03 3.151044419679426767e+01
4.270000000000000000e+03 4.606666616521088287e+01
4.280000000000000000e+03 5.053722665749864262e+01
4.290000000000000000e+03 5.675381873466808003e+01
4.300000000000000000e+03 4.538679444550864872e+01
4.310000000000000000e+03 3.912213120932774046e+01
4.320000000000000000e+03 4.817526544285134094e+01
4.330000000000000000e+03 5.035823464229977020e+01
4.340000000000000000e+03 5.261374029861177348e+01
4.350000000000000000e+03 4.419956859821807171e+01
4.360000000000000000e+03 5.480152234353931107e+01
4.370000000000000000e+03 3.450644050753334113e+01
4.380000000000000000e+03 2.906087773527145757e+01
4.390000000000000000e+03 4.141316024893784942e+01
4.400000000000000000e+03 4.364551841032656654e+01
4.410000000000000000e+03 3.839126624585886560e+01
4.420000000000000000e+03 4.534811979433732176e+01
4.430000000000000000e+03 3.916705110046599714e+01
4.440000000000000000e+03 4.015259580387052551e+01
4.450000000000000000e+03 4.078852166068622864e+01
4.460000000000000000e+03 4.964243846884284039e+01
4.470000000000000000e+03 3.913525194283623421e+01
4.480000000000000000e+03 4.758930150577104712e+01
4.490000000000000000e+03 4.035101108832433425e+01
4.500000000000000000e+03 3.696127818077135174e+01
4.510000000000000000e+03 2.440084010013393367e+01
4.520000000000000000e+03 4.362563677483552027e+01
4.530000000000000000e+03 3.791559668434125285e+01
4.540000000000000000e+03 3.191054062513412148e+01
4.550000000000000000e+03 4.969778619185247237e+01
4.560000000000000000e+03 4.815452437066760183e+01
4.570000000000000000e+03 4.845332186082833203e+01
4.580000000000000000e+03 4.942815225346391372e+01
4.590000000000000000e+03 3.579588202547525810e+01
4.600000000000000000e+03 4.287953113401616179e+01
4.610000000000000000e+03 3.679317236367997168e+01
4.620000000000000000e+03 4.813957017221468959e+01
4.630000000000000000e+03 5.253175003812855692e+01
4.640000000000000000e+03 4.285328966699917430e+01
4.650000000000000000e+03 5.336758086966540304e+01
4.660000000000000000e+03 5.329498711702232328e+01
4.670000000000000000e+03 2.689188870602421488e+01
4.680000000000000000e+03 2.846225143091877285e+01
4.690000000000000000e+03 3.999657939625640779e+01
4.700000000000000000e+03 3.208036531561089788e+01
4.710000000000000000e+03 4.644287025349377984e+01
4.720000000000000000e+03 2.828778578230144092e+01
4.730000000000000000e+03 2.694540296408943192e+01
4.740000000000000000e+03 4.250882744056652029e+01
4.750000000000000000e+03 3.814947805631365441e+01
4.760000000000000000e+03 3.421583631384299196e+01
4.770000000000000000e+03 4.196474671831029468e+01
4.780000000000000000e+03 4.833746979465287552e+01
4.790000000000000000e+03 3.709970478407495875e+01
4.800000000000000000e+03 4.758374381515827878e+01
4.810000000000000000e+03 5.183629386639876202e+01
4.820000000000000000e+03 4.176976918062727862e+01
4.830000000000000000e+03 4.085601608895264292e+01
4.840000000000000000e+03 4.022123614772719691e+01
4.850000000000000000e+03 5.184872705055310149e+01
4.860000000000000000e+03 3.976808382755823601e+01
4.870000000000000000e+03 4.883072916048100609e+01
4.880000000000000000e+03 3.874151534602233227e+01
4.890000000000000000e+03 4.405334976890068077e+01
4.900000000000000000e+03 4.431393097412617976e+01
4.910000000000000000e+03 4.408411760249921230e+01
4.920000000000000000e+03 5.247686068135502069e+01
4.930000000000000000e+03 3.962329739272867357e+01
4.940000000000000000e+03 4.659796992863569898e+01
4.950000000000000000e+03 5.432636844403731402e+01
4.960000000000000000e+03 3.862640812498055709e+01
4.970000000000000000e+03 3.617638329722164059e+01
4.980000000000000000e+03 3.325985623266720381e+01
4.990000000000000000e+03 2.943055010468986765e+01
5.000000000000000000e+03 4.816237389246089862e+01
5.010000000000000000e+03 4.417453034257085420e+01
5.020000000000000000e+03 3.326214806384773226e+01
5.030000000000000000e+03 3.912837644929467018e+01
5.040000000000000000e+03 3.941032898027854259e+01
5.050000000000000000e+03 4.764613891904802756e+01
5.060000000000000000e+03 4.596702880463763563e+01
5.070000000000000000e+03 4.645662124057692210e+01
5.080000000000000000e+03 4.258107741853251582e+01
5.090000000000000000e+03 3.477899653067707675e+01
5.100000000000000000e+03 4.599189517294631457e+01
5.110000000000000000e+03 4.809751507005208282e+01
5.120000000000000000e+03 2.988645262227546340e+01
5.130000000000000000e+03 5.088936651838604774e+01
5.140000000000000000e+03 3.872719140114406144e+01
5.150000000000000000e+03 4.761514190233145172e+01
5.160000000000000000e+03 5.049540073845409438e+01
5.170000000000000000e+03 2.420826898519046466e+01
5.180000000000000000e+03 3.197362327837802454e+01
5.190000000000000000e+03 4.096980550706561530e+01
5.200000000000000000e+03 4.746267783304713817e+01
5.210000000000000000e+03 4.843790929613930984e+01
5.220000000000000000e+03 4.875320797079979940e+01
5.230000000000000000e+03 4.105208224644640325e+01
5.240000000000000000e+03 2.295257468138175128e+01
5.250000000000000000e+03 5.075420577451468773e+01
5.260000000000000000e+03 4.585581769660274176e+01
5.270000000000000000e+03 5.495765334271246161e+01
5.280000000000000000e+03 4.143900064549824691e+01
5.290000000000000000e+03 3.617603952254456345e+01
5.300000000000000000e+03 3.511165582653002559e+01
5.310000000000000000e+03 2.722093836776784670e+01
5.320000000000000000e+03 4.139751850113078291e+01
5.330000000000000000e+03 3.720341014499364007e+01
5.340000000000000000e+03 5.663281004833644516e+01
5.350000000000000000e+03 3.429055001032804739e+01
5.360000000000000000e+03 2.238855502785497009e+01
5.370000000000000000e+03 4.160865344863648829e+01
5.380000000000000000e+03 3.077339128913797950e+01
5.390000000000000000e+03 3.016892081527495861e+01
5.400000000000000000e+03 4.963945908830815767e+01
5.410000000000000000e+03 4.220166476659689181e+01
5.420000000000000000e+03 2.625166566574502980e+01
5.430000000000000000e+03 4.437787306406278276e+01
5.440000000000000000e+03 3.429530556002763575e+01
5.450000000000000000e+03 5.080582927185597697e+01
5.460000000000000000e+03 4.742257078738797560e+01
5.470000000000000000e+03 4.201871934261161812e+01
5.480000000000000000e+03 4.660272547833528023e+01
5.490000000000000000e+03 4.529111049372180275e+01
5.500000000000000000e+03 4.414525219923967114e+01
5.510000000000000000e+03 5.058014119635394223e+01
5.520000000000000000e+03 4.471889754372464409e+01
5.530000000000000000e+03 3.429163863013879165e+01
5.540000000000000000e+03 5.730987427484254226e+01
5.550000000000000000e+03 4.744233783131998905e+01
5.560000000000000000e+03 4.911967177656547534e+01
5.570000000000000000e+03 4.703725667016249901e+01
5.580000000000000000e+03 4.556120279834647135e+01
5.590000000000000000e+03 3.454780806034178653e+01
5.600000000000000000e+03 4.836090376847372596e+01
5.610000000000000000e+03 3.911307847616467370e+01
5.620000000000000000e+03 3.017608278771409402e+01
5.630000000000000000e+03 4.670012830350751898e+01
5.640000000000000000e+03 3.714365064696149688e+01
5.650000000000000000e+03 4.011993720954806975e+01
5.660000000000000000e+03 4.137253754126307825e+01
5.670000000000000000e+03 5.947175862743016950e+01
5.680000000000000000e+03 4.097009198596318669e+01
5.690000000000000000e+03 5.339857788638197178e+01
5.700000000000000000e+03 4.534766142810121181e+01
5.710000000000000000e+03 5.104692991204702679e+01
5.720000000000000000e+03 4.910975960670970863e+01
5.730000000000000000e+03 5.655964333789824394e+01
5.740000000000000000e+03 5.168205362794954283e+01
5.750000000000000000e+03 4.286749902031841941e+01
5.760000000000000000e+03 3.849886771978442823e+01
5.770000000000000000e+03 4.111040934999072505e+01
5.780000000000000000e+03 5.599235782493921221e+01
5.790000000000000000e+03 4.462046339452117394e+01
5.800000000000000000e+03 3.591471347218539023e+01
5.810000000000000000e+03 3.304992449653127551e+01
5.820000000000000000e+03 3.902444190525793033e+01
5.830000000000000000e+03 4.123749138895073685e+01
5.840000000000000000e+03 4.298134573421091176e+01
5.850000000000000000e+03 3.608310576817434168e+01
5.860000000000000000e+03 3.039111384822669137e+01
5.870000000000000000e+03 6.960297024827191592e+01
5.880000000000000000e+03 2.724672146854873134e+01
5.890000000000000000e+03 4.004556728774008434e+01
5.900000000000000000e+03 4.827639249369192953e+01
5.910000000000000000e+03 5.290984488713538525e+01
5.920000000000000000e+03 4.176163317993641755e+01
5.930000000000000000e+03 4.456832423516426900e+01
5.940000000000000000e+03 3.261482034690892817e+01
5.950000000000000000e+03 4.574798703955912060e+01
5.960000000000000000e+03 4.020559439992013040e+01
5.970000000000000000e+03 4.237624500677324590e+01
5.980000000000000000e+03 4.777740354991249205e+01
5.990000000000000000e+03 3.808702565664439277e+01
6.000000000000000000e+03 4.176736275788772446e+01
6.010000000000000000e+03 6.338265394543413578e+01
6.020000000000000000e+03 3.991619341759955120e+01
6.030000000000000000e+03 4.420925158495577989e+01
6.040000000000000000e+03 2.997589133409538675e+01
6.050000000000000000e+03 3.810719377103300332e+01
6.060000000000000000e+03 3.670121263756147556e+01
6.070000000000000000e+03 4.009398222142863943e+01
6.080000000000000000e+03 3.433352184496285986e+01
6.090000000000000000e+03 5.538783005529668202e+01
6.100000000000000000e+03 5.224028640774550780e+01
6.110000000000000000e+03 3.711689351792888658e+01
6.120000000000000000e+03 6.235499684408749488e+01
6.130000000000000000e+03 3.699038443676399623e+01
6.140000000000000000e+03 5.268484436098751189e+01
6.150000000000000000e+03 4.450277786340129893e+01
6.160000000000000000e+03 4.248344541024223275e+01
6.170000000000000000e+03 4.918945803601241096e+01
6.180000000000000000e+03 5.008556402759701598e+01
6.190000000000000000e+03 4.445550884530300806e+01
6.200000000000000000e+03 4.555249383986048173e+01
6.210000000000000000e+03 3.941221974100247394e+01
6.220000000000000000e+03 3.577325019256759475e+01
6.230000000000000000e+03 4.565121446796152327e+01
6.240000000000000000e+03 4.643158298492970459e+01
6.250000000000000000e+03 4.799507021628269143e+01
6.260000000000000000e+03 4.142903117986297445e+01
6.270000000000000000e+03 6.033480495423571455e+01
6.280000000000000000e+03 5.123566220976312025e+01
6.290000000000000000e+03 4.743672284492770785e+01
6.300000000000000000e+03 4.518918130196802707e+01
6.310000000000000000e+03 5.552866308133983608e+01
6.320000000000000000e+03 4.947662448293198167e+01
6.330000000000000000e+03 5.166750049995322058e+01
6.340000000000000000e+03 5.419859885572314795e+01
6.350000000000000000e+03 4.211268442101307130e+01
6.360000000000000000e+03 5.147172082135701743e+01
6.370000000000000000e+03 4.217261580638376017e+01
6.380000000000000000e+03 5.048462913190563484e+01
6.390000000000000000e+03 4.340665230553651810e+01
6.400000000000000000e+03 4.248665397389495979e+01
6.410000000000000000e+03 4.435489745647803517e+01
6.420000000000000000e+03 4.455503161431722958e+01
6.430000000000000000e+03 4.791336643469704626e+01
6.440000000000000000e+03 5.847355155675324312e+01
6.450000000000000000e+03 5.203700098203309210e+01
6.460000000000000000e+03 4.141046734730073098e+01
6.470000000000000000e+03 3.890566775432731106e+01
6.480000000000000000e+03 4.661206469039591127e+01
6.490000000000000000e+03 4.426362527971369332e+01
6.500000000000000000e+03 2.632168110831001684e+01
6.510000000000000000e+03 4.089520640213958558e+01
6.520000000000000000e+03 5.325866159281103052e+01
6.530000000000000000e+03 5.619203361654231088e+01
6.540000000000000000e+03 4.168439846915278224e+01
6.550000000000000000e+03 4.222206206410354667e+01
6.560000000000000000e+03 3.917879673526618234e+01
6.570000000000000000e+03 4.298146032576993747e+01
6.580000000000000000e+03 4.809516594309204862e+01
6.590000000000000000e+03 4.448977172145183090e+01
6.600000000000000000e+03 3.961424465956560681e+01
6.610000000000000000e+03 3.395703127778239860e+01
6.620000000000000000e+03 3.873767652879496382e+01
6.630000000000000000e+03 4.405839179749783341e+01
6.640000000000000000e+03 5.136366098119534485e+01
6.650000000000000000e+03 3.058477358298090820e+01
6.660000000000000000e+03 3.699233249326744755e+01
6.670000000000000000e+03 3.284417535229979990e+01
6.680000000000000000e+03 3.814013884425302336e+01
6.690000000000000000e+03 3.731043866112408125e+01
6.700000000000000000e+03 2.678062030220980816e+01
6.710000000000000000e+03 5.582087155685655233e+01
6.720000000000000000e+03 6.629751943238268552e+01
6.730000000000000000e+03 4.735341478151568850e+01
6.740000000000000000e+03 4.244838039318022282e+01
6.750000000000000000e+03 4.909807126768904340e+01
6.760000000000000000e+03 4.634758737216353097e+01
6.770000000000000000e+03 4.840794360345396541e+01
6.780000000000000000e+03 4.654892474137250247e+01
6.790000000000000000e+03 5.566491244502194746e+01
6.800000000000000000e+03 4.296587587374238382e+01
6.810000000000000000e+03 4.749281541307102117e+01
6.820000000000000000e+03 4.047763476104824321e+01
6.830000000000000000e+03 4.842776794316549172e+01
6.840000000000000000e+03 5.224469818276801192e+01
6.850000000000000000e+03 3.938460317527717081e+01
6.860000000000000000e+03 5.047809741304114795e+01
6.870000000000000000e+03 4.446364484599386202e+01
6.880000000000000000e+03 4.813424166471997268e+01
6.890000000000000000e+03 4.109912208142664980e+01
6.900000000000000000e+03 4.997343618708991642e+01
6.910000000000000000e+03 4.015087693048513273e+01
6.920000000000000000e+03 5.072080233505855773e+01
6.930000000000000000e+03 5.358307029641409969e+01
6.940000000000000000e+03 3.805241900581849279e+01
6.950000000000000000e+03 5.478290121519756184e+01
6.960000000000000000e+03 4.429404933863514060e+01
6.970000000000000000e+03 4.825742759067309606e+01
6.980000000000000000e+03 4.753097440222672532e+01
6.990000000000000000e+03 6.337079371907492487e+01
7.000000000000000000e+03 4.656937933465867019e+01
7.010000000000000000e+03 4.757984770215138326e+01
7.020000000000000000e+03 4.731279207384091734e+01
7.030000000000000000e+03 5.986526604112601291e+01
7.040000000000000000e+03 4.265951534068592821e+01
7.050000000000000000e+03 4.733043917393094091e+01
7.060000000000000000e+03 4.289144865615488555e+01
7.070000000000000000e+03 3.018037997117757243e+01
7.080000000000000000e+03 4.117469521460440518e+01
7.090000000000000000e+03 3.659762186820181995e+01
7.100000000000000000e+03 3.832119350751435860e+01
7.110000000000000000e+03 3.351052526803694320e+01
7.120000000000000000e+03 3.346377191195427514e+01
7.130000000000000000e+03 3.486660177755257450e+01
7.140000000000000000e+03 4.850586209064181986e+01
7.150000000000000000e+03 3.732138215501107936e+01
7.160000000000000000e+03 4.123445471263654838e+01
7.170000000000000000e+03 4.699531615955892505e+01
7.180000000000000000e+03 4.124299178378399233e+01
7.190000000000000000e+03 4.601676154125498641e+01
7.200000000000000000e+03 4.895901441081079497e+01
7.210000000000000000e+03 5.237361368667244932e+01
7.220000000000000000e+03 4.236931221745216902e+01
7.230000000000000000e+03 3.849754991685563255e+01
7.240000000000000000e+03 3.926015674217475748e+01
7.250000000000000000e+03 5.681793271194321449e+01
7.260000000000000000e+03 3.702327221420451053e+01
7.270000000000000000e+03 3.142650587980759980e+01
7.280000000000000000e+03 3.801511945335547438e+01
7.290000000000000000e+03 5.219347575588331267e+01
7.300000000000000000e+03 4.494624719683255876e+01
7.310000000000000000e+03 4.298329379071435596e+01
7.320000000000000000e+03 4.026936460251818772e+01
7.330000000000000000e+03 4.869780295201065456e+01
7.340000000000000000e+03 5.690358990231527514e+01
7.350000000000000000e+03 4.293951981516636351e+01
7.360000000000000000e+03 3.927958001142969380e+01
7.370000000000000000e+03 5.009054876041465576e+01
7.380000000000000000e+03 4.287529124633219624e+01
7.390000000000000000e+03 5.561982066654515222e+01
7.400000000000000000e+03 4.660673618290119435e+01
7.410000000000000000e+03 5.295086866526674640e+01
7.420000000000000000e+03 4.829839407302495147e+01
7.430000000000000000e+03 5.668443354567773440e+01
7.440000000000000000e+03 3.513090720844642334e+01
7.450000000000000000e+03 4.703536590943856766e+01
7.460000000000000000e+03 3.672905838640483012e+01
7.470000000000000000e+03 4.563104635357291983e+01
7.480000000000000000e+03 3.597367082930435345e+01
7.490000000000000000e+03 6.255203702983298086e+01
7.500000000000000000e+03 4.166554815769297448e+01
7.510000000000000000e+03 5.190665308364082620e+01
7.520000000000000000e+03 4.935458447256911541e+01
7.530000000000000000e+03 5.212300194708222278e+01
7.540000000000000000e+03 4.685144645720157541e+01
7.550000000000000000e+03 5.206364351950666958e+01
7.560000000000000000e+03 3.827168995401505924e+01
7.570000000000000000e+03 5.091291508376592390e+01
7.580000000000000000e+03 4.611238819726232663e+01
7.590000000000000000e+03 5.155737801172907808e+01
7.600000000000000000e+03 5.395898790579943238e+01
7.610000000000000000e+03 3.231143919438716239e+01
7.620000000000000000e+03 5.732694841713744438e+01
7.630000000000000000e+03 3.179783982683188981e+01
7.640000000000000000e+03 5.446336265285309963e+01
7.650000000000000000e+03 3.417401039479843661e+01
7.660000000000000000e+03 4.519960913383940948e+01
7.670000000000000000e+03 3.312039830533236540e+01
7.680000000000000000e+03 4.277330475879890770e+01
7.690000000000000000e+03 5.627557086307238166e+01
7.700000000000000000e+03 4.384078242690714688e+01
7.710000000000000000e+03 4.640522692635368429e+01
7.720000000000000000e+03 3.484116245144876700e+01
7.730000000000000000e+03 4.377792895678129526e+01
7.740000000000000000e+03 4.197334108523725860e+01
7.750000000000000000e+03 4.113349954913449125e+01
7.760000000000000000e+03 3.776508067156038351e+01
7.770000000000000000e+03 3.718994563680806209e+01
7.780000000000000000e+03 3.374440664000934476e+01
7.790000000000000000e+03 3.280424019397917590e+01
7.800000000000000000e+03 2.623682605885114683e+01
7.810000000000000000e+03 4.376274557521033159e+01
7.820000000000000000e+03 3.903183306081512427e+01
7.830000000000000000e+03 3.754901828701655120e+01
7.840000000000000000e+03 3.033834443529514147e+01
7.850000000000000000e+03 3.852270276406186866e+01
7.860000000000000000e+03 4.820127772675027700e+01
7.870000000000000000e+03 5.281651006230857348e+01
7.880000000000000000e+03 5.211675670711530017e+01
7.890000000000000000e+03 4.861535432529132095e+01
7.900000000000000000e+03 4.308946287015209720e+01
7.910000000000000000e+03 3.956491299340483891e+01
7.920000000000000000e+03 4.605812909406343181e+01
7.930000000000000000e+03 6.734563112701549414e+01
7.940000000000000000e+03 4.364242443823285811e+01
7.950000000000000000e+03 4.175762247537050342e+01
7.960000000000000000e+03 3.419165749488846728e+01
7.970000000000000000e+03 2.175096759343339059e+01
7.980000000000000000e+03 3.861305820835400482e+01
7.990000000000000000e+03 4.194440671658315267e+01
8.000000000000000000e+03 3.257499978014733699e+01
8.010000000000000000e+03 3.515846647839222072e+01
8.020000000000000000e+03 4.066751297435460089e+01
8.030000000000000000e+03 3.950268977685362870e+01
8.040000000000000000e+03 3.931636390187708940e+01
8.050000000000000000e+03 5.243406073405875389e+01
8.060000000000000000e+03 5.812049496339363230e+01
8.070000000000000000e+03 4.086822008998892386e+01
8.080000000000000000e+03 3.049063661724091645e+01
8.090000000000000000e+03 3.259356361270957336e+01
8.100000000000000000e+03 5.171545706740567283e+01
8.110000000000000000e+03 2.282239867032803105e+01
8.120000000000000000e+03 3.900524781912105254e+01
8.130000000000000000e+03 3.381980788584856157e+01
8.140000000000000000e+03 4.990221753315515230e+01
8.150000000000000000e+03 4.333165213015389838e+01
8.160000000000000000e+03 4.657476513793289996e+01
8.170000000000000000e+03 4.172651086709490187e+01
8.180000000000000000e+03 3.841894010736368159e+01
8.190000000000000000e+03 1.358024566019077284e+01
8.200000000000000000e+03 2.947764723544961996e+01
8.210000000000000000e+03 5.087229237609115273e+01
8.220000000000000000e+03 3.802222413001509693e+01
8.230000000000000000e+03 5.222940020963802255e+01
8.240000000000000000e+03 2.382816878390067927e+01
8.250000000000000000e+03 4.506427650262951090e+01
8.260000000000000000e+03 3.634322860716373782e+01
8.270000000000000000e+03 4.737432774103795907e+01
8.280000000000000000e+03 2.277696311717415512e+01
8.290000000000000000e+03 2.906202365086172179e+01
8.300000000000000000e+03 4.758752533660614148e+01
8.310000000000000000e+03 4.015717946623157530e+01
8.320000000000000000e+03 4.676200774538165206e+01
8.330000000000000000e+03 5.134234695121647718e+01
8.340000000000000000e+03 4.830687384839288967e+01
8.350000000000000000e+03 2.506077288856561580e+01
8.360000000000000000e+03 2.323017273312263598e+01
8.370000000000000000e+03 2.375735120042250870e+01
8.380000000000000000e+03 3.956680375412877737e+01
8.390000000000000000e+03 4.253472513290643775e+01
8.400000000000000000e+03 4.560216928069831965e+01
8.410000000000000000e+03 4.279507715501388532e+01
8.420000000000000000e+03 4.262651297168639530e+01
8.430000000000000000e+03 5.096728877852383732e+01
8.440000000000000000e+03 5.008579321071506740e+01
8.450000000000000000e+03 4.854247409375068401e+01
8.460000000000000000e+03 4.727486226780325040e+01
8.470000000000000000e+03 3.714995318270793234e+01
8.480000000000000000e+03 2.855289335410846974e+01
8.490000000000000000e+03 3.479114323593384484e+01
8.500000000000000000e+03 5.675668352364372993e+01
8.510000000000000000e+03 4.807981067418254639e+01
8.520000000000000000e+03 3.983403126977778896e+01
8.530000000000000000e+03 4.177807706865667114e+01
8.540000000000000000e+03 3.911170337745635806e+01
8.550000000000000000e+03 3.627080674185919662e+01
8.560000000000000000e+03 3.240053413153000150e+01
8.570000000000000000e+03 4.585077566800558913e+01
8.580000000000000000e+03 3.840089193681706092e+01
8.590000000000000000e+03 2.808364091989632527e+01
8.600000000000000000e+03 3.706928072515351857e+01
8.610000000000000000e+03 3.145864881211444342e+01
8.620000000000000000e+03 3.849342462073069271e+01
8.630000000000000000e+03 5.107322867484352713e+01
8.640000000000000000e+03 4.215365090336492671e+01
8.650000000000000000e+03 4.834761114762669365e+01
8.660000000000000000e+03 5.902737256152669687e+01
8.670000000000000000e+03 3.775597064261781100e+01
8.680000000000000000e+03 3.019453202871730468e+01
8.690000000000000000e+03 5.717608862967949079e+01
8.700000000000000000e+03 4.611599783137165076e+01
8.710000000000000000e+03 3.994558615248975997e+01
8.720000000000000000e+03 3.806788886628702073e+01
8.730000000000000000e+03 3.839304241502377124e+01
8.740000000000000000e+03 4.282928273538318820e+01
8.750000000000000000e+03 5.454787392763489606e+01
8.760000000000000000e+03 4.435340776621070091e+01
8.770000000000000000e+03 5.346767659647475313e+01
8.780000000000000000e+03 5.706705476126609966e+01
8.790000000000000000e+03 4.242019086965978403e+01
8.800000000000000000e+03 4.343627422354478540e+01
8.810000000000000000e+03 4.711472056406418574e+01
8.820000000000000000e+03 5.200056086626276652e+01
8.830000000000000000e+03 4.564496922799460066e+01
8.840000000000000000e+03 4.297687666340889479e+01
8.850000000000000000e+03 5.174479250651636164e+01
8.860000000000000000e+03 2.890325704583097277e+01
8.870000000000000000e+03 3.929906057646414297e+01
8.880000000000000000e+03 3.386673312926977530e+01
8.890000000000000000e+03 4.618876347135326199e+01
8.900000000000000000e+03 4.104704021784925061e+01
8.910000000000000000e+03 5.424758674720682450e+01
8.920000000000000000e+03 4.086965248447675236e+01
8.930000000000000000e+03 3.293745288134709881e+01
8.940000000000000000e+03 4.684159158312532156e+01
8.950000000000000000e+03 4.631985621487919502e+01
8.960000000000000000e+03 3.159123124590771781e+01
8.970000000000000000e+03 4.528268801413337741e+01
8.980000000000000000e+03 3.211651895248365207e+01
8.990000000000000000e+03 5.279021129951207314e+01
9.000000000000000000e+03 3.649145278876407872e+01
9.010000000000000000e+03 2.771620308587892723e+01
9.020000000000000000e+03 2.760986211910265098e+01
9.030000000000000000e+03 4.478146453495293144e+01
9.040000000000000000e+03 4.618297659762244223e+01
9.050000000000000000e+03 3.065266908170390892e+01
9.060000000000000000e+03 5.134842030384486122e+01
9.070000000000000000e+03 3.917077532613434698e+01
9.080000000000000000e+03 3.452001960727794483e+01
9.090000000000000000e+03 5.262686103212026723e+01
9.100000000000000000e+03 4.138371021826812779e+01
9.110000000000000000e+03 4.889226482767804782e+01
9.120000000000000000e+03 4.455262519157768253e+01
9.130000000000000000e+03 4.307622754508457774e+01
9.140000000000000000e+03 4.526830677347559373e+01
9.150000000000000000e+03 4.455652130458457094e+01
9.160000000000000000e+03 4.700265001933659903e+01
9.170000000000000000e+03 4.990777522376792064e+01
9.180000000000000000e+03 4.144547506858322805e+01
9.190000000000000000e+03 3.875899055877382438e+01
9.200000000000000000e+03 4.039226404957374683e+01
9.210000000000000000e+03 5.040109188537556406e+01
9.220000000000000000e+03 3.676658712198589996e+01
9.230000000000000000e+03 4.947547856734171745e+01
9.240000000000000000e+03 5.556974415525071720e+01
9.250000000000000000e+03 5.184110671187785613e+01
9.260000000000000000e+03 4.349700774982865425e+01
9.270000000000000000e+03 5.292703362098930597e+01
9.280000000000000000e+03 4.778920648049219011e+01
9.290000000000000000e+03 3.502645700239407489e+01
9.300000000000000000e+03 2.650640270146019617e+01
9.310000000000000000e+03 4.241915954562854552e+01
9.320000000000000000e+03 3.087090870586924396e+01
9.330000000000000000e+03 5.039398720871594151e+01
9.340000000000000000e+03 4.236805171030287909e+01
9.350000000000000000e+03 2.737242840880043815e+01
9.360000000000000000e+03 3.455668890616631472e+01
9.370000000000000000e+03 2.512110534439289111e+01
9.380000000000000000e+03 4.198617533984818806e+01
9.390000000000000000e+03 5.607795771953176001e+01
9.400000000000000000e+03 4.146908092974261706e+01
9.410000000000000000e+03 4.585278102028855329e+01
9.420000000000000000e+03 5.094477153717519968e+01
9.430000000000000000e+03 5.287346206714457253e+01
9.440000000000000000e+03 4.441706337724973253e+01
9.450000000000000000e+03 4.335737793515527017e+01
9.460000000000000000e+03 4.160458544829106131e+01
9.470000000000000000e+03 3.481096757564537825e+01
9.480000000000000000e+03 5.222389981480476706e+01
9.490000000000000000e+03 4.703931931822496892e+01
9.500000000000000000e+03 3.598988553490655562e+01
9.510000000000000000e+03 3.187599127008773081e+01
9.520000000000000000e+03 4.029795519649521651e+01
9.530000000000000000e+03 5.668649619374020432e+01
9.540000000000000000e+03 4.411901073222267655e+01
9.550000000000000000e+03 5.496298185020717852e+01
9.560000000000000000e+03 4.427835029504856124e+01
9.570000000000000000e+03 3.511073909405781990e+01
9.580000000000000000e+03 3.988978006324401804e+01
9.590000000000000000e+03 4.681036538329069430e+01
9.600000000000000000e+03 4.964438652534627749e+01
9.610000000000000000e+03 4.618887806291228770e+01
9.620000000000000000e+03 4.625820595612312047e+01
9.630000000000000000e+03 4.927391201501469453e+01
9.640000000000000000e+03 4.430115401529476316e+01
9.650000000000000000e+03 4.895087841011993390e+01
9.660000000000000000e+03 4.951621586657552143e+01
9.670000000000000000e+03 4.819508978256286724e+01
9.680000000000000000e+03 4.886671091001521461e+01
9.690000000000000000e+03 4.400911742711658547e+01
9.700000000000000000e+03 5.504262298373036089e+01
9.710000000000000000e+03 4.237269266844343463e+01
9.720000000000000000e+03 5.182632440076348246e+01
9.730000000000000000e+03 5.727515303245760947e+01
9.740000000000000000e+03 4.834130861188025108e+01
9.750000000000000000e+03 5.571647864658371674e+01
9.760000000000000000e+03 4.426608899823276033e+01
9.770000000000000000e+03 3.930095133718806721e+01
9.780000000000000000e+03 3.081939980008698399e+01
9.790000000000000000e+03 4.305921069856919559e+01
9.800000000000000000e+03 4.668139258360674404e+01
9.810000000000000000e+03 4.193621342011277875e+01
9.820000000000000000e+03 5.234439283912077201e+01
9.830000000000000000e+03 4.558773074426103022e+01
9.840000000000000000e+03 3.775757492444417096e+01
9.850000000000000000e+03 4.248023684658949151e+01
9.860000000000000000e+03 3.291086763965302708e+01
9.870000000000000000e+03 4.297257947994541638e+01
9.880000000000000000e+03 4.446066546545918641e+01
9.890000000000000000e+03 3.881949490193964181e+01
9.900000000000000000e+03 4.805826746108562730e+01
9.910000000000000000e+03 2.917747464658058121e+01
9.920000000000000000e+03 5.839706169110327494e+01
9.930000000000000000e+03 4.105981717668066722e+01
9.940000000000000000e+03 4.267550086317008606e+01
9.950000000000000000e+03 3.903418218777515847e+01
9.960000000000000000e+03 2.609324283539136147e+01
9.970000000000000000e+03 3.395508322127895440e+01
9.980000000000000000e+03 3.601824694576553298e+01
9.990000000000000000e+03 4.048834907181718989e+01
