0.000000000000000000e+00 3.669886351060143426e+01
1.000000000000000000e+01 5.890281153686525784e+01
2.000000000000000000e+01 5.776176608786222033e+01
3.000000000000000000e+01 5.790357314215710005e+01
4.000000000000000000e+01 6.262010441589452370e+01
5.000000000000000000e+01 5.391252102861432149e+01
6.000000000000000000e+01 6.076853400514975334e+01
7.000000000000000000e+01 5.052381944509258460e+01
8.000000000000000000e+01 5.150993710629224154e+01
9.000000000000000000e+01 5.622280145014082819e+01
1.000000000000000000e+02 6.545217750144666979e+01
1.100000000000000000e+02 5.373186743580957625e+01
1.200000000000000000e+02 5.196503748296466085e+01
1.300000000000000000e+02 5.888716978905819133e+01
1.400000000000000000e+02 6.333114503965187936e+01
1.500000000000000000e+02 5.772446653539920192e+01
1.600000000000000000e+02 5.559363649530767759e+01
1.700000000000000000e+02 6.789418092007375094e+01
1.800000000000000000e+02 5.846530096450336345e+01
1.900000000000000000e+02 6.435261419681110340e+01
2.000000000000000000e+02 5.382027482359826109e+01
2.100000000000000000e+02 5.489365395699634576e+01
2.200000000000000000e+02 4.921512654523426988e+01
2.300000000000000000e+02 6.197925112204069364e+01
2.400000000000000000e+02 6.486816162086982729e+01
2.500000000000000000e+02 5.691785655141402600e+01
2.600000000000000000e+02 5.361578618651607542e+01
2.700000000000000000e+02 6.030604247292014719e+01
2.800000000000000000e+02 5.431181531604099177e+01
2.900000000000000000e+02 6.257409590494552276e+01
3.000000000000000000e+02 5.258434756372156471e+01
3.100000000000000000e+02 4.176661791275405733e+01
3.200000000000000000e+02 7.339560707736089284e+01
3.300000000000000000e+02 3.731324615432021830e+01
3.400000000000000000e+02 4.695480804344317249e+01
3.500000000000000000e+02 6.341130183519067742e+01
3.600000000000000000e+02 5.826258849658607630e+01
3.700000000000000000e+02 5.976877994842597985e+01
3.800000000000000000e+02 5.727595517337079656e+01
3.900000000000000000e+02 6.128769106331779426e+01
4.000000000000000000e+02 4.246877769068687769e+01
4.100000000000000000e+02 4.491754201129650426e+01
4.200000000000000000e+02 4.931258666618602149e+01
4.300000000000000000e+02 5.101432861350408388e+01
4.400000000000000000e+02 6.096924112078408342e+01
4.500000000000000000e+02 5.824276415687455000e+01
4.600000000000000000e+02 5.207974363354984604e+01
4.700000000000000000e+02 5.021298984123411202e+01
4.800000000000000000e+02 5.582230395134438794e+01
4.900000000000000000e+02 6.247130727649904713e+01
5.000000000000000000e+02 6.785046424030527135e+01
5.100000000000000000e+02 6.253840063430887142e+01
5.200000000000000000e+02 5.150403564100239606e+01
5.300000000000000000e+02 6.458764148437377628e+01
5.400000000000000000e+02 6.772464270849454238e+01
5.500000000000000000e+02 6.212363648641366609e+01
5.600000000000000000e+02 6.464161410867509971e+01
5.700000000000000000e+02 4.497523886126618464e+01
5.800000000000000000e+02 6.135701895652861992e+01
5.900000000000000000e+02 6.714251758864162412e+01
6.000000000000000000e+02 5.537602712471698396e+01
6.100000000000000000e+02 5.600736931917163730e+01
6.200000000000000000e+02 5.946923761313158252e+01
6.300000000000000000e+02 6.501959436612290233e+01
6.400000000000000000e+02 5.116020366814439058e+01
6.500000000000000000e+02 4.438239943064431259e+01
6.600000000000000000e+02 4.244030168826888172e+01
6.700000000000000000e+02 6.263551698058354589e+01
6.800000000000000000e+02 5.025366984468840315e+01
6.900000000000000000e+02 5.422741863281822816e+01
7.000000000000000000e+02 6.846181020770985981e+01
7.100000000000000000e+02 5.560681452459568419e+01
7.200000000000000000e+02 5.736361771602581427e+01
7.300000000000000000e+02 5.728145556820405204e+01
7.400000000000000000e+02 5.479648031494215843e+01
7.500000000000000000e+02 5.241074135179692206e+01
7.600000000000000000e+02 6.081683434727927562e+01
7.700000000000000000e+02 5.752891603992105729e+01
7.800000000000000000e+02 5.594485962372286991e+01
7.900000000000000000e+02 6.051144784247455988e+01
8.000000000000000000e+02 6.114823313598294874e+01
8.100000000000000000e+02 4.938764413734816117e+01
8.200000000000000000e+02 5.511395622922415072e+01
8.300000000000000000e+02 5.995705387990597046e+01
8.400000000000000000e+02 6.612345485422194713e+01
8.500000000000000000e+02 5.585777003886298786e+01
8.600000000000000000e+02 6.892040562693256334e+01
8.700000000000000000e+02 5.457233922548697791e+01
8.800000000000000000e+02 5.765857638895916182e+01
8.900000000000000000e+02 5.456185409783608975e+01
9.000000000000000000e+02 6.126775213204723514e+01
9.100000000000000000e+02 6.146169834569901980e+01
9.200000000000000000e+02 5.687328043495285357e+01
9.300000000000000000e+02 6.207648205987440093e+01
9.400000000000000000e+02 5.602060464423915676e+01
9.500000000000000000e+02 5.030443390533699244e+01
9.600000000000000000e+02 5.932473765719959147e+01
9.700000000000000000e+02 6.494362016248855696e+01
9.800000000000000000e+02 3.086643963506722343e+01
9.900000000000000000e+02 6.591083021644888618e+01
1.000000000000000000e+03 5.661665263851375585e+01
1.010000000000000000e+03 5.950476099642969530e+01
1.020000000000000000e+03 6.550832736536948175e+01
1.030000000000000000e+03 4.763101283325656965e+01
1.040000000000000000e+03 5.870416706929339767e+01
1.050000000000000000e+03 5.681163017619677902e+01
1.060000000000000000e+03 5.942299991906452306e+01
1.070000000000000000e+03 6.422473001693791161e+01
1.080000000000000000e+03 5.876914048326123208e+01
1.090000000000000000e+03 6.000185917948520853e+01
1.100000000000000000e+03 5.964565131825236932e+01
1.110000000000000000e+03 6.222012257911369915e+01
1.120000000000000000e+03 4.621844268514104215e+01
1.130000000000000000e+03 6.571419110115999729e+01
1.140000000000000000e+03 4.394351375957410255e+01
1.150000000000000000e+03 6.193605010428783686e+01
1.160000000000000000e+03 5.915250654398326446e+01
1.170000000000000000e+03 6.035462929394725506e+01
1.180000000000000000e+03 7.415196866271308807e+01
1.190000000000000000e+03 5.327310012924832705e+01
1.200000000000000000e+03 6.763738123629612176e+01
1.210000000000000000e+03 6.175516732836503309e+01
1.220000000000000000e+03 5.687906730868367333e+01
1.230000000000000000e+03 5.734849163023436347e+01
1.240000000000000000e+03 5.803879118180798002e+01
1.250000000000000000e+03 5.954240432356979795e+01
1.260000000000000000e+03 5.781018102155077543e+01
1.270000000000000000e+03 5.119486761474980341e+01
1.280000000000000000e+03 5.505219137890904335e+01
1.290000000000000000e+03 5.773649864909695140e+01
1.300000000000000000e+03 4.560469029499689952e+01
1.310000000000000000e+03 5.324244688720882834e+01
1.320000000000000000e+03 5.445287752520220437e+01
1.330000000000000000e+03 5.886092832204119674e+01
1.340000000000000000e+03 5.987179775999051401e+01
1.350000000000000000e+03 5.479338634284845000e+01
1.360000000000000000e+03 6.174410924291901637e+01
1.370000000000000000e+03 5.959099114459689162e+01
1.380000000000000000e+03 6.240203667906773433e+01
1.390000000000000000e+03 5.571424411118270825e+01
1.400000000000000000e+03 6.494923514888083105e+01
1.410000000000000000e+03 4.860664536680533843e+01
1.420000000000000000e+03 5.994490717464919527e+01
1.430000000000000000e+03 5.233952269786216505e+01
1.440000000000000000e+03 7.164321566095327398e+01
1.450000000000000000e+03 6.034454523675294269e+01
1.460000000000000000e+03 5.499363509224667723e+01
1.470000000000000000e+03 7.064649828054369607e+01
1.480000000000000000e+03 4.573538196806624256e+01
1.490000000000000000e+03 5.290199536534208846e+01
1.500000000000000000e+03 6.033893025036066149e+01
1.510000000000000000e+03 6.092477959588192249e+01
1.520000000000000000e+03 4.757893096967917757e+01
1.530000000000000000e+03 7.305355127366779300e+01
1.540000000000000000e+03 5.014606837076283341e+01
1.550000000000000000e+03 5.807099140989432584e+01
1.560000000000000000e+03 4.545658070495558434e+01
1.570000000000000000e+03 5.853245161809269348e+01
1.580000000000000000e+03 6.155841362151711138e+01
1.590000000000000000e+03 6.023104229753753458e+01
1.600000000000000000e+03 5.938071563378387907e+01
1.610000000000000000e+03 6.504148135389689855e+01
1.620000000000000000e+03 5.296301537052352160e+01
1.630000000000000000e+03 5.145246943944061968e+01
1.640000000000000000e+03 4.645278242334954655e+01
1.650000000000000000e+03 5.378446496140258404e+01
1.660000000000000000e+03 5.957420348119955378e+01
1.670000000000000000e+03 5.504949847727192491e+01
1.680000000000000000e+03 4.955385919371561698e+01
1.690000000000000000e+03 6.003016329456466593e+01
1.700000000000000000e+03 4.265155122733361281e+01
1.710000000000000000e+03 4.771821700967548452e+01
1.720000000000000000e+03 5.534227991058378393e+01
1.730000000000000000e+03 5.915760586835992996e+01
1.740000000000000000e+03 5.348841766865848513e+01
1.750000000000000000e+03 5.380228394883115328e+01
1.760000000000000000e+03 4.850339837212275995e+01
1.770000000000000000e+03 5.783241178400184879e+01
1.780000000000000000e+03 5.752513451847318748e+01
1.790000000000000000e+03 5.357642398599058708e+01
1.800000000000000000e+03 5.609239625596905654e+01
1.810000000000000000e+03 6.233901132160333702e+01
1.820000000000000000e+03 6.329533517745619520e+01
1.830000000000000000e+03 6.000930763082190822e+01
1.840000000000000000e+03 6.010407485013653428e+01
1.850000000000000000e+03 5.294215970678076388e+01
1.860000000000000000e+03 6.248110485479578102e+01
1.870000000000000000e+03 6.183211556025110411e+01
1.880000000000000000e+03 4.814833642648018497e+01
1.890000000000000000e+03 5.455360350558620297e+01
1.900000000000000000e+03 6.193662306208295831e+01
1.910000000000000000e+03 5.074326228062768962e+01
1.920000000000000000e+03 6.372333465041892708e+01
1.930000000000000000e+03 4.947421806019242752e+01
1.940000000000000000e+03 5.233344934523377390e+01
1.950000000000000000e+03 5.509355893171748875e+01
1.960000000000000000e+03 5.658118655099515593e+01
1.970000000000000000e+03 6.155153812797553314e+01
1.980000000000000000e+03 6.333074396919528226e+01
1.990000000000000000e+03 5.592268615705130230e+01
2.000000000000000000e+03 6.328083934523939291e+01
2.010000000000000000e+03 4.836714900844064857e+01
2.020000000000000000e+03 4.354507890884013221e+01
2.030000000000000000e+03 5.759572291883331729e+01
2.040000000000000000e+03 6.391699438517314036e+01
2.050000000000000000e+03 5.360919717187206146e+01
2.060000000000000000e+03 5.516953313535184122e+01
2.070000000000000000e+03 6.625620917535374588e+01
2.080000000000000000e+03 5.742337721405795747e+01
2.090000000000000000e+03 6.385030209781991317e+01
2.100000000000000000e+03 6.273303439731480324e+01
2.110000000000000000e+03 4.936673117782589060e+01
2.120000000000000000e+03 6.630766078535650365e+01
2.130000000000000000e+03 6.129462385263887825e+01
2.140000000000000000e+03 6.632817267442219133e+01
2.150000000000000000e+03 4.281255236776537032e+01
2.160000000000000000e+03 5.489210697094949154e+01
2.170000000000000000e+03 5.746411451329176145e+01
2.180000000000000000e+03 5.859794069407614359e+01
2.190000000000000000e+03 6.947525795573726271e+01
2.200000000000000000e+03 5.410640994648660040e+01
2.210000000000000000e+03 5.871585540831407002e+01
2.220000000000000000e+03 4.717327685072655186e+01
2.230000000000000000e+03 5.268954261490758739e+01
2.240000000000000000e+03 6.023150066377363032e+01
2.250000000000000000e+03 6.554585610095055870e+01
2.260000000000000000e+03 5.454672801204463184e+01
2.270000000000000000e+03 4.902438889523521937e+01
2.280000000000000000e+03 6.122334790292460127e+01
2.290000000000000000e+03 4.989127403926815418e+01
2.300000000000000000e+03 6.189445336836134004e+01
2.310000000000000000e+03 5.217032826096003362e+01
2.320000000000000000e+03 5.674241687454497196e+01
2.330000000000000000e+03 4.982842056914230966e+01
2.340000000000000000e+03 5.560114224242389014e+01
2.350000000000000000e+03 5.349959034566354177e+01
2.360000000000000000e+03 6.087653654953192017e+01
2.370000000000000000e+03 6.631699999741714180e+01
2.380000000000000000e+03 5.992863517326748024e+01
2.390000000000000000e+03 5.600244188213351748e+01
2.400000000000000000e+03 6.183068316576326851e+01
2.410000000000000000e+03 5.643193104536358362e+01
2.420000000000000000e+03 4.534840627323488604e+01
2.430000000000000000e+03 5.398471371080081127e+01
2.440000000000000000e+03 5.312882935643438742e+01
2.450000000000000000e+03 5.482272178195915302e+01
2.460000000000000000e+03 5.278304932707293062e+01
2.470000000000000000e+03 4.759531756261991831e+01
2.480000000000000000e+03 3.074806655459319416e+01
2.490000000000000000e+03 5.560091305930583871e+01
2.500000000000000000e+03 6.099708686962743798e+01
2.510000000000000000e+03 5.470320278589485952e+01
2.520000000000000000e+03 6.932010098481583782e+01
2.530000000000000000e+03 4.615278172181904637e+01
2.540000000000000000e+03 6.485274905618079799e+01
2.550000000000000000e+03 5.318853155868701776e+01
2.560000000000000000e+03 6.081299553005191427e+01
2.570000000000000000e+03 6.048068000887603546e+01
2.580000000000000000e+03 5.577503493324609707e+01
2.590000000000000000e+03 6.661058357164216659e+01
2.600000000000000000e+03 5.767914557380435525e+01
2.610000000000000000e+03 5.847269212006054317e+01
2.620000000000000000e+03 4.630977215768489685e+01
2.630000000000000000e+03 6.486930753646008441e+01
2.640000000000000000e+03 7.235843887661508234e+01
2.650000000000000000e+03 4.845051436763218788e+01
2.660000000000000000e+03 5.334895974132364671e+01
2.670000000000000000e+03 5.929345416158545135e+01
2.680000000000000000e+03 6.013690533179753572e+01
2.690000000000000000e+03 5.760855717344424676e+01
2.700000000000000000e+03 5.212242898928709423e+01
2.710000000000000000e+03 5.942254155282842021e+01
2.720000000000000000e+03 5.149355051335150080e+01
2.730000000000000000e+03 6.397337343221401795e+01
2.740000000000000000e+03 4.552510645725323002e+01
2.750000000000000000e+03 4.869659974064087749e+01
2.760000000000000000e+03 4.345426509831189321e+01
2.770000000000000000e+03 5.310144197382713571e+01
2.780000000000000000e+03 6.349317750411487538e+01
2.790000000000000000e+03 6.982378818251534369e+01
2.800000000000000000e+03 4.701703125999438271e+01
2.810000000000000000e+03 5.171385278557929865e+01
2.820000000000000000e+03 5.353058736238011761e+01
2.830000000000000000e+03 5.138766791281132384e+01
2.840000000000000000e+03 5.352090437564240233e+01
2.850000000000000000e+03 6.480146933351659300e+01
2.860000000000000000e+03 4.769862185308200253e+01
2.870000000000000000e+03 6.142565930038529132e+01
2.880000000000000000e+03 6.269900070428403183e+01
2.890000000000000000e+03 5.836675222374085337e+01
2.900000000000000000e+03 4.603303354263670855e+01
2.910000000000000000e+03 5.187903651791552306e+01
2.920000000000000000e+03 6.766872202768976763e+01
2.930000000000000000e+03 5.331171748464014115e+01
2.940000000000000000e+03 5.940392042448667098e+01
2.950000000000000000e+03 4.833059430111130439e+01
2.960000000000000000e+03 6.048463341766242962e+01
2.970000000000000000e+03 5.269578785487450290e+01
2.980000000000000000e+03 5.881646679713903580e+01
2.990000000000000000e+03 5.277010048090298255e+01
3.000000000000000000e+03 6.006431157915445596e+01
3.010000000000000000e+03 5.720330412494821104e+01
3.020000000000000000e+03 5.218751699481395434e+01
3.030000000000000000e+03 4.961957745281711851e+01
3.040000000000000000e+03 4.629029159265044768e+01
3.050000000000000000e+03 5.220894561635184772e+01
3.060000000000000000e+03 5.083390420381738295e+01
3.070000000000000000e+03 5.942632307427629001e+01
3.080000000000000000e+03 6.112462727482356684e+01
3.090000000000000000e+03 6.500211915337141022e+01
3.100000000000000000e+03 6.674591620285207227e+01
3.110000000000000000e+03 6.396563850197975398e+01
3.120000000000000000e+03 5.458402756450765025e+01
3.130000000000000000e+03 5.587856840682623272e+01
3.140000000000000000e+03 4.732430852552303691e+01
3.150000000000000000e+03 5.389321235091841089e+01
3.160000000000000000e+03 5.223713513987228652e+01
3.170000000000000000e+03 5.367227982511597162e+01
3.180000000000000000e+03 5.056375460341320149e+01
3.190000000000000000e+03 5.911618101977197171e+01
3.200000000000000000e+03 5.826430736997146909e+01
3.210000000000000000e+03 6.561014196556423883e+01
3.220000000000000000e+03 6.649570553371843573e+01
3.230000000000000000e+03 6.522030148175723241e+01
3.240000000000000000e+03 6.126843968140140362e+01
3.250000000000000000e+03 5.371800185716740828e+01
3.260000000000000000e+03 5.008911636592682726e+01
3.270000000000000000e+03 5.254538643365266637e+01
3.280000000000000000e+03 6.714818987081341106e+01
3.290000000000000000e+03 5.571899966088229661e+01
3.300000000000000000e+03 6.581772457474014004e+01
3.310000000000000000e+03 5.301016979706278676e+01
3.320000000000000000e+03 5.671869642182655724e+01
3.330000000000000000e+03 5.176112180367759663e+01
3.340000000000000000e+03 5.379368958190418937e+01
3.350000000000000000e+03 7.085052855138977179e+01
3.360000000000000000e+03 5.951301158867957497e+01
3.370000000000000000e+03 6.042132158130047515e+01
3.380000000000000000e+03 5.669360087039982687e+01
3.390000000000000000e+03 4.814782076446457637e+01
3.400000000000000000e+03 5.779511223153883748e+01
3.410000000000000000e+03 4.406904881248726724e+01
3.420000000000000000e+03 5.878506870996586997e+01
3.430000000000000000e+03 6.410927902121905220e+01
3.440000000000000000e+03 4.810685428211272097e+01
3.450000000000000000e+03 5.812920392187961482e+01
3.460000000000000000e+03 6.394398069732380918e+01
3.470000000000000000e+03 6.098299210786722568e+01
3.480000000000000000e+03 6.103071949220162651e+01
3.490000000000000000e+03 5.086713575593497438e+01
3.500000000000000000e+03 6.044744845675844402e+01
3.510000000000000000e+03 5.366271142993728205e+01
3.520000000000000000e+03 5.733720436167028112e+01
3.530000000000000000e+03 6.554854900258767714e+01
3.540000000000000000e+03 6.042114969396193658e+01
3.550000000000000000e+03 5.456643776019713243e+01
3.560000000000000000e+03 6.272163253719170939e+01
3.570000000000000000e+03 5.573068799990296895e+01
3.580000000000000000e+03 5.389269668890280229e+01
3.590000000000000000e+03 5.409374757921420240e+01
3.600000000000000000e+03 6.086341581602342643e+01
3.610000000000000000e+03 6.169689752060022414e+01
3.620000000000000000e+03 6.098098675558426862e+01
3.630000000000000000e+03 5.987586576033593389e+01
3.640000000000000000e+03 5.874335738248035454e+01
3.650000000000000000e+03 6.193971703417666674e+01
3.660000000000000000e+03 6.349380775768951679e+01
3.670000000000000000e+03 5.010017445137285108e+01
3.680000000000000000e+03 6.346028972667436108e+01
3.690000000000000000e+03 5.361498404560288833e+01
3.700000000000000000e+03 6.769891690349317059e+01
3.710000000000000000e+03 5.438796140701388282e+01
3.720000000000000000e+03 5.737009213911079542e+01
3.730000000000000000e+03 5.653649584297495068e+01
3.740000000000000000e+03 4.357515919308450236e+01
3.750000000000000000e+03 6.747775519457266569e+01
3.760000000000000000e+03 6.116857313771009785e+01
3.770000000000000000e+03 4.432160860858093088e+01
3.780000000000000000e+03 5.043678715601220830e+01
3.790000000000000000e+03 4.889255130657561921e+01
3.800000000000000000e+03 5.897471774015417623e+01
3.810000000000000000e+03 5.341754278940080525e+01
3.820000000000000000e+03 5.893799114548628637e+01
3.830000000000000000e+03 5.502360078493201456e+01
3.840000000000000000e+03 4.574454929278833504e+01
3.850000000000000000e+03 4.791256429378385207e+01
3.860000000000000000e+03 5.042355183094468885e+01
3.870000000000000000e+03 5.535104616484927931e+01
3.880000000000000000e+03 4.663973855190073436e+01
3.890000000000000000e+03 5.865071010700768994e+01
3.900000000000000000e+03 5.698798658553803875e+01
3.910000000000000000e+03 4.587942355776213077e+01
3.920000000000000000e+03 4.047832231040239748e+01
3.930000000000000000e+03 4.790700660317108373e+01
3.940000000000000000e+03 5.983300851726015424e+01
3.950000000000000000e+03 5.129547900357477630e+01
3.960000000000000000e+03 6.191725708860754196e+01
3.970000000000000000e+03 6.149057541857361997e+01
3.980000000000000000e+03 4.808737371707827180e+01
3.990000000000000000e+03 6.165805098209035862e+01
4.000000000000000000e+03 5.758592534053656919e+01
4.010000000000000000e+03 5.227970590405050189e+01
4.020000000000000000e+03 6.513418592514906891e+01
4.030000000000000000e+03 6.532750188522619794e+01
4.040000000000000000e+03 3.778691036355487398e+01
4.050000000000000000e+03 5.836365825164714494e+01
4.060000000000000000e+03 6.767124304198834750e+01
4.070000000000000000e+03 6.455481100271278194e+01
4.080000000000000000e+03 5.184179426123201750e+01
4.090000000000000000e+03 6.122581162144366829e+01
4.100000000000000000e+03 4.988348181325437736e+01
4.110000000000000000e+03 5.845441476639587108e+01
4.120000000000000000e+03 5.143029597276905918e+01
4.130000000000000000e+03 6.149097648903021707e+01
4.140000000000000000e+03 5.845773792160763804e+01
4.150000000000000000e+03 3.902753587735163876e+01
4.160000000000000000e+03 6.752227401525432526e+01
4.170000000000000000e+03 6.086691085857371775e+01
4.180000000000000000e+03 5.586922919476560168e+01
4.190000000000000000e+03 6.033709678541624299e+01
4.200000000000000000e+03 4.580281910055313688e+01
4.210000000000000000e+03 5.727458007466248091e+01
4.220000000000000000e+03 4.642041030792465506e+01
4.230000000000000000e+03 5.876278065173528375e+01
4.240000000000000000e+03 6.215331570020144625e+01
4.250000000000000000e+03 5.739215101422332310e+01
4.260000000000000000e+03 6.287398201491699723e+01
4.270000000000000000e+03 5.110697588897673427e+01
4.280000000000000000e+03 5.127273257910808013e+01
4.290000000000000000e+03 6.088375581775056133e+01
4.300000000000000000e+03 5.642196157972830406e+01
4.310000000000000000e+03 6.021007204223574405e+01
4.320000000000000000e+03 5.106451971635754461e+01
4.330000000000000000e+03 5.790540660710151855e+01
4.340000000000000000e+03 4.928703274852318827e+01
4.350000000000000000e+03 6.001423506786003514e+01
4.360000000000000000e+03 6.449711415274310866e+01
4.370000000000000000e+03 5.841631307301967979e+01
4.380000000000000000e+03 5.676527789057069384e+01
4.390000000000000000e+03 5.820374573102613880e+01
4.400000000000000000e+03 4.581828896102167192e+01
4.410000000000000000e+03 6.102688067497425095e+01
4.420000000000000000e+03 5.292869519859519301e+01
4.430000000000000000e+03 5.782547899468076480e+01
4.440000000000000000e+03 5.918315978602277738e+01
4.450000000000000000e+03 5.322474249133928481e+01
4.460000000000000000e+03 6.224166579221061824e+01
4.470000000000000000e+03 5.830831052863750585e+01
4.480000000000000000e+03 6.877647862879571505e+01
4.490000000000000000e+03 4.426620358979178604e+01
4.500000000000000000e+03 6.976116389550753638e+01
4.510000000000000000e+03 5.633177802277471358e+01
4.520000000000000000e+03 5.055304029264425481e+01
4.530000000000000000e+03 6.788318013040723997e+01
4.540000000000000000e+03 6.058891173637624661e+01
4.550000000000000000e+03 5.131071968092525992e+01
4.560000000000000000e+03 6.059607370881538202e+01
4.570000000000000000e+03 5.731795297975388337e+01
4.580000000000000000e+03 6.457148407455107986e+01
4.590000000000000000e+03 5.199316971070557969e+01
4.600000000000000000e+03 5.871006853458324315e+01
4.610000000000000000e+03 5.246649014526315113e+01
4.620000000000000000e+03 6.023671457970932153e+01
4.630000000000000000e+03 6.223221198859096148e+01
4.640000000000000000e+03 4.877205828225960715e+01
4.650000000000000000e+03 5.540358639466278134e+01
4.660000000000000000e+03 4.791285077268142345e+01
4.670000000000000000e+03 5.750674257324948968e+01
4.680000000000000000e+03 5.843968975106101027e+01
4.690000000000000000e+03 5.751407643302717076e+01
4.700000000000000000e+03 4.751613479533283879e+01
4.710000000000000000e+03 6.275217118767217528e+01
4.720000000000000000e+03 5.665114469778063011e+01
4.730000000000000000e+03 5.603607450470769891e+01
4.740000000000000000e+03 6.070802966198394302e+01
4.750000000000000000e+03 6.284665192808925127e+01
4.760000000000000000e+03 5.312493324342749190e+01
4.770000000000000000e+03 4.817921885163774220e+01
4.780000000000000000e+03 3.644853824990877911e+01
4.790000000000000000e+03 5.269240740388323729e+01
4.800000000000000000e+03 5.916339274209075683e+01
4.810000000000000000e+03 3.970666275192020578e+01
4.820000000000000000e+03 6.484346713989968691e+01
4.830000000000000000e+03 3.798996660614923826e+01
4.840000000000000000e+03 6.501907870410728663e+01
4.850000000000000000e+03 6.512965955856753908e+01
4.860000000000000000e+03 6.165381109440639307e+01
4.870000000000000000e+03 5.969790506916829997e+01
4.880000000000000000e+03 3.967979103132856977e+01
4.890000000000000000e+03 5.377180259413019314e+01
4.900000000000000000e+03 6.189514091771548721e+01
4.910000000000000000e+03 6.109993279385341935e+01
4.920000000000000000e+03 6.530870886954591015e+01
4.930000000000000000e+03 5.690244398672501092e+01
4.940000000000000000e+03 5.246620366636558686e+01
4.950000000000000000e+03 5.807723664986124845e+01
4.960000000000000000e+03 5.459537212885123836e+01
4.970000000000000000e+03 5.844943003357823841e+01
4.980000000000000000e+03 4.931883190615295121e+01
4.990000000000000000e+03 6.355643204469731700e+01
5.000000000000000000e+03 7.042201341641143131e+01
5.010000000000000000e+03 6.961591909444187820e+01
5.020000000000000000e+03 5.549663474059202173e+01
5.030000000000000000e+03 6.236519549284082586e+01
5.040000000000000000e+03 5.329384120143205905e+01
5.050000000000000000e+03 7.161204675689815247e+01
5.060000000000000000e+03 6.418582618264852613e+01
5.070000000000000000e+03 5.183629386639876202e+01
5.080000000000000000e+03 5.836835650556722754e+01
5.090000000000000000e+03 5.497140432979559677e+01
5.100000000000000000e+03 6.335074019624535424e+01
5.110000000000000000e+03 6.120879477492827903e+01
5.120000000000000000e+03 5.705616856315861440e+01
5.130000000000000000e+03 4.706802450376102342e+01
5.140000000000000000e+03 5.136583822081684758e+01
5.150000000000000000e+03 6.299894411003502626e+01
5.160000000000000000e+03 5.035622929001682024e+01
5.170000000000000000e+03 6.089441283273999517e+01
5.180000000000000000e+03 7.124907799368277495e+01
5.190000000000000000e+03 5.075540898588446481e+01
5.200000000000000000e+03 6.874748696436208206e+01
5.210000000000000000e+03 5.539470554883825315e+01
5.220000000000000000e+03 6.575532947085039837e+01
5.230000000000000000e+03 6.319844801429957926e+01
5.240000000000000000e+03 5.279960780735220993e+01
5.250000000000000000e+03 7.065217056271548302e+01
5.260000000000000000e+03 5.730758244366201382e+01
5.270000000000000000e+03 6.589312582057935685e+01
5.280000000000000000e+03 5.046486208797362139e+01
5.290000000000000000e+03 6.439833622886254716e+01
5.300000000000000000e+03 6.193238317439899987e+01
5.310000000000000000e+03 3.667852350887429225e+01
5.320000000000000000e+03 4.440205188301730743e+01
5.330000000000000000e+03 6.140314205903666078e+01
5.340000000000000000e+03 6.125921506089979118e+01
5.350000000000000000e+03 5.971830236667495484e+01
5.360000000000000000e+03 6.497226805224509860e+01
5.370000000000000000e+03 5.893489717339257794e+01
5.380000000000000000e+03 5.337250830670352286e+01
5.390000000000000000e+03 5.453314891230003525e+01
5.400000000000000000e+03 6.709914468355022166e+01
5.410000000000000000e+03 5.636472309599473363e+01
5.420000000000000000e+03 6.039210073374880494e+01
5.430000000000000000e+03 5.615828640240909664e+01
5.440000000000000000e+03 5.752456156067805892e+01
5.450000000000000000e+03 5.621804590044124694e+01
5.460000000000000000e+03 4.676223692849970348e+01
5.470000000000000000e+03 5.825313469296641955e+01
5.480000000000000000e+03 6.316447161704831359e+01
5.490000000000000000e+03 6.127021585056630215e+01
5.500000000000000000e+03 6.542782679515360655e+01
5.510000000000000000e+03 4.427697519634024559e+01
5.520000000000000000e+03 5.676917400357758936e+01
5.530000000000000000e+03 6.204445371912658658e+01
5.540000000000000000e+03 5.103953875648983995e+01
5.550000000000000000e+03 5.500337537476389826e+01
5.560000000000000000e+03 5.270358008088828683e+01
5.570000000000000000e+03 6.615594156120586433e+01
5.580000000000000000e+03 6.540381986353763466e+01
5.590000000000000000e+03 6.140984566523968624e+01
5.600000000000000000e+03 5.849045381170959956e+01
5.610000000000000000e+03 5.830561762700040163e+01
5.620000000000000000e+03 4.803632317753211822e+01
5.630000000000000000e+03 4.988863843341054860e+01
5.640000000000000000e+03 6.428884399421305318e+01
5.650000000000000000e+03 5.944018865291845799e+01
5.660000000000000000e+03 5.904903036618264167e+01
5.670000000000000000e+03 6.154174054967879925e+01
5.680000000000000000e+03 5.698219971180722609e+01
5.690000000000000000e+03 6.460517399290476703e+01
5.700000000000000000e+03 5.583433606504213742e+01
5.710000000000000000e+03 5.152512048786321230e+01
5.720000000000000000e+03 6.447247696755246693e+01
5.730000000000000000e+03 6.567929797143652593e+01
5.740000000000000000e+03 6.261299973923490114e+01
5.750000000000000000e+03 5.188344829293802718e+01
5.760000000000000000e+03 6.688972860942990906e+01
5.770000000000000000e+03 5.770693402686820406e+01
5.780000000000000000e+03 6.142119022958326724e+01
5.790000000000000000e+03 5.011272222708621626e+01
5.800000000000000000e+03 5.580763623178903288e+01
5.810000000000000000e+03 5.584969133395163965e+01
5.820000000000000000e+03 5.744938949795689354e+01
5.830000000000000000e+03 5.606094087301637074e+01
5.840000000000000000e+03 4.814730510244895356e+01
5.850000000000000000e+03 5.536542740550706299e+01
5.860000000000000000e+03 4.224532415058585855e+01
5.870000000000000000e+03 4.631962703176114360e+01
5.880000000000000000e+03 5.418771265761565559e+01
5.890000000000000000e+03 4.129725088698288715e+01
5.900000000000000000e+03 5.027263474770722951e+01
5.910000000000000000e+03 6.065354137566700388e+01
5.920000000000000000e+03 6.655907466585991017e+01
5.930000000000000000e+03 5.671342521011136029e+01
5.940000000000000000e+03 6.387442362099492499e+01
5.950000000000000000e+03 6.217514539219592962e+01
5.960000000000000000e+03 6.617943283080622052e+01
5.970000000000000000e+03 5.552797553198567471e+01
5.980000000000000000e+03 6.078239958379192132e+01
5.990000000000000000e+03 5.854786418278170856e+01
6.000000000000000000e+03 6.200933140628507090e+01
6.010000000000000000e+03 5.766023796656504175e+01
6.020000000000000000e+03 5.120896237651002281e+01
6.030000000000000000e+03 5.391807871922709694e+01
6.040000000000000000e+03 5.556905660589656293e+01
6.050000000000000000e+03 5.890269694530623212e+01
6.060000000000000000e+03 5.507997983197289216e+01
6.070000000000000000e+03 5.039152349019687449e+01
6.080000000000000000e+03 6.852363235380448714e+01
6.090000000000000000e+03 5.061228412866078230e+01
6.100000000000000000e+03 6.315278327802765546e+01
6.110000000000000000e+03 3.873830678236960523e+01
6.120000000000000000e+03 6.268605185811409086e+01
6.130000000000000000e+03 4.649850445540099031e+01
6.140000000000000000e+03 5.380686761119220307e+01
6.150000000000000000e+03 5.745746820286824885e+01
6.160000000000000000e+03 5.206885743544236789e+01
6.170000000000000000e+03 5.322141933612752496e+01
6.180000000000000000e+03 5.618922612334615962e+01
6.190000000000000000e+03 6.382039370091408870e+01
6.200000000000000000e+03 5.211360543924207889e+01
6.210000000000000000e+03 5.693968624340851648e+01
6.220000000000000000e+03 7.475191276999457557e+01
6.230000000000000000e+03 5.801782092650618949e+01
6.240000000000000000e+03 6.673044634238353012e+01
6.250000000000000000e+03 5.764339300738819816e+01
6.260000000000000000e+03 4.737639038910042899e+01
6.270000000000000000e+03 6.579589488274565667e+01
6.280000000000000000e+03 4.676613304150659189e+01
6.290000000000000000e+03 6.126586137132331089e+01
6.300000000000000000e+03 5.853428508303711197e+01
6.310000000000000000e+03 3.504948990575833534e+01
6.320000000000000000e+03 5.460952418639097061e+01
6.330000000000000000e+03 5.243251374801189968e+01
6.340000000000000000e+03 5.241509583103991332e+01
6.350000000000000000e+03 6.708682609095491500e+01
6.360000000000000000e+03 4.385900248479231323e+01
6.370000000000000000e+03 5.883199395338709081e+01
6.380000000000000000e+03 4.751080628783812188e+01
6.390000000000000000e+03 5.544140160914141546e+01
6.400000000000000000e+03 6.304558287455866861e+01
6.410000000000000000e+03 5.468022717831011903e+01
6.420000000000000000e+03 5.732465658595692304e+01
6.430000000000000000e+03 5.188969353290494979e+01
6.440000000000000000e+03 5.530068317465728711e+01
6.450000000000000000e+03 4.888876978512774940e+01
6.460000000000000000e+03 6.235167368887572792e+01
6.470000000000000000e+03 4.815332115929783185e+01
6.480000000000000000e+03 5.984469685628081237e+01
6.490000000000000000e+03 5.314716400587857237e+01
6.500000000000000000e+03 5.648361183848437861e+01
6.510000000000000000e+03 5.926182689129422698e+01
6.520000000000000000e+03 4.498022359408381732e+01
6.530000000000000000e+03 6.103455830942899496e+01
6.540000000000000000e+03 5.680458279531666221e+01
6.550000000000000000e+03 6.274953558181457680e+01
6.560000000000000000e+03 5.649656068465434089e+01
6.570000000000000000e+03 6.465651101134849910e+01
6.580000000000000000e+03 6.059699044128758771e+01
6.590000000000000000e+03 4.677117507010374453e+01
6.600000000000000000e+03 6.024038150959816562e+01
6.610000000000000000e+03 6.186162288670033149e+01
6.620000000000000000e+03 6.245148293678752793e+01
6.630000000000000000e+03 6.094844275282082435e+01
6.640000000000000000e+03 5.176759622676257067e+01
6.650000000000000000e+03 6.504251267792812996e+01
6.660000000000000000e+03 5.551325051665082100e+01
6.670000000000000000e+03 5.542335343859478769e+01
6.680000000000000000e+03 3.901344111559142647e+01
6.690000000000000000e+03 6.120466947880333208e+01
6.700000000000000000e+03 5.490677469050484660e+01
6.710000000000000000e+03 5.936117777296991704e+01
6.720000000000000000e+03 6.895615819334872754e+01
6.730000000000000000e+03 4.496687367745726505e+01
6.740000000000000000e+03 6.647255803879514247e+01
6.750000000000000000e+03 6.090759086202800177e+01
6.760000000000000000e+03 6.076973721651953042e+01
6.770000000000000000e+03 4.266942751054169491e+01
6.780000000000000000e+03 5.261070362229757791e+01
6.790000000000000000e+03 6.848793708316782158e+01
6.800000000000000000e+03 5.521611460409597072e+01
6.810000000000000000e+03 5.700918602395788781e+01
6.820000000000000000e+03 5.756146004268448735e+01
6.830000000000000000e+03 5.480518927342814806e+01
6.840000000000000000e+03 5.172972371650443080e+01
6.850000000000000000e+03 5.668838695446413567e+01
6.860000000000000000e+03 5.324330632390152118e+01
6.870000000000000000e+03 5.554900308306697809e+01
6.880000000000000000e+03 5.183967431739003473e+01
6.890000000000000000e+03 5.119756051638691474e+01
6.900000000000000000e+03 5.183463228879288209e+01
6.910000000000000000e+03 5.223003046321266396e+01
6.920000000000000000e+03 6.169758506995438552e+01
6.930000000000000000e+03 6.496046512166540765e+01
6.940000000000000000e+03 4.094579857544963630e+01
6.950000000000000000e+03 5.294594122822862658e+01
6.960000000000000000e+03 5.927414548388954074e+01
6.970000000000000000e+03 5.676894482045953083e+01
6.980000000000000000e+03 5.710481267996522092e+01
6.990000000000000000e+03 5.049368186506870160e+01
7.000000000000000000e+03 6.946912730732935870e+01
7.010000000000000000e+03 4.972076179943721996e+01
7.020000000000000000e+03 5.644000975027492473e+01
7.030000000000000000e+03 6.724278520278951987e+01
7.040000000000000000e+03 4.810490622560927676e+01
7.050000000000000000e+03 6.351494990032983878e+01
7.060000000000000000e+03 5.578173853944912253e+01
7.070000000000000000e+03 6.502813143727034628e+01
7.080000000000000000e+03 5.544357884876291109e+01
7.090000000000000000e+03 5.717328113648335375e+01
7.100000000000000000e+03 5.838875380307388951e+01
7.110000000000000000e+03 5.317529623361949831e+01
7.120000000000000000e+03 5.861289489252906293e+01
7.130000000000000000e+03 5.074893456279948367e+01
7.140000000000000000e+03 5.530383444253050840e+01
7.150000000000000000e+03 4.940013461728201349e+01
7.160000000000000000e+03 4.843458614092754999e+01
7.170000000000000000e+03 4.784415313304523210e+01
7.180000000000000000e+03 6.797193129287300906e+01
7.190000000000000000e+03 5.195730255273038978e+01
7.200000000000000000e+03 6.069932070349796049e+01
7.210000000000000000e+03 5.456872959137766088e+01
7.220000000000000000e+03 6.087206747872990320e+01
7.230000000000000000e+03 6.072613512831007654e+01
7.240000000000000000e+03 5.573527166226401164e+01
7.250000000000000000e+03 3.472107049758935204e+01
7.260000000000000000e+03 5.470704160312223507e+01
7.270000000000000000e+03 6.131719838976702874e+01
7.280000000000000000e+03 6.816771097146920511e+01
7.290000000000000000e+03 3.557924668313629724e+01
7.300000000000000000e+03 5.864990796609450996e+01
7.310000000000000000e+03 5.811877609000823952e+01
7.320000000000000000e+03 5.035932326211052867e+01
7.330000000000000000e+03 6.399823980052269690e+01
7.340000000000000000e+03 4.789256806673379430e+01
7.350000000000000000e+03 5.220098150299952522e+01
7.360000000000000000e+03 6.641503307616402196e+01
7.370000000000000000e+03 4.940288481469863768e+01
7.380000000000000000e+03 5.741925191793301053e+01
7.390000000000000000e+03 5.927024937088265943e+01
7.400000000000000000e+03 5.528034317293013800e+01
7.410000000000000000e+03 5.714618023277366632e+01
7.420000000000000000e+03 6.304019707128444594e+01
7.430000000000000000e+03 5.746090594963902731e+01
7.440000000000000000e+03 5.132681979496843638e+01
7.450000000000000000e+03 5.223873942169865359e+01
7.460000000000000000e+03 6.118719426605184708e+01
7.470000000000000000e+03 5.248041301968483197e+01
7.480000000000000000e+03 5.781877538847773934e+01
7.490000000000000000e+03 4.566674162420957117e+01
7.500000000000000000e+03 5.327487629841323269e+01
7.510000000000000000e+03 6.912867578546261882e+01
7.520000000000000000e+03 4.679655710042803918e+01
7.530000000000000000e+03 6.674322330121495384e+01
7.540000000000000000e+03 4.972723622252220110e+01
7.550000000000000000e+03 6.363968281232982349e+01
7.560000000000000000e+03 4.800727421731897948e+01
7.570000000000000000e+03 6.094706765411252292e+01
7.580000000000000000e+03 3.910608839106407686e+01
7.590000000000000000e+03 4.915032501860497405e+01
7.600000000000000000e+03 6.325585838537168115e+01
7.610000000000000000e+03 6.103255295714603079e+01
7.620000000000000000e+03 5.378515251075674541e+01
7.630000000000000000e+03 5.710590129977596519e+01
7.640000000000000000e+03 5.257861798577025780e+01
7.650000000000000000e+03 6.689087452502016617e+01
7.660000000000000000e+03 4.873687867363857151e+01
7.670000000000000000e+03 7.020302894711242914e+01
7.680000000000000000e+03 5.381872783755140688e+01
7.690000000000000000e+03 5.193942626952231478e+01
7.700000000000000000e+03 5.882958753064753665e+01
7.710000000000000000e+03 5.206146627988517395e+01
7.720000000000000000e+03 5.837282557636925162e+01
7.730000000000000000e+03 6.878810967203686744e+01
7.740000000000000000e+03 4.680337529819009745e+01
7.750000000000000000e+03 5.529409416001328026e+01
7.760000000000000000e+03 4.998655692059841016e+01
7.770000000000000000e+03 6.617026550608413515e+01
7.780000000000000000e+03 4.907899177311118422e+01
7.790000000000000000e+03 5.796482233045658461e+01
7.800000000000000000e+03 6.285077722421419821e+01
7.810000000000000000e+03 5.766316005132021161e+01
7.820000000000000000e+03 3.900318517105858263e+01
7.830000000000000000e+03 5.174857402796423145e+01
7.840000000000000000e+03 6.864103140602678366e+01
7.850000000000000000e+03 5.984887944818526506e+01
7.860000000000000000e+03 6.305343239635196539e+01
7.870000000000000000e+03 4.426500037842200896e+01
7.880000000000000000e+03 6.740149451204075604e+01
7.890000000000000000e+03 5.662037686418210569e+01
7.900000000000000000e+03 5.687030105441817085e+01
7.910000000000000000e+03 4.928084480433577852e+01
7.920000000000000000e+03 6.141735141235590589e+01
7.930000000000000000e+03 5.407506915509294032e+01
7.940000000000000000e+03 5.511269572207486078e+01
7.950000000000000000e+03 6.689156207437432045e+01
7.960000000000000000e+03 5.038545013756849045e+01
7.970000000000000000e+03 5.313879882206965988e+01
7.980000000000000000e+03 4.915278873712404106e+01
7.990000000000000000e+03 5.534990024925901508e+01
8.000000000000000000e+03 6.552557339500292244e+01
8.010000000000000000e+03 4.651363054119244111e+01
8.020000000000000000e+03 5.506456726728386997e+01
8.030000000000000000e+03 5.726271984830327000e+01
8.040000000000000000e+03 5.280401958237472115e+01
8.050000000000000000e+03 5.195621393291964552e+01
8.060000000000000000e+03 5.868268115197599144e+01
8.070000000000000000e+03 6.165409757330396445e+01
8.080000000000000000e+03 6.242816355452569610e+01
8.090000000000000000e+03 4.657866125093978837e+01
8.100000000000000000e+03 5.459651804444150258e+01
8.110000000000000000e+03 5.483039941641390413e+01
8.120000000000000000e+03 6.169002202705866011e+01
8.130000000000000000e+03 6.165753532007474291e+01
8.140000000000000000e+03 6.208066465177885362e+01
8.150000000000000000e+03 5.246299510271285982e+01
8.160000000000000000e+03 5.425853024109382972e+01
8.170000000000000000e+03 6.221616917032729077e+01
8.180000000000000000e+03 5.327315742502783991e+01
8.190000000000000000e+03 6.144960893622176457e+01
8.200000000000000000e+03 4.719865888105084650e+01
8.210000000000000000e+03 5.621266009716701006e+01
8.220000000000000000e+03 5.194103055134867475e+01
8.230000000000000000e+03 5.502228298200321177e+01
8.240000000000000000e+03 4.341604881337666910e+01
8.250000000000000000e+03 5.538295991403806795e+01
8.260000000000000000e+03 4.450908039914774150e+01
8.270000000000000000e+03 6.848421285749947174e+01
8.280000000000000000e+03 5.158562483102902263e+01
8.290000000000000000e+03 4.929700221415846784e+01
8.300000000000000000e+03 5.466951286754116524e+01
8.310000000000000000e+03 5.435478715067581135e+01
8.320000000000000000e+03 5.476038397384891709e+01
8.330000000000000000e+03 4.839602608131524875e+01
8.340000000000000000e+03 6.448101403869992509e+01
8.350000000000000000e+03 5.939320611371773140e+01
8.360000000000000000e+03 5.722226902796703740e+01
8.370000000000000000e+03 4.922910671543546357e+01
8.380000000000000000e+03 5.291775170470818779e+01
8.390000000000000000e+03 6.004013276019993839e+01
8.400000000000000000e+03 5.894755954066497594e+01
8.410000000000000000e+03 5.921874046510039591e+01
8.420000000000000000e+03 4.836044540223762311e+01
8.430000000000000000e+03 6.269201061918344209e+01
8.440000000000000000e+03 6.306111003080672361e+01
8.450000000000000000e+03 5.546409073782859167e+01
8.460000000000000000e+03 6.908392778166290782e+01
8.470000000000000000e+03 4.563402573410759544e+01
8.480000000000000000e+03 7.347244071768793106e+01
8.490000000000000000e+03 4.858831071736114637e+01
8.500000000000000000e+03 5.290560499945141970e+01
8.510000000000000000e+03 3.820574251179549918e+01
8.520000000000000000e+03 6.669836070585621712e+01
8.530000000000000000e+03 5.493834466501655101e+01
8.540000000000000000e+03 5.796831737300688303e+01
8.550000000000000000e+03 5.057951094277930082e+01
8.560000000000000000e+03 4.098739531137614023e+01
8.570000000000000000e+03 6.313542265683518195e+01
8.580000000000000000e+03 5.807637721316856272e+01
8.590000000000000000e+03 5.489749277422372842e+01
8.600000000000000000e+03 4.614034853766470690e+01
8.610000000000000000e+03 6.417385136473028240e+01
8.620000000000000000e+03 6.418141440762602201e+01
8.630000000000000000e+03 4.459725860381837492e+01
8.640000000000000000e+03 5.149165975262756945e+01
8.650000000000000000e+03 4.371771109251304921e+01
8.660000000000000000e+03 5.848523989577390836e+01
8.670000000000000000e+03 5.768699509559765204e+01
8.680000000000000000e+03 5.578024884918178117e+01
8.690000000000000000e+03 5.443666281960000219e+01
8.700000000000000000e+03 6.753619688967600609e+01
8.710000000000000000e+03 5.731124937355085791e+01
8.720000000000000000e+03 5.227941942515294471e+01
8.730000000000000000e+03 5.919152496983168277e+01
8.740000000000000000e+03 4.960112821181390785e+01
8.750000000000000000e+03 6.088558928269497983e+01
8.760000000000000000e+03 4.266639083422749934e+01
8.770000000000000000e+03 5.300804985322081109e+01
8.780000000000000000e+03 6.111402755561363875e+01
8.790000000000000000e+03 6.524642835721519418e+01
8.800000000000000000e+03 5.736149777218383150e+01
8.810000000000000000e+03 6.542415986526476956e+01
8.820000000000000000e+03 6.082542871420624664e+01
8.830000000000000000e+03 6.094076511836608034e+01
8.840000000000000000e+03 5.815504431844001232e+01
8.850000000000000000e+03 6.597975703920313606e+01
8.860000000000000000e+03 6.685890348005186468e+01
8.870000000000000000e+03 6.299630850417742778e+01
8.880000000000000000e+03 6.647548012355031233e+01
8.890000000000000000e+03 4.538541934680033307e+01
8.900000000000000000e+03 4.981845110350703010e+01
8.910000000000000000e+03 6.121102931032928751e+01
8.920000000000000000e+03 5.619931018054047200e+01
8.930000000000000000e+03 5.040246698408387971e+01
8.940000000000000000e+03 5.272987884368478717e+01
8.950000000000000000e+03 5.706287216936164697e+01
8.960000000000000000e+03 5.587558902629155000e+01
8.970000000000000000e+03 4.753154736002186098e+01
8.980000000000000000e+03 5.907475617118402056e+01
8.990000000000000000e+03 5.394426289046457157e+01
9.000000000000000000e+03 4.845526991733177624e+01
9.010000000000000000e+03 4.682491851128701654e+01
9.020000000000000000e+03 4.921627246082453411e+01
9.030000000000000000e+03 5.231734923119059744e+01
9.040000000000000000e+03 6.342849056904459815e+01
9.050000000000000000e+03 6.654343291805284366e+01
9.060000000000000000e+03 5.752616584250443310e+01
9.070000000000000000e+03 4.962421841095768116e+01
9.080000000000000000e+03 5.347197377993823864e+01
9.090000000000000000e+03 6.358147030034453451e+01
9.100000000000000000e+03 3.518900512887269372e+01
9.110000000000000000e+03 5.621529570302461565e+01
9.120000000000000000e+03 5.577595166571829566e+01
9.130000000000000000e+03 6.227822049953995531e+01
9.140000000000000000e+03 4.779453498798690703e+01
9.150000000000000000e+03 5.361240573552480271e+01
9.160000000000000000e+03 6.187926998679037638e+01
9.170000000000000000e+03 5.709490051010945422e+01
9.180000000000000000e+03 6.094288506220807022e+01
9.190000000000000000e+03 5.791291235421773820e+01
9.200000000000000000e+03 5.039186726487395163e+01
9.210000000000000000e+03 5.345862386331168636e+01
9.220000000000000000e+03 5.804486453443636407e+01
9.230000000000000000e+03 6.511321566984726417e+01
9.240000000000000000e+03 6.444205290863102675e+01
9.250000000000000000e+03 5.591323235343164555e+01
9.260000000000000000e+03 5.500503695236977819e+01
9.270000000000000000e+03 6.367686777323382330e+01
9.280000000000000000e+03 5.901551233516748596e+01
9.290000000000000000e+03 5.904587909830942749e+01
9.300000000000000000e+03 6.467072036466774421e+01
9.310000000000000000e+03 5.325957832528324332e+01
9.320000000000000000e+03 5.519096175688973460e+01
9.330000000000000000e+03 5.015002177954923468e+01
9.340000000000000000e+03 5.271234633515378931e+01
9.350000000000000000e+03 5.496813847036334977e+01
9.360000000000000000e+03 5.570656647672795714e+01
9.370000000000000000e+03 5.745128025868083199e+01
9.380000000000000000e+03 6.650435719642490540e+01
9.390000000000000000e+03 4.544506425327345767e+01
9.400000000000000000e+03 6.372213143904915000e+01
9.410000000000000000e+03 6.209773879407374864e+01
9.420000000000000000e+03 5.481739327446443610e+01
9.430000000000000000e+03 6.299201132071394227e+01
9.440000000000000000e+03 5.217055744407808504e+01
9.450000000000000000e+03 5.624314145186797020e+01
9.460000000000000000e+03 5.549617637435591888e+01
9.470000000000000000e+03 5.315409679519965636e+01
9.480000000000000000e+03 5.032024754048260462e+01
9.490000000000000000e+03 6.431256444693146079e+01
9.500000000000000000e+03 4.723910970138709331e+01
9.510000000000000000e+03 6.440097183472015274e+01
9.520000000000000000e+03 5.134016971159498155e+01
9.530000000000000000e+03 6.214976336187163497e+01
9.540000000000000000e+03 4.171430686605861382e+01
9.550000000000000000e+03 6.120627376062970626e+01
9.560000000000000000e+03 4.595969494485995455e+01
9.570000000000000000e+03 6.253335860571171878e+01
9.580000000000000000e+03 6.115258761522595421e+01
9.590000000000000000e+03 6.308597639911540256e+01
9.600000000000000000e+03 6.140497552398107928e+01
9.610000000000000000e+03 5.694954111748476322e+01
9.620000000000000000e+03 6.559656286581963514e+01
9.630000000000000000e+03 5.565442731737105220e+01
9.640000000000000000e+03 5.934341608132086066e+01
9.650000000000000000e+03 5.339416611135946766e+01
9.660000000000000000e+03 6.109827121624753943e+01
9.670000000000000000e+03 5.445963842718474979e+01
9.680000000000000000e+03 5.273612408365171689e+01
9.690000000000000000e+03 5.288434826525206489e+01
9.700000000000000000e+03 5.125210609848337384e+01
9.710000000000000000e+03 5.811453620232426687e+01
9.720000000000000000e+03 4.925689516849930527e+01
9.730000000000000000e+03 6.240094805925698296e+01
9.740000000000000000e+03 6.450817223818911827e+01
9.750000000000000000e+03 4.630455824174919854e+01
9.760000000000000000e+03 5.440125402786091513e+01
9.770000000000000000e+03 5.633000185360980794e+01
9.780000000000000000e+03 6.076217417362380502e+01
9.790000000000000000e+03 5.051276135964656078e+01
9.800000000000000000e+03 5.359074793086885791e+01
9.810000000000000000e+03 4.574323148985953225e+01
9.820000000000000000e+03 5.024054911117990230e+01
9.830000000000000000e+03 5.423939345073646479e+01
9.840000000000000000e+03 6.189691708688039995e+01
9.850000000000000000e+03 6.259002413165016065e+01
9.860000000000000000e+03 4.784661685156429911e+01
9.870000000000000000e+03 6.097880951596277299e+01
9.880000000000000000e+03 4.362449085924526315e+01
9.890000000000000000e+03 4.986360017776333109e+01
9.900000000000000000e+03 3.921666924552432221e+01
9.910000000000000000e+03 6.102510450580933821e+01
9.920000000000000000e+03 6.188562981831632470e+01
9.930000000000000000e+03 5.928508897777654596e+01
9.940000000000000000e+03 4.693819226738438033e+01
9.950000000000000000e+03 6.106269053716991380e+01
9.960000000000000000e+03 5.899121892465393557e+01
9.970000000000000000e+03 6.283989102610670585e+01
9.980000000000000000e+03 6.045386558406390520e+01
9.990000000000000000e+03 4.551656938610577896e+01
