0.000000000000000000e+00 5.831524331795859695e+01
1.000000000000000000e+01 6.905487882144977618e+01
2.000000000000000000e+01 7.310998761648818345e+01
3.000000000000000000e+01 6.245480609199928068e+01
4.000000000000000000e+01 6.788134666546281437e+01
5.000000000000000000e+01 6.633126664651589977e+01
6.000000000000000000e+01 6.147946003734807618e+01
7.000000000000000000e+01 6.649805466067847703e+01
8.000000000000000000e+01 7.330450678793508246e+01
9.000000000000000000e+01 7.482124066320540123e+01
1.000000000000000000e+02 5.872800211357083811e+01
1.100000000000000000e+02 7.148118319649026375e+01
1.200000000000000000e+02 7.917927224452947144e+01
1.300000000000000000e+02 6.134716408245238028e+01
1.400000000000000000e+02 7.409576150301076325e+01
1.500000000000000000e+02 6.364982416530364162e+01
1.600000000000000000e+02 6.105942467773767390e+01
1.700000000000000000e+02 6.115694209446894547e+01
1.800000000000000000e+02 6.554087136813292602e+01
1.900000000000000000e+02 6.047340344487787434e+01
2.000000000000000000e+02 6.754158269295024297e+01
2.100000000000000000e+02 7.007629068282949447e+01
2.200000000000000000e+02 7.428896287152886657e+01
2.300000000000000000e+02 5.622171283033007683e+01
2.400000000000000000e+02 7.134522031170573086e+01
2.500000000000000000e+02 5.822947153602751769e+01
2.600000000000000000e+02 5.552923603913497175e+01
2.700000000000000000e+02 8.186759021928330071e+01
2.800000000000000000e+02 6.954063244016168710e+01
2.900000000000000000e+02 7.640506789628554429e+01
3.000000000000000000e+02 6.196538554339852567e+01
3.100000000000000000e+02 5.928233878035991467e+01
3.200000000000000000e+02 6.106286242450845236e+01
3.300000000000000000e+02 6.064987444577816689e+01
3.400000000000000000e+02 6.701486259188646954e+01
3.500000000000000000e+02 6.221382004336725657e+01
3.600000000000000000e+02 6.093073835695129503e+01
3.700000000000000000e+02 7.559049379894804588e+01
3.800000000000000000e+02 6.829645458803508973e+01
3.900000000000000000e+02 6.216649372948945285e+01
4.000000000000000000e+02 5.863592779589331627e+01
4.100000000000000000e+02 6.772945555397363648e+01
4.200000000000000000e+02 6.695573334742897487e+01
4.300000000000000000e+02 6.036024428033952915e+01
4.400000000000000000e+02 5.791010486102158694e+01
4.500000000000000000e+02 6.641772597780114040e+01
4.600000000000000000e+02 6.792105264066539405e+01
4.700000000000000000e+02 6.296353531829593919e+01
4.800000000000000000e+02 7.559226996811295862e+01
4.900000000000000000e+02 6.993287934670824768e+01
5.000000000000000000e+02 6.307984575070749855e+01
5.100000000000000000e+02 6.508726068172785517e+01
5.200000000000000000e+02 7.298181695771741317e+01
5.300000000000000000e+02 7.292102613565403146e+01
5.400000000000000000e+02 7.671228786603468563e+01
5.500000000000000000e+02 6.962021627790535661e+01
5.600000000000000000e+02 7.393642194018488567e+01
5.700000000000000000e+02 6.906530665332115859e+01
5.800000000000000000e+02 6.160768799189835221e+01
5.900000000000000000e+02 6.741467254132876974e+01
6.000000000000000000e+02 7.342832296746286147e+01
6.100000000000000000e+02 6.810004465586425226e+01
6.200000000000000000e+02 6.436831324039769697e+01
6.300000000000000000e+02 6.526012204851880938e+01
6.400000000000000000e+02 6.441346231465401218e+01
6.500000000000000000e+02 7.196097805413282344e+01
6.600000000000000000e+02 6.454604474844727235e+01
6.700000000000000000e+02 7.494161909596239468e+01
6.800000000000000000e+02 6.745787355908163363e+01
6.900000000000000000e+02 7.311497234930581612e+01
7.000000000000000000e+02 6.840285285059090370e+01
7.100000000000000000e+02 5.293104432555522720e+01
7.200000000000000000e+02 7.478365463184482564e+01
7.300000000000000000e+02 6.460139247145691854e+01
7.400000000000000000e+02 5.912746828833604695e+01
7.500000000000000000e+02 7.361006518007835098e+01
7.600000000000000000e+02 7.453390232894729195e+01
7.700000000000000000e+02 6.994021320648592166e+01
7.800000000000000000e+02 6.649576282949796280e+01
7.900000000000000000e+02 5.705089735144341034e+01
8.000000000000000000e+02 5.950722471494876231e+01
8.100000000000000000e+02 7.729756425376082518e+01
8.200000000000000000e+02 6.289953593257982334e+01
8.300000000000000000e+02 6.654434965052504936e+01
8.400000000000000000e+02 6.311273352814801285e+01
8.500000000000000000e+02 7.427503999710718574e+01
8.600000000000000000e+02 6.647198508100002812e+01
8.700000000000000000e+02 6.243784654126341849e+01
8.800000000000000000e+02 6.705267780636511077e+01
8.900000000000000000e+02 6.381741432037939887e+01
9.000000000000000000e+02 6.588733894684852999e+01
9.100000000000000000e+02 6.724289979434854558e+01
9.200000000000000000e+02 6.974007904864673435e+01
9.300000000000000000e+02 7.658893005274302368e+01
9.400000000000000000e+02 6.530126041820921046e+01
9.500000000000000000e+02 7.287490303314599771e+01
9.600000000000000000e+02 6.495593875508386361e+01
9.700000000000000000e+02 7.286430331393607673e+01
9.800000000000000000e+02 6.275555163866344799e+01
9.900000000000000000e+02 6.776354654278392786e+01
1.000000000000000000e+03 7.062610098303703410e+01
1.010000000000000000e+03 6.295963920528905078e+01
1.020000000000000000e+03 7.045994322244908403e+01
1.030000000000000000e+03 6.511367403608336701e+01
1.040000000000000000e+03 7.146915108279252138e+01
1.050000000000000000e+03 6.688302500322687649e+01
1.060000000000000000e+03 6.255702176265062064e+01
1.070000000000000000e+03 7.405760251385504489e+01
1.080000000000000000e+03 6.303612907093901185e+01
1.090000000000000000e+03 6.748927164625480657e+01
1.100000000000000000e+03 7.035612326997139121e+01
1.110000000000000000e+03 6.145161428850472163e+01
1.120000000000000000e+03 6.027579030133725269e+01
1.130000000000000000e+03 6.904387803178326521e+01
1.140000000000000000e+03 6.988091207468987420e+01
1.150000000000000000e+03 6.220826235275448823e+01
1.160000000000000000e+03 6.100493639142073476e+01
1.170000000000000000e+03 7.359671526345181292e+01
1.180000000000000000e+03 6.170852856384137652e+01
1.190000000000000000e+03 6.148243941788276601e+01
1.200000000000000000e+03 4.942333940798481251e+01
1.210000000000000000e+03 4.970466168539404350e+01
1.220000000000000000e+03 7.045163533441969150e+01
1.230000000000000000e+03 7.699286529831024950e+01
1.240000000000000000e+03 6.708298727372753945e+01
1.250000000000000000e+03 5.948436369892304043e+01
1.260000000000000000e+03 5.596754875241004612e+01
1.270000000000000000e+03 6.576993989462621926e+01
1.280000000000000000e+03 5.659430728450365677e+01
1.290000000000000000e+03 6.965986495732840922e+01
1.300000000000000000e+03 6.281531113669559119e+01
1.310000000000000000e+03 6.121521190223375442e+01
1.320000000000000000e+03 6.548793006786283399e+01
1.330000000000000000e+03 6.576277792218709806e+01
1.340000000000000000e+03 5.873476301555338353e+01
1.350000000000000000e+03 7.602198831446106908e+01
1.360000000000000000e+03 7.158162269797671229e+01
1.370000000000000000e+03 6.409833552733205408e+01
1.380000000000000000e+03 5.845458665373440965e+01
1.390000000000000000e+03 7.024181818984278891e+01
1.400000000000000000e+03 5.694805142721742897e+01
1.410000000000000000e+03 7.785717213226510580e+01
1.420000000000000000e+03 6.051471370190679977e+01
1.430000000000000000e+03 6.233127639136907305e+01
1.440000000000000000e+03 7.140750082403644683e+01
1.450000000000000000e+03 6.215268544662680483e+01
1.460000000000000000e+03 6.901671983229405782e+01
1.470000000000000000e+03 6.885526032562619037e+01
1.480000000000000000e+03 5.926669703255284816e+01
1.490000000000000000e+03 6.743678871222081739e+01
1.500000000000000000e+03 5.720141336422427969e+01
1.510000000000000000e+03 6.518414784488446401e+01
1.520000000000000000e+03 6.731606650478674680e+01
1.530000000000000000e+03 6.965803149238399783e+01
1.540000000000000000e+03 6.758999762663879096e+01
1.550000000000000000e+03 6.775902017620238382e+01
1.560000000000000000e+03 6.972965121677533773e+01
1.570000000000000000e+03 6.549961840688349923e+01
1.580000000000000000e+03 7.340265445824100254e+01
1.590000000000000000e+03 6.719740694541516746e+01
1.600000000000000000e+03 6.462677450178121319e+01
1.610000000000000000e+03 7.742521925051597975e+01
1.620000000000000000e+03 6.505076327017802384e+01
1.630000000000000000e+03 8.105341719240239229e+01
1.640000000000000000e+03 5.632856945912197943e+01
1.650000000000000000e+03 6.875625321862759165e+01
1.660000000000000000e+03 6.564446213749258163e+01
1.670000000000000000e+03 5.345650391946970359e+01
1.680000000000000000e+03 6.313347460033174485e+01
1.690000000000000000e+03 6.819406703004521830e+01
1.700000000000000000e+03 6.301693498480212696e+01
1.710000000000000000e+03 7.520460672392744073e+01
1.720000000000000000e+03 6.961798174250434101e+01
1.730000000000000000e+03 7.848272745298893938e+01
1.740000000000000000e+03 5.937613197142282218e+01
1.750000000000000000e+03 6.425234658266322185e+01
1.760000000000000000e+03 6.789423821585326380e+01
1.770000000000000000e+03 6.761165543129473576e+01
1.780000000000000000e+03 6.845516389728634010e+01
1.790000000000000000e+03 6.382577950418831136e+01
1.800000000000000000e+03 6.060317838547500457e+01
1.810000000000000000e+03 6.450737009727593829e+01
1.820000000000000000e+03 6.456357725697827732e+01
1.830000000000000000e+03 7.177396462980212277e+01
1.840000000000000000e+03 6.964559830822965125e+01
1.850000000000000000e+03 6.817240922538927350e+01
1.860000000000000000e+03 6.673537377942166415e+01
1.870000000000000000e+03 7.036013397453730533e+01
1.880000000000000000e+03 5.967693481386650234e+01
1.890000000000000000e+03 6.745271693892546239e+01
1.900000000000000000e+03 7.269046791889338976e+01
1.910000000000000000e+03 6.535569140874663674e+01
1.920000000000000000e+03 6.815029305449722585e+01
1.930000000000000000e+03 6.298576608074701966e+01
1.940000000000000000e+03 7.209161243142264652e+01
1.950000000000000000e+03 6.887628787670749375e+01
1.960000000000000000e+03 6.983610677511065035e+01
1.970000000000000000e+03 6.534646678824503852e+01
1.980000000000000000e+03 7.166842580393903006e+01
1.990000000000000000e+03 7.130591540695975539e+01
2.000000000000000000e+03 5.028059886105954490e+01
2.010000000000000000e+03 6.680968640545012249e+01
2.020000000000000000e+03 6.658331078059394770e+01
2.030000000000000000e+03 6.791131235814816591e+01
2.040000000000000000e+03 6.562074168477415981e+01
2.050000000000000000e+03 7.225977554429354655e+01
2.060000000000000000e+03 7.137719135667403236e+01
2.070000000000000000e+03 6.109185408894207825e+01
2.080000000000000000e+03 7.094884810903423045e+01
2.090000000000000000e+03 6.704431262255620538e+01
2.100000000000000000e+03 7.039519899159931526e+01
2.110000000000000000e+03 7.002575580529895660e+01
2.120000000000000000e+03 6.363830771362150784e+01
2.130000000000000000e+03 6.855514503253667158e+01
2.140000000000000000e+03 5.987271449246270549e+01
2.150000000000000000e+03 5.115819831586143351e+01
2.160000000000000000e+03 8.651834593813970287e+01
2.170000000000000000e+03 6.201878520990472765e+01
2.180000000000000000e+03 7.025407948665858271e+01
2.190000000000000000e+03 5.762242275208640052e+01
2.200000000000000000e+03 6.387614249438031067e+01
2.210000000000000000e+03 7.302776817288690836e+01
2.220000000000000000e+03 6.487079722672741866e+01
2.230000000000000000e+03 7.362650906879861168e+01
2.240000000000000000e+03 7.439157961263680363e+01
2.250000000000000000e+03 7.037359848272286911e+01
2.260000000000000000e+03 5.953518505535114969e+01
2.270000000000000000e+03 6.813602640539846789e+01
2.280000000000000000e+03 6.116977634907987493e+01
2.290000000000000000e+03 6.518265815461714396e+01
2.300000000000000000e+03 5.017082014751248664e+01
2.310000000000000000e+03 6.626268359843872702e+01
2.320000000000000000e+03 5.980006344404012708e+01
2.330000000000000000e+03 7.210628015097799448e+01
2.340000000000000000e+03 6.679524786901282596e+01
2.350000000000000000e+03 6.870468701706580816e+01
2.360000000000000000e+03 7.097199560395750950e+01
2.370000000000000000e+03 5.420129175736025928e+01
2.380000000000000000e+03 5.390438502792346753e+01
2.390000000000000000e+03 7.393550520771266577e+01
2.400000000000000000e+03 5.853331105478538632e+01
2.410000000000000000e+03 6.839718056841910254e+01
2.420000000000000000e+03 6.241171966580544961e+01
2.430000000000000000e+03 6.922418784991093332e+01
2.440000000000000000e+03 7.207711659920583713e+01
2.450000000000000000e+03 6.081471440343729995e+01
2.460000000000000000e+03 7.001257777601094290e+01
2.470000000000000000e+03 6.752559717046609933e+01
2.480000000000000000e+03 6.152724471746198986e+01
2.490000000000000000e+03 6.343490769635006643e+01
2.500000000000000000e+03 7.598440228310049349e+01
2.510000000000000000e+03 6.730919101124517567e+01
2.520000000000000000e+03 5.935819839243522722e+01
2.530000000000000000e+03 7.823320433320945710e+01
2.540000000000000000e+03 6.401634526684883042e+01
2.550000000000000000e+03 6.864160436382191222e+01
2.560000000000000000e+03 6.008969360947875060e+01
2.570000000000000000e+03 6.328267281018380430e+01
2.580000000000000000e+03 6.119561674564027243e+01
2.590000000000000000e+03 5.800206458714009017e+01
2.600000000000000000e+03 6.664112222212263248e+01
2.610000000000000000e+03 6.383689488541384804e+01
2.620000000000000000e+03 6.884064990185035526e+01
2.630000000000000000e+03 5.389682198502774213e+01
2.640000000000000000e+03 7.774773719339511047e+01
2.650000000000000000e+03 6.801387180347657591e+01
2.660000000000000000e+03 7.152243615773969054e+01
2.670000000000000000e+03 7.459973517960783340e+01
2.680000000000000000e+03 6.163690883945002952e+01
2.690000000000000000e+03 6.983782564849605023e+01
2.700000000000000000e+03 6.693991971228336979e+01
2.710000000000000000e+03 7.158930033243144919e+01
2.720000000000000000e+03 7.082245361942837292e+01
2.730000000000000000e+03 6.488111046703978957e+01
2.740000000000000000e+03 7.576667832095077415e+01
2.750000000000000000e+03 6.217067632139390554e+01
2.760000000000000000e+03 6.860751337501162084e+01
2.770000000000000000e+03 7.485836832832987398e+01
2.780000000000000000e+03 6.733073422434210897e+01
2.790000000000000000e+03 7.230452354809325755e+01
2.800000000000000000e+03 6.304907791710897413e+01
2.810000000000000000e+03 6.039089752237902786e+01
2.820000000000000000e+03 6.260526480900063717e+01
2.830000000000000000e+03 7.395017292726801372e+01
2.840000000000000000e+03 6.637378011491459517e+01
2.850000000000000000e+03 6.129032666917539274e+01
2.860000000000000000e+03 7.318802446818499163e+01
2.870000000000000000e+03 6.586075370515445115e+01
2.880000000000000000e+03 6.777414626199384884e+01
2.890000000000000000e+03 5.811952093514191375e+01
2.900000000000000000e+03 6.733743783054512733e+01
2.910000000000000000e+03 5.402424779866483817e+01
2.920000000000000000e+03 7.112852767358725714e+01
2.930000000000000000e+03 6.815596533666902701e+01
2.940000000000000000e+03 6.427371790842158816e+01
2.950000000000000000e+03 6.160230218862413665e+01
2.960000000000000000e+03 6.777809967078025011e+01
2.970000000000000000e+03 7.179424733574975903e+01
2.980000000000000000e+03 7.243172017861230927e+01
2.990000000000000000e+03 5.437604388487515905e+01
3.000000000000000000e+03 7.428306140623901399e+01
3.010000000000000000e+03 6.008230245392157087e+01
3.020000000000000000e+03 6.598159050414754745e+01
3.030000000000000000e+03 6.722657049718731059e+01
3.040000000000000000e+03 5.124288147798176141e+01
3.050000000000000000e+03 6.920866069366287832e+01
3.060000000000000000e+03 7.021655075107751998e+01
3.070000000000000000e+03 7.392811405215547893e+01
3.080000000000000000e+03 6.299287075740664221e+01
3.090000000000000000e+03 7.508795251683881133e+01
3.100000000000000000e+03 5.936558954799242116e+01
3.110000000000000000e+03 7.583698024241331836e+01
3.120000000000000000e+03 7.000759304319329601e+01
3.130000000000000000e+03 4.828051778981686937e+01
3.140000000000000000e+03 7.108630068408611180e+01
3.150000000000000000e+03 6.612631964319760414e+01
3.160000000000000000e+03 7.545590601287182153e+01
3.170000000000000000e+03 6.677324628967980402e+01
3.180000000000000000e+03 6.294588821820591562e+01
3.190000000000000000e+03 6.991259664076061142e+01
3.200000000000000000e+03 7.477660725096471594e+01
3.210000000000000000e+03 6.710687961378448563e+01
3.220000000000000000e+03 6.322572080534779815e+01
3.230000000000000000e+03 5.991706142580583361e+01
3.240000000000000000e+03 6.415036009512992621e+01
3.250000000000000000e+03 7.121120548342462087e+01
3.260000000000000000e+03 6.154007897207291933e+01
3.270000000000000000e+03 6.306265701685357783e+01
3.280000000000000000e+03 6.411603992320158341e+01
3.290000000000000000e+03 6.544524471212558581e+01
3.300000000000000000e+03 6.538302149557438270e+01
3.310000000000000000e+03 6.992153478236465958e+01
3.320000000000000000e+03 6.120541432393700632e+01
3.330000000000000000e+03 6.607555558254900063e+01
3.340000000000000000e+03 6.119802316837981238e+01
3.350000000000000000e+03 7.079495164526208839e+01
3.360000000000000000e+03 6.622521215863717714e+01
3.370000000000000000e+03 7.769576992137675120e+01
3.380000000000000000e+03 6.048016434686040554e+01
3.390000000000000000e+03 7.399320205768233905e+01
3.400000000000000000e+03 6.864945388561520190e+01
3.410000000000000000e+03 6.845974755964738279e+01
3.420000000000000000e+03 6.690875080822824827e+01
3.430000000000000000e+03 6.820432297457807636e+01
3.440000000000000000e+03 5.904507695739624751e+01
3.450000000000000000e+03 6.447385206626078968e+01
3.460000000000000000e+03 7.032793374645095241e+01
3.470000000000000000e+03 6.911240378408091090e+01
3.480000000000000000e+03 5.845057594916849553e+01
3.490000000000000000e+03 6.739513468051480061e+01
3.500000000000000000e+03 6.654412046740698372e+01
3.510000000000000000e+03 6.740688031531497870e+01
3.520000000000000000e+03 7.223301841526094336e+01
3.530000000000000000e+03 6.334329174490864034e+01
3.540000000000000000e+03 6.323448705961330774e+01
3.550000000000000000e+03 5.888413311274399575e+01
3.560000000000000000e+03 7.960096918174576786e+01
3.570000000000000000e+03 6.194739466863142496e+01
3.580000000000000000e+03 5.505992630914330732e+01
3.590000000000000000e+03 7.409301130559413195e+01
3.600000000000000000e+03 6.553743362136214046e+01
3.610000000000000000e+03 6.155090787440089173e+01
3.620000000000000000e+03 6.813247406706865661e+01
3.630000000000000000e+03 7.117952091735388365e+01
3.640000000000000000e+03 6.284372984333408141e+01
3.650000000000000000e+03 7.484392979189259165e+01
3.660000000000000000e+03 6.697171886991311851e+01
3.670000000000000000e+03 6.857972492194777203e+01
3.680000000000000000e+03 6.672924313101376015e+01
3.690000000000000000e+03 6.930663647663025984e+01
3.700000000000000000e+03 7.193914836213834008e+01
3.710000000000000000e+03 7.117533832544943095e+01
3.720000000000000000e+03 6.980213037785939889e+01
3.730000000000000000e+03 7.428059768771996119e+01
3.740000000000000000e+03 7.138624408983709202e+01
3.750000000000000000e+03 6.730082582743627029e+01
3.760000000000000000e+03 5.941881732716007036e+01
3.770000000000000000e+03 6.615250381443507877e+01
3.780000000000000000e+03 7.224906123352459986e+01
3.790000000000000000e+03 6.840325392104749369e+01
3.800000000000000000e+03 5.910432079341276790e+01
3.810000000000000000e+03 7.869489372452588327e+01
3.820000000000000000e+03 6.943641141722739007e+01
3.830000000000000000e+03 6.867122628183017241e+01
3.840000000000000000e+03 5.929563140120695408e+01
3.850000000000000000e+03 7.732214414317193985e+01
3.860000000000000000e+03 6.805346318712011566e+01
3.870000000000000000e+03 6.867483591593949654e+01
3.880000000000000000e+03 6.267224357525142864e+01
3.890000000000000000e+03 6.771421487662315997e+01
3.900000000000000000e+03 6.256240756592485042e+01
3.910000000000000000e+03 6.928028041805423243e+01
3.920000000000000000e+03 6.024158472096794270e+01
3.930000000000000000e+03 7.287937210394801468e+01
3.940000000000000000e+03 5.895976354170125688e+01
3.950000000000000000e+03 6.405032166410008188e+01
3.960000000000000000e+03 7.776910851915349099e+01
3.970000000000000000e+03 6.630353548923156382e+01
3.980000000000000000e+03 6.497203886912704718e+01
3.990000000000000000e+03 7.373714721903837699e+01
4.000000000000000000e+03 6.471197332591715679e+01
4.010000000000000000e+03 6.523130227142374338e+01
4.020000000000000000e+03 6.324325331387881022e+01
4.030000000000000000e+03 7.222356461164127950e+01
4.040000000000000000e+03 6.456300429918314876e+01
4.050000000000000000e+03 7.207522583848189868e+01
4.060000000000000000e+03 6.008367755262988652e+01
4.070000000000000000e+03 5.853101922360487208e+01
4.080000000000000000e+03 5.780215961241894007e+01
4.090000000000000000e+03 6.992611844472571647e+01
4.100000000000000000e+03 6.786776756571821068e+01
4.110000000000000000e+03 7.844909483041475085e+01
4.120000000000000000e+03 6.346452961435832663e+01
4.130000000000000000e+03 6.579268631909292253e+01
4.140000000000000000e+03 6.970237842572711884e+01
4.150000000000000000e+03 6.728443923449552244e+01
4.160000000000000000e+03 6.135524278736372139e+01
4.170000000000000000e+03 6.862458751730652295e+01
4.180000000000000000e+03 6.737977941160529838e+01
4.190000000000000000e+03 7.224218573998302872e+01
4.200000000000000000e+03 6.751488285969715264e+01
4.210000000000000000e+03 5.970936422507091379e+01
4.220000000000000000e+03 8.293363549290370429e+01
4.230000000000000000e+03 5.719986637817742547e+01
4.240000000000000000e+03 6.406791146841059970e+01
4.250000000000000000e+03 6.203202053497224000e+01
4.260000000000000000e+03 5.380108073746138331e+01
4.270000000000000000e+03 6.384738001306474331e+01
4.280000000000000000e+03 5.065399545614630483e+01
4.290000000000000000e+03 6.993660357237659753e+01
4.300000000000000000e+03 7.558642579860261890e+01
4.310000000000000000e+03 6.562721610785914095e+01
4.320000000000000000e+03 7.281325277438992316e+01
4.330000000000000000e+03 7.323953337396724805e+01
4.340000000000000000e+03 6.558934359760098687e+01
4.350000000000000000e+03 7.244031454553926608e+01
4.360000000000000000e+03 6.614963902545942176e+01
4.370000000000000000e+03 7.162384968747784342e+01
4.380000000000000000e+03 6.473552189129704004e+01
4.390000000000000000e+03 7.190580221846173004e+01
4.400000000000000000e+03 7.107128918985368671e+01
4.410000000000000000e+03 6.611583451554670887e+01
4.420000000000000000e+03 7.980448379057622788e+01
4.430000000000000000e+03 5.821239739373260846e+01
4.440000000000000000e+03 6.335652706997616690e+01
4.450000000000000000e+03 6.958108326049791970e+01
4.460000000000000000e+03 5.585742626418590362e+01
4.470000000000000000e+03 4.430000809970450604e+01
4.480000000000000000e+03 7.417345458003049430e+01
4.490000000000000000e+03 5.628181610303930427e+01
4.500000000000000000e+03 7.780297032484571673e+01
4.510000000000000000e+03 7.459790171466340780e+01
4.520000000000000000e+03 5.793210644035461598e+01
4.530000000000000000e+03 7.558562365768943891e+01
4.540000000000000000e+03 6.294640388022152422e+01
4.550000000000000000e+03 7.445202666002310821e+01
4.560000000000000000e+03 6.046744468380850890e+01
4.570000000000000000e+03 7.105220969527582042e+01
4.580000000000000000e+03 6.899294208379612314e+01
4.590000000000000000e+03 6.149624770074541402e+01
4.600000000000000000e+03 6.929357303890127184e+01
4.610000000000000000e+03 6.953782494696554295e+01
4.620000000000000000e+03 7.822672991012447596e+01
4.630000000000000000e+03 6.020737914059861851e+01
4.640000000000000000e+03 6.619094928248836140e+01
4.650000000000000000e+03 6.171654997297321188e+01
4.660000000000000000e+03 6.538771974949446530e+01
4.670000000000000000e+03 6.620361164976074519e+01
4.680000000000000000e+03 6.559868280966162501e+01
4.690000000000000000e+03 7.332507597278028300e+01
4.700000000000000000e+03 7.632892180531264614e+01
4.710000000000000000e+03 6.184472063174398215e+01
4.720000000000000000e+03 7.026771588218269926e+01
4.730000000000000000e+03 6.871969851129823326e+01
4.740000000000000000e+03 7.309383020666548703e+01
4.750000000000000000e+03 7.417929874954083402e+01
4.760000000000000000e+03 7.244157505268854891e+01
4.770000000000000000e+03 6.983576300043357321e+01
4.780000000000000000e+03 4.928044373387918853e+01
4.790000000000000000e+03 6.048789927709466951e+01
4.800000000000000000e+03 5.472308442138589868e+01
4.810000000000000000e+03 7.090690759843064939e+01
4.820000000000000000e+03 5.299722095089283869e+01
4.830000000000000000e+03 7.682928584780040637e+01
4.840000000000000000e+03 6.949691576039320751e+01
4.850000000000000000e+03 6.972844800540556776e+01
4.860000000000000000e+03 6.745735789706601793e+01
4.870000000000000000e+03 6.951490663516030111e+01
4.880000000000000000e+03 7.130688943521147394e+01
4.890000000000000000e+03 6.738138369343165834e+01
4.900000000000000000e+03 6.025648162364134208e+01
4.910000000000000000e+03 6.381151285508955340e+01
4.920000000000000000e+03 7.166332647956235746e+01
4.930000000000000000e+03 6.258200272251832530e+01
4.940000000000000000e+03 6.560899604997396750e+01
4.950000000000000000e+03 6.650859708410888516e+01
4.960000000000000000e+03 6.550105080137132063e+01
4.970000000000000000e+03 6.290240072155548745e+01
4.980000000000000000e+03 6.958515126084336089e+01
4.990000000000000000e+03 6.311387944373826997e+01
5.000000000000000000e+03 7.313267674517534545e+01
5.010000000000000000e+03 6.117327139163016625e+01
5.020000000000000000e+03 7.907178536216292741e+01
5.030000000000000000e+03 7.462523180149115376e+01
5.040000000000000000e+03 6.222000798755467343e+01
5.050000000000000000e+03 7.257112081016762772e+01
5.060000000000000000e+03 5.882001913546884708e+01
5.070000000000000000e+03 6.051860981491368818e+01
5.080000000000000000e+03 6.332077450356000980e+01
5.090000000000000000e+03 6.497318478471730430e+01
5.100000000000000000e+03 6.559243756969469530e+01
5.110000000000000000e+03 6.526396086574618494e+01
5.120000000000000000e+03 6.406733851061547114e+01
5.130000000000000000e+03 6.264078819229874995e+01
5.140000000000000000e+03 7.036763972165351788e+01
5.150000000000000000e+03 6.237178450748481850e+01
5.160000000000000000e+03 6.661654233271153203e+01
5.170000000000000000e+03 5.951770984259965758e+01
5.180000000000000000e+03 6.620550241048468365e+01
5.190000000000000000e+03 6.199678363057169861e+01
5.200000000000000000e+03 6.466751180101499585e+01
5.210000000000000000e+03 6.857376616087842081e+01
5.220000000000000000e+03 7.163513695604193288e+01
5.230000000000000000e+03 7.182644756383611195e+01
5.240000000000000000e+03 6.436550574720155282e+01
5.250000000000000000e+03 7.033320495816614937e+01
5.260000000000000000e+03 6.802378397333234261e+01
5.270000000000000000e+03 7.174462919069142686e+01
5.280000000000000000e+03 6.604622014343831893e+01
5.290000000000000000e+03 7.611687012533472796e+01
5.300000000000000000e+03 5.741128780458069514e+01
5.310000000000000000e+03 5.912741099255654120e+01
5.320000000000000000e+03 5.866125253043810517e+01
5.330000000000000000e+03 6.666971281609966127e+01
5.340000000000000000e+03 6.371027121268994620e+01
5.350000000000000000e+03 6.337537738143597466e+01
5.360000000000000000e+03 6.214191384007833818e+01
5.370000000000000000e+03 7.211596313771570976e+01
5.380000000000000000e+03 6.057372835480526874e+01
5.390000000000000000e+03 5.901327779976647747e+01
5.400000000000000000e+03 7.387064638530385707e+01
5.410000000000000000e+03 6.139832921355755957e+01
5.420000000000000000e+03 6.653816170633763249e+01
5.430000000000000000e+03 7.137524330017058105e+01
5.440000000000000000e+03 6.236502360550228730e+01
5.450000000000000000e+03 7.343130234799752998e+01
5.460000000000000000e+03 6.390851460980520216e+01
5.470000000000000000e+03 7.588980695112438468e+01
5.480000000000000000e+03 6.702305588835685057e+01
5.490000000000000000e+03 5.951404291271081348e+01
5.500000000000000000e+03 8.040694891215628104e+01
5.510000000000000000e+03 6.340855163777404613e+01
5.520000000000000000e+03 7.016481266217719792e+01
5.530000000000000000e+03 7.122707641434975301e+01
5.540000000000000000e+03 5.678642003321102294e+01
5.550000000000000000e+03 6.892951565587515006e+01
5.560000000000000000e+03 6.718405702878860097e+01
5.570000000000000000e+03 6.885279660710713756e+01
5.580000000000000000e+03 5.671073230847424185e+01
5.590000000000000000e+03 6.748251074427224694e+01
5.600000000000000000e+03 7.639532761376831616e+01
5.610000000000000000e+03 6.188138993063235205e+01
5.620000000000000000e+03 6.954321075023976562e+01
5.630000000000000000e+03 6.716205544945557904e+01
5.640000000000000000e+03 6.911882091138636497e+01
5.650000000000000000e+03 6.249984057469655596e+01
5.660000000000000000e+03 7.538726566901513593e+01
5.670000000000000000e+03 5.575417926950333225e+01
5.680000000000000000e+03 7.052434367862180409e+01
5.690000000000000000e+03 6.603917276255819502e+01
5.700000000000000000e+03 6.478187417692312522e+01
5.710000000000000000e+03 5.827857401907021995e+01
5.720000000000000000e+03 6.693115345801786020e+01
5.730000000000000000e+03 5.807798149499492268e+01
5.740000000000000000e+03 6.793806948718076910e+01
5.750000000000000000e+03 6.202634825280045305e+01
5.760000000000000000e+03 7.746710246534003375e+01
5.770000000000000000e+03 6.669887636787183283e+01
5.780000000000000000e+03 6.763354241906874620e+01
5.790000000000000000e+03 6.606524234223665815e+01
5.800000000000000000e+03 6.364953768640607734e+01
5.810000000000000000e+03 5.340808898578114849e+01
5.820000000000000000e+03 5.845109161118411834e+01
5.830000000000000000e+03 6.249067324997447059e+01
5.840000000000000000e+03 6.389281556621862279e+01
5.850000000000000000e+03 7.560997436398248794e+01
5.860000000000000000e+03 6.171649267719370613e+01
5.870000000000000000e+03 6.432494033530628030e+01
5.880000000000000000e+03 5.444044434104786490e+01
5.890000000000000000e+03 5.827765728659801425e+01
5.900000000000000000e+03 6.198412126329931482e+01
5.910000000000000000e+03 6.627838264202532059e+01
5.920000000000000000e+03 7.885996286530306065e+01
5.930000000000000000e+03 6.484873835161488387e+01
5.940000000000000000e+03 5.868228008151940855e+01
5.950000000000000000e+03 6.135421146333247577e+01
5.960000000000000000e+03 7.019191356588689246e+01
5.970000000000000000e+03 6.269235439386051922e+01
5.980000000000000000e+03 6.386926700083874664e+01
5.990000000000000000e+03 6.236817487337550148e+01
6.000000000000000000e+03 8.250443280857120953e+01
6.010000000000000000e+03 6.337503360675889752e+01
6.020000000000000000e+03 7.458157241750217281e+01
6.030000000000000000e+03 6.459216785095530611e+01
6.040000000000000000e+03 7.023431244272656215e+01
6.050000000000000000e+03 6.806664121640812937e+01
6.060000000000000000e+03 6.087252584496600605e+01
6.070000000000000000e+03 6.460918469747068116e+01
6.080000000000000000e+03 7.430586512648523012e+01
6.090000000000000000e+03 5.524797105750524651e+01
6.100000000000000000e+03 6.603447450863812662e+01
6.110000000000000000e+03 6.677719969846620529e+01
6.120000000000000000e+03 7.612454775978949328e+01
6.130000000000000000e+03 6.879962612371899411e+01
6.140000000000000000e+03 5.876851022968659066e+01
6.150000000000000000e+03 6.201185242058364366e+01
6.160000000000000000e+03 6.837775729916415912e+01
6.170000000000000000e+03 7.093320636122714973e+01
6.180000000000000000e+03 6.876874369856143687e+01
6.190000000000000000e+03 6.206181434031905297e+01
6.200000000000000000e+03 7.540313659994026807e+01
6.210000000000000000e+03 6.969321110100501926e+01
6.220000000000000000e+03 6.095394314765408694e+01
6.230000000000000000e+03 6.251943573129003795e+01
6.240000000000000000e+03 6.527387303560195164e+01
6.250000000000000000e+03 6.987627111654931866e+01
6.260000000000000000e+03 6.721929393318914947e+01
6.270000000000000000e+03 6.049506124953381914e+01
6.280000000000000000e+03 5.238633334972434596e+01
6.290000000000000000e+03 6.303097245078284061e+01
6.300000000000000000e+03 6.429382872703068585e+01
6.310000000000000000e+03 6.193289883641460847e+01
6.320000000000000000e+03 6.167581267373941500e+01
6.330000000000000000e+03 6.209160814566585884e+01
6.340000000000000000e+03 6.819635886122574675e+01
6.350000000000000000e+03 6.845951837652933136e+01
6.360000000000000000e+03 6.074504273554939004e+01
6.370000000000000000e+03 6.237230016950044842e+01
6.380000000000000000e+03 6.679771158753189297e+01
6.390000000000000000e+03 7.787063664045066957e+01
6.400000000000000000e+03 6.036293718197664049e+01
6.410000000000000000e+03 6.445488716324194911e+01
6.420000000000000000e+03 7.319352486301825422e+01
6.430000000000000000e+03 6.613984144716268077e+01
6.440000000000000000e+03 6.799748521053584227e+01
6.450000000000000000e+03 6.081992831937298405e+01
6.460000000000000000e+03 6.931723619584018081e+01
6.470000000000000000e+03 7.166292540910576747e+01
6.480000000000000000e+03 6.349059919403678265e+01
6.490000000000000000e+03 7.244724733486035007e+01
6.500000000000000000e+03 6.540026752520782338e+01
6.510000000000000000e+03 7.388686109090605214e+01
6.520000000000000000e+03 6.382789944803029414e+01
6.530000000000000000e+03 7.275910826275006116e+01
6.540000000000000000e+03 6.190402176354002250e+01
6.550000000000000000e+03 7.171838772367442516e+01
6.560000000000000000e+03 7.725556644737773127e+01
6.570000000000000000e+03 6.268232763244572681e+01
6.580000000000000000e+03 6.953347046772253748e+01
6.590000000000000000e+03 5.840628631160488737e+01
6.600000000000000000e+03 7.048624198524558437e+01
6.610000000000000000e+03 6.336855918367391638e+01
6.620000000000000000e+03 6.291334421544247846e+01
6.630000000000000000e+03 6.399434368751580138e+01
6.640000000000000000e+03 6.071736887404456695e+01
6.650000000000000000e+03 6.145287479565400446e+01
6.660000000000000000e+03 7.505506473939828993e+01
6.670000000000000000e+03 6.096769413473722921e+01
6.680000000000000000e+03 5.949324454474757573e+01
6.690000000000000000e+03 6.469421163426810040e+01
6.700000000000000000e+03 6.380818969987780065e+01
6.710000000000000000e+03 6.738264420058094117e+01
6.720000000000000000e+03 5.849148513574083807e+01
6.730000000000000000e+03 6.473615214487168146e+01
6.740000000000000000e+03 7.115975387342187730e+01
6.750000000000000000e+03 6.080955778328111450e+01
6.760000000000000000e+03 6.085287339259301831e+01
6.770000000000000000e+03 6.473775642669805563e+01
6.780000000000000000e+03 7.651811246926484955e+01
6.790000000000000000e+03 6.030776134630555418e+01
6.800000000000000000e+03 6.037594332392610852e+01
6.810000000000000000e+03 5.584235747417395856e+01
6.820000000000000000e+03 6.955827954025171778e+01
6.830000000000000000e+03 7.378269736375128218e+01
6.840000000000000000e+03 7.485493058155910262e+01
6.850000000000000000e+03 7.027642484066869599e+01
6.860000000000000000e+03 7.353174184948397851e+01
6.870000000000000000e+03 6.430769430567285383e+01
6.880000000000000000e+03 7.065371754876233013e+01
6.890000000000000000e+03 7.135009045296433783e+01
6.900000000000000000e+03 7.009393778291952515e+01
6.910000000000000000e+03 6.340041563708319217e+01
6.920000000000000000e+03 7.685976720250135941e+01
6.930000000000000000e+03 6.499489988515276195e+01
6.940000000000000000e+03 7.222591373860132080e+01
6.950000000000000000e+03 6.143717575206742509e+01
6.960000000000000000e+03 5.567574134734991986e+01
6.970000000000000000e+03 7.024319328855109745e+01
6.980000000000000000e+03 6.985071719888648545e+01
6.990000000000000000e+03 5.420472950413104485e+01
7.000000000000000000e+03 7.385907263784220333e+01
7.010000000000000000e+03 4.617547085050622968e+01
7.020000000000000000e+03 7.123950959850408537e+01
7.030000000000000000e+03 6.408676177987040035e+01
7.040000000000000000e+03 6.560194866909387201e+01
7.050000000000000000e+03 7.149510607091194458e+01
7.060000000000000000e+03 6.262927174061660907e+01
7.070000000000000000e+03 5.890819734013948050e+01
7.080000000000000000e+03 7.592997129256306721e+01
7.090000000000000000e+03 5.702964061724405553e+01
7.100000000000000000e+03 7.522254030291503568e+01
7.110000000000000000e+03 6.238885864977972773e+01
7.120000000000000000e+03 6.899191075976490595e+01
7.130000000000000000e+03 5.908266298875682310e+01
7.140000000000000000e+03 6.300782495585954734e+01
7.150000000000000000e+03 6.521468649536494411e+01
7.160000000000000000e+03 6.826895261386883362e+01
7.170000000000000000e+03 7.528631050551310011e+01
7.180000000000000000e+03 6.113293516285295226e+01
7.190000000000000000e+03 6.588069263642501028e+01
7.200000000000000000e+03 7.082291198566447576e+01
7.210000000000000000e+03 6.741896972479224814e+01
7.220000000000000000e+03 6.614940984234137034e+01
7.230000000000000000e+03 6.107288918592324478e+01
7.240000000000000000e+03 6.201408695598464504e+01
7.250000000000000000e+03 7.431583459212050968e+01
7.260000000000000000e+03 5.359481593121427778e+01
7.270000000000000000e+03 7.274449783897422606e+01
7.280000000000000000e+03 6.629448275606848995e+01
7.290000000000000000e+03 6.237780056433369680e+01
7.300000000000000000e+03 7.410435586993772006e+01
7.310000000000000000e+03 5.511303949675193792e+01
7.320000000000000000e+03 8.039995882705568420e+01
7.330000000000000000e+03 6.509763121781972472e+01
7.340000000000000000e+03 6.702059216983778356e+01
7.350000000000000000e+03 5.968862315288718179e+01
7.360000000000000000e+03 7.332524786011883577e+01
7.370000000000000000e+03 6.731360278626769400e+01
7.380000000000000000e+03 6.318578564702718836e+01
7.390000000000000000e+03 5.788747302811392359e+01
7.400000000000000000e+03 6.589536035598035824e+01
7.410000000000000000e+03 6.561025655712326454e+01
7.420000000000000000e+03 7.329350599826857149e+01
7.430000000000000000e+03 6.939567411799357899e+01
7.440000000000000000e+03 7.603614037200080134e+01
7.450000000000000000e+03 6.011988848528215357e+01
7.460000000000000000e+03 6.133347039114874377e+01
7.470000000000000000e+03 8.203529496591808368e+01
7.480000000000000000e+03 6.897466473013145105e+01
7.490000000000000000e+03 7.649731410130159759e+01
7.500000000000000000e+03 5.987747004216229385e+01
7.510000000000000000e+03 7.568365673643631908e+01
7.520000000000000000e+03 5.884987023659516581e+01
7.530000000000000000e+03 5.721138282985955215e+01
7.540000000000000000e+03 5.214580566732843181e+01
7.550000000000000000e+03 6.362684855771889403e+01
7.560000000000000000e+03 7.057315968276694207e+01
7.570000000000000000e+03 6.837426225661387491e+01
7.580000000000000000e+03 6.707296051231274703e+01
7.590000000000000000e+03 7.003853276413036610e+01
7.600000000000000000e+03 6.178335685188546478e+01
7.610000000000000000e+03 6.826568675443658663e+01
7.620000000000000000e+03 6.586476440972037949e+01
7.630000000000000000e+03 6.105409617024296409e+01
7.640000000000000000e+03 6.453406993052904284e+01
7.650000000000000000e+03 7.263517749166325643e+01
7.660000000000000000e+03 7.050767060678349196e+01
7.670000000000000000e+03 7.533409518562700669e+01
7.680000000000000000e+03 5.360066010072461751e+01
7.690000000000000000e+03 7.745913835198771835e+01
7.700000000000000000e+03 6.556298753902497367e+01
7.710000000000000000e+03 6.487509441019091128e+01
7.720000000000000000e+03 6.928606729178505930e+01
7.730000000000000000e+03 6.841901026041358591e+01
7.740000000000000000e+03 6.221393463492628939e+01
7.750000000000000000e+03 6.816622128120185664e+01
7.760000000000000000e+03 6.893415661401570560e+01
7.770000000000000000e+03 7.876376325150059188e+01
7.780000000000000000e+03 5.350852848726757571e+01
7.790000000000000000e+03 5.940500904429742235e+01
7.800000000000000000e+03 6.272661727000934917e+01
7.810000000000000000e+03 6.602175484558621577e+01
7.820000000000000000e+03 6.209682206160153584e+01
7.830000000000000000e+03 6.793199613455239216e+01
7.840000000000000000e+03 7.103049459484036277e+01
7.850000000000000000e+03 7.103490636986286688e+01
7.860000000000000000e+03 7.112829849046919151e+01
7.870000000000000000e+03 7.045541685586755420e+01
7.880000000000000000e+03 6.200320075787716689e+01
7.890000000000000000e+03 6.862481670042457438e+01
7.900000000000000000e+03 8.093481492881031159e+01
7.910000000000000000e+03 7.201764358007126532e+01
7.920000000000000000e+03 7.061034464367092767e+01
7.930000000000000000e+03 6.277726673909890565e+01
7.940000000000000000e+03 6.439776327106741860e+01
7.950000000000000000e+03 6.694192506456633396e+01
7.960000000000000000e+03 5.255060034958835757e+01
7.970000000000000000e+03 6.925025742958938224e+01
7.980000000000000000e+03 5.831610275465129689e+01
7.990000000000000000e+03 4.958554375978634710e+01
8.000000000000000000e+03 5.244523341106379632e+01
8.010000000000000000e+03 6.465519320841970341e+01
8.020000000000000000e+03 6.424077283520156811e+01
8.030000000000000000e+03 7.364438535200669378e+01
8.040000000000000000e+03 6.134051777202886058e+01
8.050000000000000000e+03 7.079793102579677111e+01
8.060000000000000000e+03 7.365200569068193204e+01
8.070000000000000000e+03 7.050096700058045940e+01
8.080000000000000000e+03 7.066534859200349672e+01
8.090000000000000000e+03 6.409696042862373133e+01
8.100000000000000000e+03 6.954091891905925138e+01
8.110000000000000000e+03 6.250620040622252560e+01
8.120000000000000000e+03 6.828934991137548138e+01
8.130000000000000000e+03 6.259638396317610898e+01
8.140000000000000000e+03 6.718233815540321530e+01
8.150000000000000000e+03 6.628359655796101890e+01
8.160000000000000000e+03 7.122908176663270297e+01
8.170000000000000000e+03 6.200537799749866252e+01
8.180000000000000000e+03 7.018366297363701278e+01
8.190000000000000000e+03 5.155187761689582260e+01
8.200000000000000000e+03 8.167822766799255874e+01
8.210000000000000000e+03 6.258165894784124106e+01
8.220000000000000000e+03 6.884718162071484926e+01
8.230000000000000000e+03 6.626348573935192121e+01
8.240000000000000000e+03 6.852861708662211981e+01
8.250000000000000000e+03 6.488311581932273953e+01
8.260000000000000000e+03 6.621713345372583603e+01
8.270000000000000000e+03 6.648527770184706753e+01
8.280000000000000000e+03 5.973583487520595270e+01
8.290000000000000000e+03 7.785195821632940749e+01
8.300000000000000000e+03 5.678006020168506751e+01
8.310000000000000000e+03 6.648791330770465891e+01
8.320000000000000000e+03 7.295442957511015436e+01
8.330000000000000000e+03 5.694965570904379604e+01
8.340000000000000000e+03 7.027808641827456881e+01
8.350000000000000000e+03 5.950768308118486516e+01
8.360000000000000000e+03 7.285112528464807724e+01
8.370000000000000000e+03 7.019242922790250816e+01
8.380000000000000000e+03 5.728008046949573639e+01
8.390000000000000000e+03 7.227472974274647299e+01
8.400000000000000000e+03 6.762334377031541521e+01
8.410000000000000000e+03 6.768184276119826848e+01
8.420000000000000000e+03 7.404505473814167260e+01
8.430000000000000000e+03 6.615508212451317149e+01
8.440000000000000000e+03 6.985925427003392940e+01
8.450000000000000000e+03 6.033050777077224325e+01
8.460000000000000000e+03 7.036110800278902389e+01
8.470000000000000000e+03 7.005285670900863693e+01
8.480000000000000000e+03 6.967642343760769563e+01
8.490000000000000000e+03 6.135306554774222576e+01
8.500000000000000000e+03 7.896911132527549171e+01
8.510000000000000000e+03 7.500590496057606060e+01
8.520000000000000000e+03 7.441736271341768827e+01
8.530000000000000000e+03 7.851767787849190938e+01
8.540000000000000000e+03 6.420375976163612108e+01
8.550000000000000000e+03 7.694336174481095725e+01
8.560000000000000000e+03 7.166481616982970593e+01
8.570000000000000000e+03 6.951089593059440119e+01
8.580000000000000000e+03 6.727481354353733423e+01
8.590000000000000000e+03 7.043645195284872784e+01
8.600000000000000000e+03 5.972936045212097866e+01
8.610000000000000000e+03 7.424318354369790995e+01
8.620000000000000000e+03 7.169397972160186328e+01
8.630000000000000000e+03 7.232566569073358664e+01
8.640000000000000000e+03 6.927128498067068563e+01
8.650000000000000000e+03 7.189606193594450190e+01
8.660000000000000000e+03 6.941469631679191821e+01
8.670000000000000000e+03 6.651575905654802057e+01
8.680000000000000000e+03 7.023310923135680639e+01
8.690000000000000000e+03 6.236341932367591312e+01
8.700000000000000000e+03 6.739192611686206646e+01
8.710000000000000000e+03 6.256000114318529626e+01
8.720000000000000000e+03 6.576713240143008932e+01
8.730000000000000000e+03 7.004282994759384451e+01
8.740000000000000000e+03 5.411786910238921422e+01
8.750000000000000000e+03 5.355425051931901947e+01
8.760000000000000000e+03 6.065589050262703807e+01
8.770000000000000000e+03 6.974248547138627430e+01
8.780000000000000000e+03 7.257478774005647892e+01
8.790000000000000000e+03 6.261718233113935383e+01
8.800000000000000000e+03 5.916482513657858533e+01
8.810000000000000000e+03 7.578312220967103485e+01
8.820000000000000000e+03 6.168137036435218334e+01
8.830000000000000000e+03 5.357831474671451844e+01
8.840000000000000000e+03 6.057974441165414703e+01
8.850000000000000000e+03 7.745816432373599980e+01
8.860000000000000000e+03 6.124689646830447742e+01
8.870000000000000000e+03 7.551354556706198196e+01
8.880000000000000000e+03 7.119579291873560578e+01
8.890000000000000000e+03 7.482823074830599808e+01
8.900000000000000000e+03 5.993808897688713699e+01
8.910000000000000000e+03 6.480421953093321008e+01
8.920000000000000000e+03 6.498888382830388366e+01
8.930000000000000000e+03 5.801449777129443675e+01
8.940000000000000000e+03 6.121595674736741444e+01
8.950000000000000000e+03 6.356170325641252106e+01
8.960000000000000000e+03 5.850569448906008319e+01
8.970000000000000000e+03 7.137558707484765819e+01
8.980000000000000000e+03 6.568984039486693405e+01
8.990000000000000000e+03 7.509322372855400829e+01
9.000000000000000000e+03 5.667927692552155605e+01
9.010000000000000000e+03 5.989311178996936746e+01
9.020000000000000000e+03 6.845974755964738279e+01
9.030000000000000000e+03 6.793056374006457077e+01
9.040000000000000000e+03 5.662811179441636966e+01
9.050000000000000000e+03 6.339944160883147362e+01
9.060000000000000000e+03 5.503924253273908818e+01
9.070000000000000000e+03 6.183893375801316239e+01
9.080000000000000000e+03 6.397492041826087217e+01
9.090000000000000000e+03 6.869700938261107126e+01
9.100000000000000000e+03 6.305962034053937515e+01
9.110000000000000000e+03 5.920504677379676650e+01
9.120000000000000000e+03 8.029694101549117136e+01
9.130000000000000000e+03 6.256349618573559468e+01
9.140000000000000000e+03 7.173958716209426711e+01
9.150000000000000000e+03 6.905167025779704204e+01
9.160000000000000000e+03 6.384543195656130621e+01
9.170000000000000000e+03 7.100952433953857224e+01
9.180000000000000000e+03 6.013512916263263008e+01
9.190000000000000000e+03 6.829863182765660667e+01
9.200000000000000000e+03 7.202377422847916932e+01
9.210000000000000000e+03 7.440057505002035043e+01
9.220000000000000000e+03 6.036780732323526166e+01
9.230000000000000000e+03 6.981473544935226982e+01
9.240000000000000000e+03 6.567425594283936618e+01
9.250000000000000000e+03 6.874679941500794200e+01
9.260000000000000000e+03 8.423900523755025915e+01
9.270000000000000000e+03 6.596990216512688221e+01
9.280000000000000000e+03 6.633000613936660272e+01
9.290000000000000000e+03 5.088804871545724495e+01
9.300000000000000000e+03 6.317862367458805295e+01
9.310000000000000000e+03 6.868388864910257041e+01
9.320000000000000000e+03 7.348114967617392779e+01
9.330000000000000000e+03 6.970856636991453570e+01
9.340000000000000000e+03 6.513137843195292476e+01
9.350000000000000000e+03 7.395074588506314228e+01
9.360000000000000000e+03 5.766327464287923021e+01
9.370000000000000000e+03 6.803060217109440089e+01
9.380000000000000000e+03 5.293717497396312410e+01
9.390000000000000000e+03 7.216936280422190464e+01
9.400000000000000000e+03 5.176633571961328784e+01
9.410000000000000000e+03 5.865947636127319242e+01
9.420000000000000000e+03 6.431422602453734783e+01
9.430000000000000000e+03 6.145029648557592594e+01
9.440000000000000000e+03 6.335939185895183101e+01
9.450000000000000000e+03 5.841963622823143254e+01
9.460000000000000000e+03 6.833787943662305508e+01
9.470000000000000000e+03 6.791480740069846433e+01
9.480000000000000000e+03 6.885411441003593325e+01
9.490000000000000000e+03 6.419058173234810738e+01
9.500000000000000000e+03 6.625025041428439465e+01
9.510000000000000000e+03 6.742830893685288629e+01
9.520000000000000000e+03 6.806681310374666793e+01
9.530000000000000000e+03 6.433863402660992392e+01
9.540000000000000000e+03 7.480691671832714462e+01
9.550000000000000000e+03 6.937178177793663281e+01
9.560000000000000000e+03 6.897214371583288539e+01
9.570000000000000000e+03 6.472486487630760621e+01
9.580000000000000000e+03 6.436739650792549128e+01
9.590000000000000000e+03 7.563065814038671419e+01
9.600000000000000000e+03 6.626537650007584546e+01
9.610000000000000000e+03 6.987088531327508178e+01
9.620000000000000000e+03 5.745935896359217310e+01
9.630000000000000000e+03 6.670122549483185992e+01
9.640000000000000000e+03 7.345244449063787329e+01
9.650000000000000000e+03 6.048497719233951386e+01
9.660000000000000000e+03 6.834137447917335351e+01
9.670000000000000000e+03 6.849131753415910850e+01
9.680000000000000000e+03 5.509533510088239439e+01
9.690000000000000000e+03 8.069119327432069610e+01
9.700000000000000000e+03 6.888253311667442347e+01
9.710000000000000000e+03 7.281892505656171011e+01
9.720000000000000000e+03 6.365051171465779589e+01
9.730000000000000000e+03 6.428947424778769459e+01
9.740000000000000000e+03 7.684131796149814875e+01
9.750000000000000000e+03 6.786306931179814228e+01
9.760000000000000000e+03 8.367630338695227010e+01
9.770000000000000000e+03 6.958772957092143940e+01
9.780000000000000000e+03 6.762999008073893492e+01
9.790000000000000000e+03 4.767856833025243191e+01
9.800000000000000000e+03 5.547921682362004958e+01
9.810000000000000000e+03 6.067800667351908572e+01
9.820000000000000000e+03 6.052708959028162639e+01
9.830000000000000000e+03 5.936759490027537822e+01
9.840000000000000000e+03 7.014882713969305428e+01
9.850000000000000000e+03 6.665069061730132205e+01
9.860000000000000000e+03 7.545252556188053461e+01
9.870000000000000000e+03 6.618768342305610020e+01
9.880000000000000000e+03 7.665688284724554080e+01
9.890000000000000000e+03 6.834698946556564181e+01
9.900000000000000000e+03 6.572708265155043250e+01
9.910000000000000000e+03 7.167151977603272428e+01
9.920000000000000000e+03 6.504864332633603397e+01
9.930000000000000000e+03 7.454902841473875696e+01
9.940000000000000000e+03 6.158603018724240741e+01
9.950000000000000000e+03 6.809288268342511685e+01
9.960000000000000000e+03 6.507270755373153293e+01
9.970000000000000000e+03 7.243830919325630191e+01
9.980000000000000000e+03 7.414125435194414138e+01
9.990000000000000000e+03 6.385116153451261312e+01
