0.000000000000000000e+00 -1.342382818212005873e+02
1.000000000000000000e+01 -1.275562188312668610e+02
2.000000000000000000e+01 -1.298246733337488195e+02
3.000000000000000000e+01 -1.168836193898060003e+02
4.000000000000000000e+01 -1.318108888263493270e+02
5.000000000000000000e+01 -1.209627351164603652e+02
6.000000000000000000e+01 -1.279284695107633496e+02
7.000000000000000000e+01 -1.360571936376228734e+02
8.000000000000000000e+01 -1.352909771781944528e+02
9.000000000000000000e+01 -1.408844776531591094e+02
1.000000000000000000e+02 -1.384618975037869575e+02
1.100000000000000000e+02 -1.388345492537400219e+02
1.200000000000000000e+02 -1.307431246793435378e+02
1.300000000000000000e+02 -1.391531710836123068e+02
1.400000000000000000e+02 -1.300311673231139480e+02
1.500000000000000000e+02 -1.328204404613698273e+02
1.600000000000000000e+02 -1.419016496268548337e+02
1.700000000000000000e+02 -1.267292115497750302e+02
1.800000000000000000e+02 -1.387843581508865896e+02
1.900000000000000000e+02 -1.407461083456350082e+02
2.000000000000000000e+02 -1.402152629484462807e+02
2.100000000000000000e+02 -1.287628106520328686e+02
2.200000000000000000e+02 -1.164657039740375524e+02
2.300000000000000000e+02 -1.442573083057557142e+02
2.400000000000000000e+02 -1.251408006543338445e+02
2.500000000000000000e+02 -1.294515632175596238e+02
2.600000000000000000e+02 -1.441316013655040251e+02
2.700000000000000000e+02 -1.543373547954922742e+02
2.800000000000000000e+02 -1.542801163117587180e+02
2.900000000000000000e+02 -1.368309731399470763e+02
3.000000000000000000e+02 -1.153673438807717702e+02
3.100000000000000000e+02 -1.201435773567618241e+02
3.200000000000000000e+02 -1.387624138673330663e+02
3.300000000000000000e+02 -1.392384272035277490e+02
3.400000000000000000e+02 -1.348767859880943547e+02
3.500000000000000000e+02 -1.370119132116493859e+02
3.600000000000000000e+02 -1.382409076822049769e+02
3.700000000000000000e+02 -1.574840390063507698e+02
3.800000000000000000e+02 -1.404603742932032731e+02
3.900000000000000000e+02 -1.405327961585078071e+02
4.000000000000000000e+02 -1.438075364365780047e+02
4.100000000000000000e+02 -1.361850778174960794e+02
4.200000000000000000e+02 -1.477668466882705616e+02
4.300000000000000000e+02 -1.315937951177742491e+02
4.400000000000000000e+02 -1.425880530654215761e+02
4.500000000000000000e+02 -1.413069194355090588e+02
4.600000000000000000e+02 -1.393359446202590277e+02
4.700000000000000000e+02 -1.281253951049498028e+02
4.800000000000000000e+02 -1.486044536889723133e+02
4.900000000000000000e+02 -1.455146641871702968e+02
5.000000000000000000e+02 -1.415174814252196427e+02
5.100000000000000000e+02 -1.291317381763175831e+02
5.200000000000000000e+02 -1.454390910539925414e+02
5.300000000000000000e+02 -1.488972351222841439e+02
5.400000000000000000e+02 -1.383715420594948284e+02
5.500000000000000000e+02 -1.347324579195009164e+02
5.600000000000000000e+02 -1.322972154028563807e+02
5.700000000000000000e+02 -1.369054003575345746e+02
5.800000000000000000e+02 -1.423404207063660465e+02
5.900000000000000000e+02 -1.255637008029199109e+02
6.000000000000000000e+02 -1.196619490341748673e+02
6.100000000000000000e+02 -1.310019297154041169e+02
6.200000000000000000e+02 -1.515873292662028575e+02
6.300000000000000000e+02 -1.283692459425575123e+02
6.400000000000000000e+02 -1.304058244253500050e+02
6.500000000000000000e+02 -1.411906662988770051e+02
6.600000000000000000e+02 -1.447259877821727230e+02
6.700000000000000000e+02 -1.373149505894940603e+02
6.800000000000000000e+02 -1.260844048471348202e+02
6.900000000000000000e+02 -1.269619470061571747e+02
7.000000000000000000e+02 -1.446228553790491844e+02
7.100000000000000000e+02 -1.321084258093607673e+02
7.200000000000000000e+02 -1.215804982111704362e+02
7.300000000000000000e+02 -1.350454647629808562e+02
7.400000000000000000e+02 -1.386501714352669410e+02
7.500000000000000000e+02 -1.317374356370135615e+02
7.600000000000000000e+02 -1.284749566557591436e+02
7.700000000000000000e+02 -1.301118397806683902e+02
7.800000000000000000e+02 -1.329923277999090772e+02
7.900000000000000000e+02 -1.336689336601790785e+02
8.000000000000000000e+02 -1.260045345304935580e+02
8.100000000000000000e+02 -1.398227295630021842e+02
8.200000000000000000e+02 -1.436148507300755170e+02
8.300000000000000000e+02 -1.333927680029260046e+02
8.400000000000000000e+02 -1.383091469556050583e+02
8.500000000000000000e+02 -1.398432987478473706e+02
8.600000000000000000e+02 -1.304919399819581827e+02
8.700000000000000000e+02 -1.451261415062921003e+02
8.800000000000000000e+02 -1.451308397602121829e+02
8.900000000000000000e+02 -1.309102564681831780e+02
9.000000000000000000e+02 -1.298179697275457727e+02
9.100000000000000000e+02 -1.340828383713815697e+02
9.200000000000000000e+02 -1.360352493540693786e+02
9.300000000000000000e+02 -1.361998601286104815e+02
9.400000000000000000e+02 -1.352614125559656770e+02
9.500000000000000000e+02 -1.370424518621298375e+02
9.600000000000000000e+02 -1.284948382912501756e+02
9.700000000000000000e+02 -1.366594868718644022e+02
9.800000000000000000e+02 -1.491880684990925658e+02
9.900000000000000000e+02 -1.368679862135124949e+02
1.000000000000000000e+03 -1.339263063017518220e+02
1.010000000000000000e+03 -1.390154893254423598e+02
1.020000000000000000e+03 -1.459751503671169530e+02
1.030000000000000000e+03 -1.483188915238790742e+02
1.040000000000000000e+03 -1.488595917951440413e+02
1.050000000000000000e+03 -1.422294960772287027e+02
1.060000000000000000e+03 -1.319607745855555549e+02
1.070000000000000000e+03 -1.279936148120697226e+02
1.080000000000000000e+03 -1.340146563937610154e+02
1.090000000000000000e+03 -1.358594086067437274e+02
1.100000000000000000e+03 -1.252192958722667697e+02
1.110000000000000000e+03 -1.135626987134482277e+02
1.120000000000000000e+03 -1.237729212142385364e+02
1.130000000000000000e+03 -1.281017892437904209e+02
1.140000000000000000e+03 -1.448194371985585462e+02
1.150000000000000000e+03 -1.376779193527094378e+02
1.160000000000000000e+03 -1.274696449084225947e+02
1.170000000000000000e+03 -1.310925143428142974e+02
1.180000000000000000e+03 -1.433899647954866623e+02
1.190000000000000000e+03 -1.520428880091114081e+02
1.200000000000000000e+03 -1.560739325767542880e+02
1.210000000000000000e+03 -1.181103793249606042e+02
1.220000000000000000e+03 -1.148966017562922843e+02
1.230000000000000000e+03 -1.335035780405043226e+02
1.240000000000000000e+03 -1.460320450761734321e+02
1.250000000000000000e+03 -1.271954273076729720e+02
1.260000000000000000e+03 -1.293652184778334231e+02
1.270000000000000000e+03 -1.277672964829930606e+02
1.280000000000000000e+03 -1.418951752037698668e+02
1.290000000000000000e+03 -1.346673126181945293e+02
1.300000000000000000e+03 -1.352282382996276056e+02
1.310000000000000000e+03 -1.327998139807451423e+02
1.320000000000000000e+03 -1.249206129736650865e+02
1.330000000000000000e+03 -1.376533394632983232e+02
1.340000000000000000e+03 -1.258123071902271732e+02
1.350000000000000000e+03 -1.445183478772173089e+02
1.360000000000000000e+03 -1.377820257840847091e+02
1.370000000000000000e+03 -1.382003995660892599e+02
1.380000000000000000e+03 -1.426772052983439494e+02
1.390000000000000000e+03 -1.392823157706347672e+02
1.400000000000000000e+03 -1.451787390318851010e+02
1.410000000000000000e+03 -1.368773827213526602e+02
1.420000000000000000e+03 -1.445914572918760257e+02
1.430000000000000000e+03 -1.335832764698070321e+02
1.440000000000000000e+03 -1.343269756878868293e+02
1.450000000000000000e+03 -1.297062429574952773e+02
1.460000000000000000e+03 -1.222871270599052735e+02
1.470000000000000000e+03 -1.251698496145469903e+02
1.480000000000000000e+03 -1.398891926672373245e+02
1.490000000000000000e+03 -1.474418650268723354e+02
1.500000000000000000e+03 -1.401911987210507959e+02
1.510000000000000000e+03 -1.358285261815861702e+02
1.520000000000000000e+03 -1.280404254639319106e+02
1.530000000000000000e+03 -1.399352011781863609e+02
1.540000000000000000e+03 -1.415260757921465711e+02
1.550000000000000000e+03 -1.547731464944687900e+02
1.560000000000000000e+03 -1.352078410021209436e+02
1.570000000000000000e+03 -1.371322916444063651e+02
1.580000000000000000e+03 -1.532224935177267469e+02
1.590000000000000000e+03 -1.415208045804313883e+02
1.600000000000000000e+03 -1.277126936051170958e+02
1.610000000000000000e+03 -1.354081470472986837e+02
1.620000000000000000e+03 -1.413979051333758150e+02
1.630000000000000000e+03 -1.381484322940708580e+02
1.640000000000000000e+03 -1.437202749643795983e+02
1.650000000000000000e+03 -1.425711508104652125e+02
1.660000000000000000e+03 -1.288210231640181576e+02
1.670000000000000000e+03 -1.333495096893936420e+02
1.680000000000000000e+03 -1.295464450284332827e+02
1.690000000000000000e+03 -1.267580886226496375e+02
1.700000000000000000e+03 -1.497614846604594732e+02
1.710000000000000000e+03 -1.232209336744094941e+02
1.720000000000000000e+03 -1.262471248609519705e+02
1.730000000000000000e+03 -1.532564126191984712e+02
1.740000000000000000e+03 -1.554358867760965950e+02
1.750000000000000000e+03 -1.328571670560377243e+02
1.760000000000000000e+03 -1.194160355485047234e+02
1.770000000000000000e+03 -1.337793999230802910e+02
1.780000000000000000e+03 -1.481629897078240106e+02
1.790000000000000000e+03 -1.275026472774221133e+02
1.800000000000000000e+03 -1.257786745676529989e+02
1.810000000000000000e+03 -1.058337272402514770e+02
1.820000000000000000e+03 -1.272742663002829886e+02
1.830000000000000000e+03 -1.134985847361730862e+02
1.840000000000000000e+03 -1.180517657425186968e+02
1.850000000000000000e+03 -1.431006211089456315e+02
1.860000000000000000e+03 -1.315229202385165763e+02
1.870000000000000000e+03 -1.246783091221042525e+02
1.880000000000000000e+03 -1.238362330506004838e+02
1.890000000000000000e+03 -1.332910679942903016e+02
1.900000000000000000e+03 -1.404905118732271490e+02
1.910000000000000000e+03 -1.336998733811161344e+02
1.920000000000000000e+03 -1.270458853231438496e+02
1.930000000000000000e+03 -1.447074239496105008e+02
1.940000000000000000e+03 -1.492867891271936003e+02
1.950000000000000000e+03 -1.414549717297708469e+02
1.960000000000000000e+03 -1.334338490768369070e+02
1.970000000000000000e+03 -1.297357502839445260e+02
1.980000000000000000e+03 -1.480112704836733428e+02
1.990000000000000000e+03 -1.426938210744027060e+02
2.000000000000000000e+03 -1.429800707888500995e+02
2.010000000000000000e+03 -1.225363637007871915e+02
2.020000000000000000e+03 -1.327653219214782609e+02
2.030000000000000000e+03 -1.301014692445765206e+02
2.040000000000000000e+03 -1.235703233378802821e+02
2.050000000000000000e+03 -1.141855611325349429e+02
2.060000000000000000e+03 -1.351385131089101321e+02
2.070000000000000000e+03 -1.309866317422741133e+02
2.080000000000000000e+03 -1.082859866034114020e+02
2.090000000000000000e+03 -1.344190500055643440e+02
2.100000000000000000e+03 -1.341303938683774390e+02
2.110000000000000000e+03 -1.429310256015868674e+02
2.120000000000000000e+03 -1.336774707313265083e+02
2.130000000000000000e+03 -1.287785669913989466e+02
2.140000000000000000e+03 -1.331891388025365188e+02
2.150000000000000000e+03 -1.348409761258986919e+02
2.160000000000000000e+03 -1.437670283204622876e+02
2.170000000000000000e+03 -1.272755841032117843e+02
2.180000000000000000e+03 -1.341172731348689240e+02
2.190000000000000000e+03 -1.424491108001023463e+02
2.200000000000000000e+03 -1.403126084778390066e+02
2.210000000000000000e+03 -1.396561707319576442e+02
2.220000000000000000e+03 -1.447680428843353297e+02
2.230000000000000000e+03 -1.276854208140688485e+02
2.240000000000000000e+03 -1.398952087240862170e+02
2.250000000000000000e+03 -1.259125175085955561e+02
2.260000000000000000e+03 -1.399476343623406649e+02
2.270000000000000000e+03 -1.404028493305721383e+02
2.280000000000000000e+03 -1.523491912463883295e+02
2.290000000000000000e+03 -1.403338079162588770e+02
2.300000000000000000e+03 -1.322910274586689638e+02
2.310000000000000000e+03 -1.388483575366026912e+02
2.320000000000000000e+03 -1.471878728362908362e+02
2.330000000000000000e+03 -1.458478964408184027e+02
2.340000000000000000e+03 -1.322522955117181027e+02
2.350000000000000000e+03 -1.386167107000312910e+02
2.360000000000000000e+03 -1.317000787887710374e+02
2.370000000000000000e+03 -1.420031777481520123e+02
2.380000000000000000e+03 -1.448757016540403981e+02
2.390000000000000000e+03 -1.379393026988481097e+02
2.400000000000000000e+03 -1.318126076997347127e+02
2.410000000000000000e+03 -1.214817775830693876e+02
2.420000000000000000e+03 -1.426262693503567789e+02
2.430000000000000000e+03 -1.486618067642648953e+02
2.440000000000000000e+03 -1.403492204809478778e+02
2.450000000000000000e+03 -1.392353905272135535e+02
2.460000000000000000e+03 -1.292844314287199552e+02
2.470000000000000000e+03 -1.404426698973337295e+02
2.480000000000000000e+03 -1.400946553325712500e+02
2.490000000000000000e+03 -1.352777418531269120e+02
2.500000000000000000e+03 -1.408676326939822445e+02
2.510000000000000000e+03 -1.411855669745003468e+02
2.520000000000000000e+03 -1.380120683388297209e+02
2.530000000000000000e+03 -1.298388253912885659e+02
2.540000000000000000e+03 -1.276881710114854798e+02
2.550000000000000000e+03 -1.422177504424285246e+02
2.560000000000000000e+03 -1.429880921979819277e+02
2.570000000000000000e+03 -1.309743131496788067e+02
2.580000000000000000e+03 -1.360618345957634574e+02
2.590000000000000000e+03 -1.282485810309029546e+02
2.600000000000000000e+03 -1.308253441229447844e+02
2.610000000000000000e+03 -1.226153745807357325e+02
2.620000000000000000e+03 -1.313649557743990215e+02
2.630000000000000000e+03 -1.287708320611646968e+02
2.640000000000000000e+03 -1.265098260100194238e+02
2.650000000000000000e+03 -1.345574193130884453e+02
2.660000000000000000e+03 -1.441819070599165116e+02
2.670000000000000000e+03 -1.306162145277220361e+02
2.680000000000000000e+03 -1.286057056246079924e+02
2.690000000000000000e+03 -1.373560889591844614e+02
2.700000000000000000e+03 -1.278519796451133885e+02
2.710000000000000000e+03 -1.156137730284575582e+02
2.720000000000000000e+03 -1.335222564646255705e+02
2.730000000000000000e+03 -1.416611792402384253e+02
2.740000000000000000e+03 -1.460312429352602521e+02
2.750000000000000000e+03 -1.452023448930444829e+02
2.760000000000000000e+03 -1.527503762945389383e+02
2.770000000000000000e+03 -1.315533442974380307e+02
2.780000000000000000e+03 -1.369123331468556444e+02
2.790000000000000000e+03 -1.547906790029998092e+02
2.800000000000000000e+03 -1.370668025684229008e+02
2.810000000000000000e+03 -1.318155297844898826e+02
2.820000000000000000e+03 -1.416921762569550083e+02
2.830000000000000000e+03 -1.432475274876171625e+02
2.840000000000000000e+03 -1.320843042861857555e+02
2.850000000000000000e+03 -1.329929007577042057e+02
2.860000000000000000e+03 -1.385865731200074151e+02
2.870000000000000000e+03 -1.389511461650491810e+02
2.880000000000000000e+03 -1.333229817434790903e+02
2.890000000000000000e+03 -1.294474379214346982e+02
2.900000000000000000e+03 -1.253120577392984387e+02
2.910000000000000000e+03 -1.220294106436554102e+02
2.920000000000000000e+03 -1.392962959408359893e+02
2.930000000000000000e+03 -1.255781966351367060e+02
2.940000000000000000e+03 -1.255325318988647894e+02
2.950000000000000000e+03 -1.216356740468415154e+02
2.960000000000000000e+03 -1.264375187362739297e+02
2.970000000000000000e+03 -1.387624711631125649e+02
2.980000000000000000e+03 -1.330412010998337564e+02
2.990000000000000000e+03 -1.363032217148520715e+02
3.000000000000000000e+03 -1.492390617428591781e+02
3.010000000000000000e+03 -1.432785245043337170e+02
3.020000000000000000e+03 -1.513130543696737504e+02
3.030000000000000000e+03 -1.396865374950995715e+02
3.040000000000000000e+03 -1.481559423269438867e+02
3.050000000000000000e+03 -1.309711618818055854e+02
3.060000000000000000e+03 -1.308628155627463627e+02
3.070000000000000000e+03 -1.174861991029450650e+02
3.080000000000000000e+03 -1.224065887601900329e+02
3.090000000000000000e+03 -1.386179712071806023e+02
3.100000000000000000e+03 -1.194509286782281805e+02
3.110000000000000000e+03 -1.296101579352518343e+02
3.120000000000000000e+03 -1.433001823089896618e+02
3.130000000000000000e+03 -1.429255825025331319e+02
3.140000000000000000e+03 -1.363153111243292983e+02
3.150000000000000000e+03 -1.286406560501109766e+02
3.160000000000000000e+03 -1.345297454515836080e+02
3.170000000000000000e+03 -1.381372596170658369e+02
3.180000000000000000e+03 -1.225721735629828544e+02
3.190000000000000000e+03 -1.314559414722657777e+02
3.200000000000000000e+03 -1.290143391240953008e+02
3.210000000000000000e+03 -1.332490128921276948e+02
3.220000000000000000e+03 -1.470199389065380160e+02
3.230000000000000000e+03 -1.324081400319936961e+02
3.240000000000000000e+03 -1.277703904550867691e+02
3.250000000000000000e+03 -1.430985011651036132e+02
3.260000000000000000e+03 -1.356939956912894729e+02
3.270000000000000000e+03 -1.497576458432321260e+02
3.280000000000000000e+03 -1.370631356385340780e+02
3.290000000000000000e+03 -1.481301592261629878e+02
3.300000000000000000e+03 -1.345275682119621194e+02
3.310000000000000000e+03 -1.416282341670184053e+02
3.320000000000000000e+03 -1.382359229493873727e+02
3.330000000000000000e+03 -1.315258423232717462e+02
3.340000000000000000e+03 -1.446563161142848060e+02
3.350000000000000000e+03 -1.317483218351210326e+02
3.360000000000000000e+03 -1.350161293238701603e+02
3.370000000000000000e+03 -1.475781716863339454e+02
3.380000000000000000e+03 -1.344780646584628130e+02
3.390000000000000000e+03 -1.232487794232528415e+02
3.400000000000000000e+03 -1.232621866356589067e+02
3.410000000000000000e+03 -1.224619937789791919e+02
3.420000000000000000e+03 -1.204522297209988153e+02
3.430000000000000000e+03 -1.360318689030781059e+02
3.440000000000000000e+03 -1.377825414461003390e+02
3.450000000000000000e+03 -1.477219267971322836e+02
3.460000000000000000e+03 -1.314137144827646466e+02
3.470000000000000000e+03 -1.286133259632832164e+02
3.480000000000000000e+03 -1.421570169161446415e+02
3.490000000000000000e+03 -1.489961849335032582e+02
3.500000000000000000e+03 -1.298372784052416762e+02
3.510000000000000000e+03 -1.346615830402432152e+02
3.520000000000000000e+03 -1.464673211131343180e+02
3.530000000000000000e+03 -1.432171034286957081e+02
3.540000000000000000e+03 -1.315135237306764395e+02
3.550000000000000000e+03 -1.359231788093418061e+02
3.560000000000000000e+03 -1.381662512814994273e+02
3.570000000000000000e+03 -1.377808225727149534e+02
3.580000000000000000e+03 -1.424873270850375775e+02
3.590000000000000000e+03 -1.296695163628273804e+02
3.600000000000000000e+03 -1.344196229633594726e+02
3.610000000000000000e+03 -1.476401084239876127e+02
3.620000000000000000e+03 -1.356318297705177542e+02
3.630000000000000000e+03 -1.369920315761583254e+02
3.640000000000000000e+03 -1.407003863135835502e+02
3.650000000000000000e+03 -1.381524429986367863e+02
3.660000000000000000e+03 -1.339300878231997274e+02
3.670000000000000000e+03 -1.372360543011045309e+02
3.680000000000000000e+03 -1.344756009399437744e+02
3.690000000000000000e+03 -1.343553370987458209e+02
3.700000000000000000e+03 -1.378162313644540120e+02
3.710000000000000000e+03 -1.433331273822096819e+02
3.720000000000000000e+03 -1.365145285496963083e+02
3.730000000000000000e+03 -1.420506759493683546e+02
3.740000000000000000e+03 -1.508231181590573726e+02
3.750000000000000000e+03 -1.350618513559216183e+02
3.760000000000000000e+03 -1.392180872018006141e+02
3.770000000000000000e+03 -1.510965336188938011e+02
3.780000000000000000e+03 -1.419962449588309426e+02
3.790000000000000000e+03 -1.395611743295249312e+02
3.800000000000000000e+03 -1.369742125887297846e+02
3.810000000000000000e+03 -1.396157772074008960e+02
3.820000000000000000e+03 -1.301780164060059803e+02
3.830000000000000000e+03 -1.340148855768790668e+02
3.840000000000000000e+03 -1.460970757859207936e+02
3.850000000000000000e+03 -1.314138290743236723e+02
3.860000000000000000e+03 -1.410384887084902630e+02
3.870000000000000000e+03 -1.560651663224887784e+02
3.880000000000000000e+03 -1.434183835021251525e+02
3.890000000000000000e+03 -1.375804592317576862e+02
3.900000000000000000e+03 -1.397381036966613408e+02
3.910000000000000000e+03 -1.550362487139928760e+02
3.920000000000000000e+03 -1.329814416018016061e+02
3.930000000000000000e+03 -1.457101000910894300e+02
3.940000000000000000e+03 -1.572929575816746421e+02
3.950000000000000000e+03 -1.512167401643122560e+02
3.960000000000000000e+03 -1.351671037028871467e+02
3.970000000000000000e+03 -1.420800113884790790e+02
3.980000000000000000e+03 -1.415086578751746060e+02
3.990000000000000000e+03 -1.299398378505701146e+02
4.000000000000000000e+03 -1.286032992018684524e+02
4.010000000000000000e+03 -1.353702172412610309e+02
4.020000000000000000e+03 -1.245848024099389164e+02
4.030000000000000000e+03 -1.315087681809768583e+02
4.040000000000000000e+03 -1.306359815716540709e+02
4.050000000000000000e+03 -1.322704009780442505e+02
4.060000000000000000e+03 -1.334400370210243238e+02
4.070000000000000000e+03 -1.413314993249201734e+02
4.080000000000000000e+03 -1.408670024404076173e+02
4.090000000000000000e+03 -1.352393536808531564e+02
4.100000000000000000e+03 -1.473024643953170028e+02
4.110000000000000000e+03 -1.352443384136707891e+02
4.120000000000000000e+03 -1.319903965035638009e+02
4.130000000000000000e+03 -1.365026110275576059e+02
4.140000000000000000e+03 -1.376135188965367320e+02
4.150000000000000000e+03 -1.345512313689010284e+02
4.160000000000000000e+03 -1.446225689001516059e+02
4.170000000000000000e+03 -1.207563557186542482e+02
4.180000000000000000e+03 -1.291968261818444716e+02
4.190000000000000000e+03 -1.316447883615409182e+02
4.200000000000000000e+03 -1.337856451630472350e+02
4.210000000000000000e+03 -1.384895140695122677e+02
4.220000000000000000e+03 -1.422298971476853069e+02
4.230000000000000000e+03 -1.284243071866695516e+02
4.240000000000000000e+03 -1.230173617697995070e+02
4.250000000000000000e+03 -1.485794154333250674e+02
4.260000000000000000e+03 -1.346507541379152713e+02
4.270000000000000000e+03 -1.376274417709583986e+02
4.280000000000000000e+03 -1.371120662342382559e+02
4.290000000000000000e+03 -1.318757476487581357e+02
4.300000000000000000e+03 -1.494762662700433395e+02
4.310000000000000000e+03 -1.406725405647401885e+02
4.320000000000000000e+03 -1.263857233515940948e+02
4.330000000000000000e+03 -1.408793210330029240e+02
4.340000000000000000e+03 -1.394897264924721298e+02
4.350000000000000000e+03 -1.463475729339519944e+02
4.360000000000000000e+03 -1.399271224732750056e+02
4.370000000000000000e+03 -1.335593841297500717e+02
4.380000000000000000e+03 -1.313999634956815044e+02
4.390000000000000000e+03 -1.546931042904890319e+02
4.400000000000000000e+03 -1.315900135963264006e+02
4.410000000000000000e+03 -1.380256474385743388e+02
4.420000000000000000e+03 -1.262777781029914479e+02
4.430000000000000000e+03 -1.306077347523541050e+02
4.440000000000000000e+03 -1.189053582657046064e+02
4.450000000000000000e+03 -1.131454708470339625e+02
4.460000000000000000e+03 -1.258154011623208675e+02
4.470000000000000000e+03 -1.240813443953574335e+02
4.480000000000000000e+03 -1.392848367849333329e+02
4.490000000000000000e+03 -1.408166394502156322e+02
4.500000000000000000e+03 -1.336127265004767537e+02
4.510000000000000000e+03 -1.067801962220280814e+02
4.520000000000000000e+03 -1.352535630341724016e+02
4.530000000000000000e+03 -1.215390733625824708e+02
4.540000000000000000e+03 -1.303269854327400026e+02
4.550000000000000000e+03 -1.382166142716914408e+02
4.560000000000000000e+03 -1.457246532190857522e+02
4.570000000000000000e+03 -1.298587070267795980e+02
4.580000000000000000e+03 -1.228418647971509330e+02
4.590000000000000000e+03 -1.351809119857497876e+02
4.600000000000000000e+03 -1.360377130725884172e+02
4.610000000000000000e+03 -1.281685388269231680e+02
4.620000000000000000e+03 -1.444895853959017415e+02
4.630000000000000000e+03 -1.372795417977550017e+02
4.640000000000000000e+03 -1.307541254690100345e+02
4.650000000000000000e+03 -1.381644178165550159e+02
4.660000000000000000e+03 -1.375437326370897893e+02
4.670000000000000000e+03 -1.346269763894173082e+02
4.680000000000000000e+03 -1.268570384338687091e+02
4.690000000000000000e+03 -1.440131136934709559e+02
4.700000000000000000e+03 -1.493101658052349308e+02
4.710000000000000000e+03 -1.301780164060059803e+02
4.720000000000000000e+03 -1.331135656693587634e+02
4.730000000000000000e+03 -1.316364231777320128e+02
4.740000000000000000e+03 -1.442299782189279824e+02
4.750000000000000000e+03 -1.359887824768842677e+02
4.760000000000000000e+03 -1.319984752084751563e+02
4.770000000000000000e+03 -1.458178161565740254e+02
4.780000000000000000e+03 -1.457706617300347602e+02
4.790000000000000000e+03 -1.527101546573207429e+02
4.800000000000000000e+03 -1.352707517680263152e+02
4.810000000000000000e+03 -1.311483777278395735e+02
4.820000000000000000e+03 -1.398379129445731337e+02
4.830000000000000000e+03 -1.456863223425914953e+02
4.840000000000000000e+03 -1.280770947628203089e+02
4.850000000000000000e+03 -1.450418021188488353e+02
4.860000000000000000e+03 -1.404192932192923706e+02
4.870000000000000000e+03 -1.289714245852399870e+02
4.880000000000000000e+03 -1.233943679989955911e+02
4.890000000000000000e+03 -1.289948012632813175e+02
4.900000000000000000e+03 -1.287814890761541164e+02
4.910000000000000000e+03 -1.273382083902195916e+02
4.920000000000000000e+03 -1.097841566461194844e+02
4.930000000000000000e+03 -1.219770423011804610e+02
4.940000000000000000e+03 -1.279376368354854492e+02
4.950000000000000000e+03 -1.139635972827012580e+02
4.960000000000000000e+03 -1.140950338009042753e+02
4.970000000000000000e+03 -1.265061017843510882e+02
4.980000000000000000e+03 -1.200344861925689344e+02
4.990000000000000000e+03 -1.398993340202111710e+02
5.000000000000000000e+03 -1.343203866732428082e+02
5.010000000000000000e+03 -1.369195524150742926e+02
5.020000000000000000e+03 -1.391591871404611709e+02
5.030000000000000000e+03 -1.401139640102671819e+02
5.040000000000000000e+03 -1.346457121093180831e+02
5.050000000000000000e+03 -1.358134000957947194e+02
5.060000000000000000e+03 -1.508128049187450301e+02
5.070000000000000000e+03 -1.332416790323500209e+02
5.080000000000000000e+03 -1.313671903098000371e+02
5.090000000000000000e+03 -1.282009109423480879e+02
5.100000000000000000e+03 -1.363635541706793219e+02
5.110000000000000000e+03 -1.463280350731380111e+02
5.120000000000000000e+03 -1.361130570226481495e+02
5.130000000000000000e+03 -1.369953547313700994e+02
5.140000000000000000e+03 -1.360033929006600886e+02
5.150000000000000000e+03 -1.372918030945707812e+02
5.160000000000000000e+03 -1.359237517671369062e+02
5.170000000000000000e+03 -1.499905531869527806e+02
5.180000000000000000e+03 -1.414376111085783805e+02
5.190000000000000000e+03 -1.328218155600781643e+02
5.200000000000000000e+03 -1.463926074166492697e+02
5.210000000000000000e+03 -1.384436201501222854e+02
5.220000000000000000e+03 -1.471607719325811559e+02
5.230000000000000000e+03 -1.287414966220540009e+02
5.240000000000000000e+03 -1.448794258797087764e+02
5.250000000000000000e+03 -1.270103046440662098e+02
5.260000000000000000e+03 -1.366387457996806916e+02
5.270000000000000000e+03 -1.322086934235086630e+02
5.280000000000000000e+03 -1.305714092281428123e+02
5.290000000000000000e+03 -1.531414199897157289e+02
5.300000000000000000e+03 -1.382621071206248473e+02
5.310000000000000000e+03 -1.325148820692265588e+02
5.320000000000000000e+03 -1.254510573003971956e+02
5.330000000000000000e+03 -1.468733763025435337e+02
5.340000000000000000e+03 -1.367021722276016362e+02
5.350000000000000000e+03 -1.342065399593503230e+02
5.360000000000000000e+03 -1.511203113673917358e+02
5.370000000000000000e+03 -1.361457156169705911e+02
5.380000000000000000e+03 -1.293776516619877555e+02
5.390000000000000000e+03 -1.280410557175065662e+02
5.400000000000000000e+03 -1.275910546652108195e+02
5.410000000000000000e+03 -1.316706287581013157e+02
5.420000000000000000e+03 -1.332165261851437776e+02
5.430000000000000000e+03 -1.415988414321282107e+02
5.440000000000000000e+03 -1.296147988933923898e+02
5.450000000000000000e+03 -1.342789045288753300e+02
5.460000000000000000e+03 -1.199232750845340263e+02
5.470000000000000000e+03 -1.353076502500327365e+02
5.480000000000000000e+03 -1.382836503337217380e+02
5.490000000000000000e+03 -1.434125393326148128e+02
5.500000000000000000e+03 -1.321205725146175496e+02
5.510000000000000000e+03 -1.229121094228339643e+02
5.520000000000000000e+03 -1.500848620400313109e+02
5.530000000000000000e+03 -1.311003065688280742e+02
5.540000000000000000e+03 -1.355273222686859071e+02
5.550000000000000000e+03 -1.335020883502369884e+02
5.560000000000000000e+03 -1.575394440251399431e+02
5.570000000000000000e+03 -1.218712742921993168e+02
5.580000000000000000e+03 -1.364856514768217153e+02
5.590000000000000000e+03 -1.451522683817500479e+02
5.600000000000000000e+03 -1.216711974301396282e+02
5.610000000000000000e+03 -1.252675389186167934e+02
5.620000000000000000e+03 -1.534099653082935504e+02
5.630000000000000000e+03 -1.281984472238289925e+02
5.640000000000000000e+03 -1.238035744562780138e+02
5.650000000000000000e+03 -1.391646302395149064e+02
5.660000000000000000e+03 -1.331320722061414870e+02
5.670000000000000000e+03 -1.253898081120976968e+02
5.680000000000000000e+03 -1.395595127519190726e+02
5.690000000000000000e+03 -1.324333501749794664e+02
5.700000000000000000e+03 -1.548389793451293031e+02
5.710000000000000000e+03 -1.380479927925844379e+02
5.720000000000000000e+03 -1.227605620860218778e+02
5.730000000000000000e+03 -1.328235917292430486e+02
5.740000000000000000e+03 -1.438173913106542727e+02
5.750000000000000000e+03 -1.342052794522010402e+02
5.760000000000000000e+03 -1.307029030421253424e+02
5.770000000000000000e+03 -1.281178893578336044e+02
5.780000000000000000e+03 -1.362801315157082911e+02
5.790000000000000000e+03 -1.549244073523833265e+02
5.800000000000000000e+03 -1.437574026295040710e+02
5.810000000000000000e+03 -1.189925051463440155e+02
5.820000000000000000e+03 -1.376235456579515244e+02
5.830000000000000000e+03 -1.394610213069360896e+02
5.840000000000000000e+03 -1.368142427723292656e+02
5.850000000000000000e+03 -1.419093272613096133e+02
5.860000000000000000e+03 -1.325945232027497411e+02
5.870000000000000000e+03 -1.502304506157740605e+02
5.880000000000000000e+03 -1.183209986104506726e+02
5.890000000000000000e+03 -1.276254321329186610e+02
5.900000000000000000e+03 -1.318673824649492303e+02
5.910000000000000000e+03 -1.502695263374019987e+02
5.920000000000000000e+03 -1.567935102716591018e+02
5.930000000000000000e+03 -1.437148891611053614e+02
5.940000000000000000e+03 -1.278173156985079828e+02
5.950000000000000000e+03 -1.336422911227055010e+02
5.960000000000000000e+03 -1.399909499716525545e+02
5.970000000000000000e+03 -1.281135921743701260e+02
5.980000000000000000e+03 -1.186101131138736946e+02
5.990000000000000000e+03 -1.387733573612200644e+02
6.000000000000000000e+03 -1.345112389148008845e+02
6.010000000000000000e+03 -1.346810063094981444e+02
6.020000000000000000e+03 -1.370029750700453519e+02
6.030000000000000000e+03 -1.420410502584101664e+02
6.040000000000000000e+03 -1.239802173445168592e+02
6.050000000000000000e+03 -1.369852133783962813e+02
6.060000000000000000e+03 -1.485229790905046912e+02
6.070000000000000000e+03 -1.503311193003785320e+02
6.080000000000000000e+03 -1.456852910185602639e+02
6.090000000000000000e+03 -1.454768489726916698e+02
6.100000000000000000e+03 -1.318008620649345346e+02
6.110000000000000000e+03 -1.294380987093740600e+02
6.120000000000000000e+03 -1.494860638483400805e+02
6.130000000000000000e+03 -1.547970388345257504e+02
6.140000000000000000e+03 -1.360800546536486024e+02
6.150000000000000000e+03 -1.310622048754518687e+02
6.160000000000000000e+03 -1.308700921267445381e+02
6.170000000000000000e+03 -1.221088798898400682e+02
6.180000000000000000e+03 -1.208981627729491350e+02
6.190000000000000000e+03 -1.243944085346169146e+02
6.200000000000000000e+03 -1.493969116154177357e+02
6.210000000000000000e+03 -1.515092924145060636e+02
6.220000000000000000e+03 -1.345460747487448714e+02
6.230000000000000000e+03 -1.333801056356536208e+02
6.240000000000000000e+03 -1.172700794226217340e+02
6.250000000000000000e+03 -1.161164861979053313e+02
6.260000000000000000e+03 -1.325638699607102637e+02
6.270000000000000000e+03 -1.271933073638309963e+02
6.280000000000000000e+03 -1.284176035804665332e+02
6.290000000000000000e+03 -1.219442691152989795e+02
6.300000000000000000e+03 -1.295436948310166656e+02
6.310000000000000000e+03 -1.252679399890733833e+02
6.320000000000000000e+03 -1.438104585213331745e+02
6.330000000000000000e+03 -1.507296687426715494e+02
6.340000000000000000e+03 -1.363068886447408943e+02
6.350000000000000000e+03 -1.292444389746198397e+02
6.360000000000000000e+03 -1.372563370070521955e+02
6.370000000000000000e+03 -1.252983640479948377e+02
6.380000000000000000e+03 -1.236345519067144352e+02
6.390000000000000000e+03 -1.213714832075067136e+02
6.400000000000000000e+03 -1.266581074873992918e+02
6.410000000000000000e+03 -1.477120146272765169e+02
6.420000000000000000e+03 -1.385430856233569727e+02
6.430000000000000000e+03 -1.452259507542038648e+02
6.440000000000000000e+03 -1.398395172263994937e+02
6.450000000000000000e+03 -1.408542827773557065e+02
6.460000000000000000e+03 -1.378302688304347328e+02
6.470000000000000000e+03 -1.363512928738635424e+02
6.480000000000000000e+03 -1.321296252477806092e+02
6.490000000000000000e+03 -1.281959262095304268e+02
6.500000000000000000e+03 -1.245637175630780717e+02
6.510000000000000000e+03 -1.345944896824334194e+02
6.520000000000000000e+03 -1.302294107202292253e+02
6.530000000000000000e+03 -1.348101509965206617e+02
6.540000000000000000e+03 -1.284747274726410637e+02
6.550000000000000000e+03 -1.250686079721473760e+02
6.560000000000000000e+03 -1.390046031273348603e+02
6.570000000000000000e+03 -1.426880342006718934e+02
6.580000000000000000e+03 -1.420050112130964521e+02
6.590000000000000000e+03 -1.456824835253641197e+02
6.600000000000000000e+03 -1.321894993373717568e+02
6.610000000000000000e+03 -1.323311345043281051e+02
6.620000000000000000e+03 -1.337135670724197780e+02
6.630000000000000000e+03 -1.368465002961951029e+02
6.640000000000000000e+03 -1.292839157667043537e+02
6.650000000000000000e+03 -1.309167308912681449e+02
6.660000000000000000e+03 -1.338298202090518032e+02
6.670000000000000000e+03 -1.460707197273447946e+02
6.680000000000000000e+03 -1.348171410816212585e+02
6.690000000000000000e+03 -1.182006201776937075e+02
6.700000000000000000e+03 -1.205726654495353074e+02
6.710000000000000000e+03 -1.373092210115427463e+02
6.720000000000000000e+03 -1.307717725691000794e+02
6.730000000000000000e+03 -1.424569603218956502e+02
6.740000000000000000e+03 -1.304427802031359533e+02
6.750000000000000000e+03 -1.289960617704306003e+02
6.760000000000000000e+03 -1.415010948322789091e+02
6.770000000000000000e+03 -1.358891451163110276e+02
6.780000000000000000e+03 -1.296228775983037451e+02
6.790000000000000000e+03 -1.249046274511809287e+02
6.800000000000000000e+03 -1.406528881123672079e+02
6.810000000000000000e+03 -1.454309550533016875e+02
6.820000000000000000e+03 -1.499893499755830248e+02
6.830000000000000000e+03 -1.346543637720245954e+02
6.840000000000000000e+03 -1.481385244099719216e+02
6.850000000000000000e+03 -1.435676390077567532e+02
6.860000000000000000e+03 -1.421130137574785977e+02
6.870000000000000000e+03 -1.403291669581183214e+02
6.880000000000000000e+03 -1.451413821836425768e+02
6.890000000000000000e+03 -1.365884974010477038e+02
6.900000000000000000e+03 -1.380513732435757106e+02
6.910000000000000000e+03 -1.370503013839231414e+02
6.920000000000000000e+03 -1.369113591186039116e+02
6.930000000000000000e+03 -1.287948962885602100e+02
6.940000000000000000e+03 -1.317201896073801208e+02
6.950000000000000000e+03 -1.488352410888510065e+02
6.960000000000000000e+03 -1.517938805513475415e+02
6.970000000000000000e+03 -1.365304567764009676e+02
6.980000000000000000e+03 -1.351292884884085197e+02
6.990000000000000000e+03 -1.476692146799802572e+02
7.000000000000000000e+03 -1.401859848051151118e+02
7.010000000000000000e+03 -1.297331719738664333e+02
7.020000000000000000e+03 -1.299047728335081047e+02
7.030000000000000000e+03 -1.343344241392235290e+02
7.040000000000000000e+03 -1.349886273497039042e+02
7.050000000000000000e+03 -1.395569917376204785e+02
7.060000000000000000e+03 -1.380359606788866813e+02
7.070000000000000000e+03 -1.285158658423314648e+02
7.080000000000000000e+03 -1.391370136737896246e+02
7.090000000000000000e+03 -1.331204411629003346e+02
7.100000000000000000e+03 -1.356802447042063022e+02
7.110000000000000000e+03 -1.224013175484748359e+02
7.120000000000000000e+03 -1.438715931180736334e+02
7.130000000000000000e+03 -1.348346162943727506e+02
7.140000000000000000e+03 -1.427865256456548764e+02
7.150000000000000000e+03 -1.246247375682595191e+02
7.160000000000000000e+03 -1.143612872883015683e+02
7.170000000000000000e+03 -1.392661583608120850e+02
7.180000000000000000e+03 -1.277471283686044359e+02
7.190000000000000000e+03 -1.266944330116105846e+02
7.200000000000000000e+03 -1.184595398053133124e+02
7.210000000000000000e+03 -1.311384655579837784e+02
7.220000000000000000e+03 -1.454237930808625379e+02
7.230000000000000000e+03 -1.398363086627467737e+02
7.240000000000000000e+03 -1.263314069526157084e+02
7.250000000000000000e+03 -1.220909463108524733e+02
7.260000000000000000e+03 -1.354639531365444327e+02
7.270000000000000000e+03 -1.335540556222553334e+02
7.280000000000000000e+03 -1.219528634822259505e+02
7.290000000000000000e+03 -1.341038086266833602e+02
7.300000000000000000e+03 -1.397191960894220131e+02
7.310000000000000000e+03 -1.391217157006596210e+02
7.320000000000000000e+03 -1.283810488731371890e+02
7.330000000000000000e+03 -1.486847250760701229e+02
7.340000000000000000e+03 -1.353313707027511725e+02
7.350000000000000000e+03 -1.348946049755229240e+02
7.360000000000000000e+03 -1.346295546994954009e+02
7.370000000000000000e+03 -1.352093306923882778e+02
7.380000000000000000e+03 -1.407592863749230219e+02
7.390000000000000000e+03 -1.435642585567654805e+02
7.400000000000000000e+03 -1.363826336652572024e+02
7.410000000000000000e+03 -1.374505696996015445e+02
7.420000000000000000e+03 -1.300240053506748268e+02
7.430000000000000000e+03 -1.290321581115238700e+02
7.440000000000000000e+03 -1.320788038913525213e+02
7.450000000000000000e+03 -1.301568742633656655e+02
7.460000000000000000e+03 -1.344344625702533733e+02
7.470000000000000000e+03 -1.397958578424105269e+02
7.480000000000000000e+03 -1.486744691315372791e+02
7.490000000000000000e+03 -1.446647385938732384e+02
7.500000000000000000e+03 -1.420120012981970490e+02
7.510000000000000000e+03 -1.297080191266601616e+02
7.520000000000000000e+03 -1.285808392562992992e+02
7.530000000000000000e+03 -1.421153055886591119e+02
7.540000000000000000e+03 -1.385379290032008157e+02
7.550000000000000000e+03 -1.279861090649535242e+02
7.560000000000000000e+03 -1.480255371327721150e+02
7.570000000000000000e+03 -1.393442525082884060e+02
7.580000000000000000e+03 -1.412314608938903291e+02
7.590000000000000000e+03 -1.347631684573199209e+02
7.600000000000000000e+03 -1.383110950121085239e+02
7.610000000000000000e+03 -1.295019835035311360e+02
7.620000000000000000e+03 -1.385353506931227230e+02
7.630000000000000000e+03 -1.334610645721056130e+02
7.640000000000000000e+03 -1.451025356451326900e+02
7.650000000000000000e+03 -1.460598335292372667e+02
7.660000000000000000e+03 -1.277287364233807381e+02
7.670000000000000000e+03 -1.345876141888918198e+02
7.680000000000000000e+03 -1.417354918662668979e+02
7.690000000000000000e+03 -1.253232304163035025e+02
7.700000000000000000e+03 -1.367014846782474820e+02
7.710000000000000000e+03 -1.411177287715568696e+02
7.720000000000000000e+03 -1.448547313987386360e+02
7.730000000000000000e+03 -1.245386793074308684e+02
7.740000000000000000e+03 -1.220256291222075617e+02
7.750000000000000000e+03 -1.328545314501801329e+02
7.760000000000000000e+03 -1.409533471801338465e+02
7.770000000000000000e+03 -1.387955881236711377e+02
7.780000000000000000e+03 -1.255667374792340922e+02
7.790000000000000000e+03 -1.162702107743389206e+02
7.800000000000000000e+03 -1.164573387902286470e+02
7.810000000000000000e+03 -1.363257962519802220e+02
7.820000000000000000e+03 -1.341782931400503855e+02
7.830000000000000000e+03 -1.501066917320258085e+02
7.840000000000000000e+03 -1.430114115802437595e+02
7.850000000000000000e+03 -1.324782127703381889e+02
7.860000000000000000e+03 -1.485727691229015761e+02
7.870000000000000000e+03 -1.432940516605817720e+02
7.880000000000000000e+03 -1.442129040766330661e+02
7.890000000000000000e+03 -1.399478635454587447e+02
7.900000000000000000e+03 -1.397990664060632753e+02
7.910000000000000000e+03 -1.524937484980998477e+02
7.920000000000000000e+03 -1.296055742728907774e+02
7.930000000000000000e+03 -1.176701758509615985e+02
7.940000000000000000e+03 -1.367268094127922780e+02
7.950000000000000000e+03 -1.386010689522242387e+02
7.960000000000000000e+03 -1.427693942075804614e+02
7.970000000000000000e+03 -1.399239139096222857e+02
7.980000000000000000e+03 -1.388485867197207426e+02
7.990000000000000000e+03 -1.374627737006378254e+02
8.000000000000000000e+03 -1.285540821272666960e+02
8.010000000000000000e+03 -1.313849520014490793e+02
8.020000000000000000e+03 -1.280611092403361511e+02
8.030000000000000000e+03 -1.341554321240246566e+02
8.040000000000000000e+03 -1.327205166218990087e+02
8.050000000000000000e+03 -1.307995037263843869e+02
8.060000000000000000e+03 -1.422917192937798916e+02
8.070000000000000000e+03 -1.372112452285753932e+02
8.080000000000000000e+03 -1.377251310750282300e+02
8.090000000000000000e+03 -1.316824889844605195e+02
8.100000000000000000e+03 -1.461749407502790632e+02
8.110000000000000000e+03 -1.375911735425266613e+02
8.120000000000000000e+03 -1.242426320146867624e+02
8.130000000000000000e+03 -1.357915131080207232e+02
8.140000000000000000e+03 -1.356710773794842453e+02
8.150000000000000000e+03 -1.318359270819965445e+02
8.160000000000000000e+03 -1.264333361443694770e+02
8.170000000000000000e+03 -1.198754904044201197e+02
8.180000000000000000e+03 -1.420184757212820159e+02
8.190000000000000000e+03 -1.389995038029582020e+02
8.200000000000000000e+03 -1.247647684533894932e+02
8.210000000000000000e+03 -1.310276555204054887e+02
8.220000000000000000e+03 -1.332201358192531018e+02
8.230000000000000000e+03 -1.396331378285933624e+02
8.240000000000000000e+03 -1.258066922038348849e+02
8.250000000000000000e+03 -1.442657880811236453e+02
8.260000000000000000e+03 -1.436835483697117013e+02
8.270000000000000000e+03 -1.441926213706854583e+02
8.280000000000000000e+03 -1.362310290326655604e+02
8.290000000000000000e+03 -1.358686332272453114e+02
8.300000000000000000e+03 -1.513325349347082067e+02
8.310000000000000000e+03 -1.327263607914093484e+02
8.320000000000000000e+03 -1.212949933418567383e+02
8.330000000000000000e+03 -1.430936883196245333e+02
8.340000000000000000e+03 -1.443405017776086936e+02
8.350000000000000000e+03 -1.314354295832000901e+02
8.360000000000000000e+03 -1.397490471905483389e+02
8.370000000000000000e+03 -1.338721617901119885e+02
8.380000000000000000e+03 -1.355578609191663588e+02
8.390000000000000000e+03 -1.389517764186238082e+02
8.400000000000000000e+03 -1.332471794271832835e+02
8.410000000000000000e+03 -1.516772263442588837e+02
8.420000000000000000e+03 -1.292456994817691225e+02
8.430000000000000000e+03 -1.346115065289487802e+02
8.440000000000000000e+03 -1.286712519963709553e+02
8.450000000000000000e+03 -1.373283005061206268e+02
8.460000000000000000e+03 -1.355735026669734680e+02
8.470000000000000000e+03 -1.464593569997820168e+02
8.480000000000000000e+03 -1.490043782299736108e+02
8.490000000000000000e+03 -1.455065854822589699e+02
8.500000000000000000e+03 -1.451946099628102047e+02
8.510000000000000000e+03 -1.412261896821751179e+02
8.520000000000000000e+03 -1.503389688221718359e+02
8.530000000000000000e+03 -1.427954637872589387e+02
8.540000000000000000e+03 -1.482239524172259166e+02
8.550000000000000000e+03 -1.412417168384231445e+02
8.560000000000000000e+03 -1.399876268164408373e+02
8.570000000000000000e+03 -1.270815232980009739e+02
8.580000000000000000e+03 -1.405554852871949834e+02
8.590000000000000000e+03 -1.372766197129998318e+02
8.600000000000000000e+03 -1.442263112890391312e+02
8.610000000000000000e+03 -1.384217331623482892e+02
8.620000000000000000e+03 -1.396919805941533070e+02
8.630000000000000000e+03 -1.362658075708300203e+02
8.640000000000000000e+03 -1.267597502002555103e+02
8.650000000000000000e+03 -1.383985856674249817e+02
8.660000000000000000e+03 -1.468436970887557607e+02
8.670000000000000000e+03 -1.396743907898427892e+02
8.680000000000000000e+03 -1.321929943799220553e+02
8.690000000000000000e+03 -1.494017244608968440e+02
8.700000000000000000e+03 -1.408571475663313493e+02
8.710000000000000000e+03 -1.493614455278991500e+02
8.720000000000000000e+03 -1.417124589629026445e+02
8.730000000000000000e+03 -1.375867617675041288e+02
8.740000000000000000e+03 -1.546786657540517069e+02
8.750000000000000000e+03 -1.334045709335057097e+02
8.760000000000000000e+03 -1.455303632307569046e+02
8.770000000000000000e+03 -1.388348357326376288e+02
8.780000000000000000e+03 -1.313468503080728738e+02
8.790000000000000000e+03 -1.307883310493793658e+02
8.800000000000000000e+03 -1.479746011847850014e+02
8.810000000000000000e+03 -1.588123270628025523e+02
8.820000000000000000e+03 -1.461701279047999549e+02
8.830000000000000000e+03 -1.356686709567446769e+02
8.840000000000000000e+03 -1.385006867465172888e+02
8.850000000000000000e+03 -1.261608947127847529e+02
8.860000000000000000e+03 -1.433852665415666081e+02
8.870000000000000000e+03 -1.453924522894689062e+02
8.880000000000000000e+03 -1.423562343415116516e+02
8.890000000000000000e+03 -1.295742334814971173e+02
8.900000000000000000e+03 -1.198383054435161341e+02
8.910000000000000000e+03 -1.358592940151847017e+02
8.920000000000000000e+03 -1.370374671293122049e+02
8.930000000000000000e+03 -1.340552218056562594e+02
8.940000000000000000e+03 -1.289392243571536483e+02
8.950000000000000000e+03 -1.249595168079544578e+02
8.960000000000000000e+03 -1.451070047159347212e+02
8.970000000000000000e+03 -1.461518505511353112e+02
8.980000000000000000e+03 -1.308713526338938209e+02
8.990000000000000000e+03 -1.336417754606898711e+02
9.000000000000000000e+03 -1.473025216910965298e+02
9.010000000000000000e+03 -1.326128578521939403e+02
9.020000000000000000e+03 -1.501406681292770600e+02
9.030000000000000000e+03 -1.368430052536448329e+02
9.040000000000000000e+03 -1.503350154133854346e+02
9.050000000000000000e+03 -1.328049133051218007e+02
9.060000000000000000e+03 -1.211604628515600268e+02
9.070000000000000000e+03 -1.404843812248192592e+02
9.080000000000000000e+03 -1.464311674762615496e+02
9.090000000000000000e+03 -1.335060990548028883e+02
9.100000000000000000e+03 -1.237842657785821103e+02
9.110000000000000000e+03 -1.369688267854555193e+02
9.120000000000000000e+03 -1.469303283073795399e+02
9.130000000000000000e+03 -1.414122863740336129e+02
9.140000000000000000e+03 -1.351819433097810474e+02
9.150000000000000000e+03 -1.302048881265976377e+02
9.160000000000000000e+03 -1.394000013017546564e+02
9.170000000000000000e+03 -1.541423772578092724e+02
9.180000000000000000e+03 -1.489555622258284586e+02
9.190000000000000000e+03 -1.311926100696236688e+02
9.200000000000000000e+03 -1.287475699746823921e+02
9.210000000000000000e+03 -1.406293395469873531e+02
9.220000000000000000e+03 -1.445218429197676073e+02
9.230000000000000000e+03 -1.283234666147265273e+02
9.240000000000000000e+03 -1.345515178477986069e+02
9.250000000000000000e+03 -1.375746723580268736e+02
9.260000000000000000e+03 -1.408419068889808727e+02
9.270000000000000000e+03 -1.382092231161342397e+02
9.280000000000000000e+03 -1.371840870290861858e+02
9.290000000000000000e+03 -1.334260568508231017e+02
9.300000000000000000e+03 -1.365617975677945992e+02
9.310000000000000000e+03 -1.269115840159651611e+02
9.320000000000000000e+03 -1.387811495872338412e+02
9.330000000000000000e+03 -1.531554001599169226e+02
9.340000000000000000e+03 -1.382406212033074269e+02
9.350000000000000000e+03 -1.386202057425816179e+02
9.360000000000000000e+03 -1.500356449654295830e+02
9.370000000000000000e+03 -1.414156095292453585e+02
9.380000000000000000e+03 -1.283628861110315427e+02
9.390000000000000000e+03 -1.311162920913122321e+02
9.400000000000000000e+03 -1.383855795254755492e+02
9.410000000000000000e+03 -1.425561966120122861e+02
9.420000000000000000e+03 -1.404394613336810096e+02
9.430000000000000000e+03 -1.209178725211016427e+02
9.440000000000000000e+03 -1.126720931166968711e+02
9.450000000000000000e+03 -1.268078786550464940e+02
9.460000000000000000e+03 -1.337632998090371359e+02
9.470000000000000000e+03 -1.355049196188962810e+02
9.480000000000000000e+03 -1.206753394864227573e+02
9.490000000000000000e+03 -1.482211449240297725e+02
9.500000000000000000e+03 -1.359377319373381283e+02
9.510000000000000000e+03 -1.632162525635166048e+02
9.520000000000000000e+03 -1.365157317610660641e+02
9.530000000000000000e+03 -1.259040377332276108e+02
9.540000000000000000e+03 -1.273441671512889428e+02
9.550000000000000000e+03 -1.465646666425270439e+02
9.560000000000000000e+03 -1.337462256667422196e+02
9.570000000000000000e+03 -1.461774044687981302e+02
9.580000000000000000e+03 -1.394604483491409610e+02
9.590000000000000000e+03 -1.203524204730870224e+02
9.600000000000000000e+03 -1.411255209975706464e+02
9.610000000000000000e+03 -1.366149680511827285e+02
9.620000000000000000e+03 -1.275168566307413585e+02
9.630000000000000000e+03 -1.389884457175121781e+02
9.640000000000000000e+03 -1.214656201732467053e+02
9.650000000000000000e+03 -1.388796983279963513e+02
9.660000000000000000e+03 -1.233908156606657798e+02
9.670000000000000000e+03 -1.332812704159935606e+02
9.680000000000000000e+03 -1.508078201859273690e+02
9.690000000000000000e+03 -1.441854021024667816e+02
9.700000000000000000e+03 -1.300932186523266125e+02
9.710000000000000000e+03 -1.313736074371055054e+02
9.720000000000000000e+03 -1.358521893385250792e+02
9.730000000000000000e+03 -1.227534574093622552e+02
9.740000000000000000e+03 -1.293388051234778970e+02
9.750000000000000000e+03 -1.459279386447981608e+02
9.760000000000000000e+03 -1.446319654079917427e+02
9.770000000000000000e+03 -1.188297278367473524e+02
9.780000000000000000e+03 -1.305245985762806527e+02
9.790000000000000000e+03 -1.450976655038740830e+02
9.800000000000000000e+03 -1.394697302654220721e+02
9.810000000000000000e+03 -1.401714316771187896e+02
9.820000000000000000e+03 -1.435929637423015208e+02
9.830000000000000000e+03 -1.273796332388075285e+02
9.840000000000000000e+03 -1.294838207414254896e+02
9.850000000000000000e+03 -1.174937048500612917e+02
9.860000000000000000e+03 -1.349849031240355544e+02
9.870000000000000000e+03 -1.307841484574749131e+02
9.880000000000000000e+03 -1.428665105538551643e+02
9.890000000000000000e+03 -1.383829439196179294e+02
9.900000000000000000e+03 -1.196500888078156493e+02
9.910000000000000000e+03 -1.279872549805437671e+02
9.920000000000000000e+03 -1.300637113258773923e+02
9.930000000000000000e+03 -1.447404263186100195e+02
9.940000000000000000e+03 -1.403744879197131752e+02
9.950000000000000000e+03 -1.305290103513031283e+02
9.960000000000000000e+03 -1.255932081293691454e+02
9.970000000000000000e+03 -1.332983445582884485e+02
9.980000000000000000e+03 -1.336924822255589618e+02
9.990000000000000000e+03 -1.447303422614157284e+02
