0.000000000000000000e+00 8.432449054058378124e+01
1.000000000000000000e+01 8.881006252710396609e+01
2.000000000000000000e+01 9.349273199514915689e+01
3.000000000000000000e+01 8.061963084570885485e+01
4.000000000000000000e+01 8.071227812118149814e+01
5.000000000000000000e+01 8.918609472804833160e+01
6.000000000000000000e+01 8.525153625310544214e+01
7.000000000000000000e+01 8.439742806790393104e+01
8.000000000000000000e+01 8.778057196081290670e+01
9.000000000000000000e+01 8.943401356600143970e+01
1.000000000000000000e+02 7.951342123064976875e+01
1.100000000000000000e+02 8.363275859452234329e+01
1.200000000000000000e+02 9.973711252538244310e+01
1.300000000000000000e+02 8.254133129057763085e+01
1.400000000000000000e+02 8.701888186796598745e+01
1.500000000000000000e+02 8.509626469062499154e+01
1.600000000000000000e+02 7.836418248517635732e+01
1.700000000000000000e+02 8.424691205512306169e+01
1.800000000000000000e+02 7.550695655241797510e+01
1.900000000000000000e+02 7.997321986124225646e+01
2.000000000000000000e+02 8.847069962504798468e+01
2.100000000000000000e+02 8.355878974317093366e+01
2.200000000000000000e+02 8.949766917704046421e+01
2.300000000000000000e+02 7.923903174256160753e+01
2.400000000000000000e+02 8.565931031590005773e+01
2.500000000000000000e+02 8.177729207077068452e+01
2.600000000000000000e+02 7.540645975515202792e+01
2.700000000000000000e+02 9.822788439722833687e+01
2.800000000000000000e+02 9.119941112435853370e+01
2.900000000000000000e+02 9.263965513397887719e+01
3.000000000000000000e+02 7.802361637175060594e+01
3.100000000000000000e+02 7.689168095169014805e+01
3.200000000000000000e+02 7.754273289429730198e+01
3.300000000000000000e+02 7.975956389943796410e+01
3.400000000000000000e+02 8.061842763433907066e+01
3.500000000000000000e+02 7.970060654231900799e+01
3.600000000000000000e+02 7.862378966215014486e+01
3.700000000000000000e+02 9.258488036876437377e+01
3.800000000000000000e+02 8.524672340762634803e+01
3.900000000000000000e+02 8.138567541779875114e+01
4.000000000000000000e+02 8.094191960546993414e+01
4.100000000000000000e+02 9.344466083613768603e+01
4.200000000000000000e+02 8.519246430442746032e+01
4.300000000000000000e+02 7.765486073480440155e+01
4.400000000000000000e+02 8.078481457804507215e+01
4.500000000000000000e+02 8.537220116475999987e+01
4.600000000000000000e+02 9.011950027209594793e+01
4.700000000000000000e+02 8.524036357610039261e+01
4.800000000000000000e+02 8.351329689423755553e+01
4.900000000000000000e+02 8.966783764219432840e+01
5.000000000000000000e+02 8.395195338218971415e+01
5.100000000000000000e+02 7.914684283332506709e+01
5.200000000000000000e+02 8.320464453000057858e+01
5.300000000000000000e+02 8.650614193710340771e+01
5.400000000000000000e+02 9.068896302467648241e+01
5.500000000000000000e+02 9.526036408890725227e+01
5.600000000000000000e+02 9.700146823675081009e+01
5.700000000000000000e+02 9.289318895832425937e+01
5.800000000000000000e+02 8.310815843730055974e+01
5.900000000000000000e+02 8.226573859111969966e+01
6.000000000000000000e+02 8.045450440915215040e+01
6.100000000000000000e+02 8.442773753526634550e+01
6.200000000000000000e+02 8.141713080075145115e+01
6.300000000000000000e+02 8.506624170216014136e+01
6.400000000000000000e+02 8.640392626645207486e+01
6.500000000000000000e+02 8.980219624515250132e+01
6.600000000000000000e+02 9.026634935498798029e+01
6.700000000000000000e+02 8.725436752176474897e+01
6.800000000000000000e+02 8.338913694003269939e+01
6.900000000000000000e+02 9.090766101507790609e+01
7.000000000000000000e+02 9.093814236977887333e+01
7.100000000000000000e+02 7.264193839364580185e+01
7.200000000000000000e+02 9.368020378571596041e+01
7.300000000000000000e+02 9.463326178213657158e+01
7.400000000000000000e+02 8.946730241389853688e+01
7.500000000000000000e+02 8.655209315227290290e+01
7.600000000000000000e+02 8.939608375996377276e+01
7.700000000000000000e+02 8.511929759398924489e+01
7.800000000000000000e+02 9.243883342678552140e+01
7.900000000000000000e+02 6.828745915065154293e+01
8.000000000000000000e+02 7.709250265888350384e+01
8.100000000000000000e+02 9.515144481205288685e+01
8.200000000000000000e+02 8.984436593887411959e+01
8.300000000000000000e+02 8.763979623054926549e+01
8.400000000000000000e+02 9.256539980372993170e+01
8.500000000000000000e+02 7.993334199870115242e+01
8.600000000000000000e+02 8.404328285473356175e+01
8.700000000000000000e+02 7.955553362859188837e+01
8.800000000000000000e+02 8.276982685927580974e+01
8.900000000000000000e+02 8.657913676020308458e+01
9.000000000000000000e+02 8.267007490714352969e+01
9.100000000000000000e+02 8.445747404483364562e+01
9.200000000000000000e+02 9.172664688743790862e+01
9.300000000000000000e+02 9.002272770049835060e+01
9.400000000000000000e+02 7.891387819382487123e+01
9.500000000000000000e+02 9.120015596949218661e+01
9.600000000000000000e+02 8.871449316687613873e+01
9.700000000000000000e+02 8.596704594766481478e+01
9.800000000000000000e+02 8.289490354595287158e+01
9.900000000000000000e+02 8.361906490321869967e+01
1.000000000000000000e+03 8.689752940695727546e+01
1.010000000000000000e+03 8.408075429453512584e+01
1.020000000000000000e+03 8.855595574496344113e+01
1.030000000000000000e+03 8.362926355197203065e+01
1.040000000000000000e+03 8.636147009383287809e+01
1.050000000000000000e+03 8.369354941658571079e+01
1.060000000000000000e+03 8.462901760869580414e+01
1.070000000000000000e+03 8.956069453450486151e+01
1.080000000000000000e+03 7.926183546280782366e+01
1.090000000000000000e+03 7.813505666290355123e+01
1.100000000000000000e+03 8.833473674026343758e+01
1.110000000000000000e+03 8.233512378011005239e+01
1.120000000000000000e+03 8.029212817001206304e+01
1.130000000000000000e+03 9.018258292533984388e+01
1.140000000000000000e+03 8.944828021510018345e+01
1.150000000000000000e+03 8.054881326223068072e+01
1.160000000000000000e+03 7.242117775518188694e+01
1.170000000000000000e+03 8.832591319021841514e+01
1.180000000000000000e+03 8.064701822831609945e+01
1.190000000000000000e+03 7.736987152750633356e+01
1.200000000000000000e+03 6.634650732386636207e+01
1.210000000000000000e+03 7.487796348492335596e+01
1.220000000000000000e+03 8.680413728635095083e+01
1.230000000000000000e+03 9.032261381046983217e+01
1.240000000000000000e+03 7.924711044747296285e+01
1.250000000000000000e+03 7.922006683954279538e+01
1.260000000000000000e+03 7.868692961117355367e+01
1.270000000000000000e+03 8.120656881104086722e+01
1.280000000000000000e+03 7.518226136991734165e+01
1.290000000000000000e+03 8.661964487631883003e+01
1.300000000000000000e+03 8.790398706988408151e+01
1.310000000000000000e+03 8.135204279522457682e+01
1.320000000000000000e+03 8.572560153279668782e+01
1.330000000000000000e+03 8.471834172895671600e+01
1.340000000000000000e+03 7.785367708971479317e+01
1.350000000000000000e+03 9.528242296401980127e+01
1.360000000000000000e+03 8.363688389064726891e+01
1.370000000000000000e+03 7.742859970150723825e+01
1.380000000000000000e+03 8.071044465623708675e+01
1.390000000000000000e+03 9.170733820974200512e+01
1.400000000000000000e+03 7.063899253342746931e+01
1.410000000000000000e+03 9.335602426523094266e+01
1.420000000000000000e+03 8.665591310475060993e+01
1.430000000000000000e+03 7.876210167389471906e+01
1.440000000000000000e+03 8.858070752171309437e+01
1.450000000000000000e+03 8.611939542539010972e+01
1.460000000000000000e+03 8.271424995314811213e+01
1.470000000000000000e+03 8.433663724584054933e+01
1.480000000000000000e+03 7.368374755253218211e+01
1.490000000000000000e+03 7.728805315436166268e+01
1.500000000000000000e+03 7.728180791439471875e+01
1.510000000000000000e+03 8.123332594007347041e+01
1.520000000000000000e+03 8.656143236433354105e+01
1.530000000000000000e+03 8.559983729676548592e+01
1.540000000000000000e+03 7.868228865303299813e+01
1.550000000000000000e+03 9.141747886118531596e+01
1.560000000000000000e+03 8.222649098215323704e+01
1.570000000000000000e+03 8.730306893435087545e+01
1.580000000000000000e+03 8.631500321664776720e+01
1.590000000000000000e+03 8.078206438062844086e+01
1.600000000000000000e+03 8.337819344614571548e+01
1.610000000000000000e+03 9.313365934494066778e+01
1.620000000000000000e+03 8.908771787462437430e+01
1.630000000000000000e+03 1.076723488048262851e+02
1.640000000000000000e+03 8.509775438089234001e+01
1.650000000000000000e+03 8.450182097817676663e+01
1.660000000000000000e+03 7.635550704700672497e+01
1.670000000000000000e+03 7.674884257336402982e+01
1.680000000000000000e+03 8.377324784588840600e+01
1.690000000000000000e+03 8.684137954303446350e+01
1.700000000000000000e+03 8.527124600125794984e+01
1.710000000000000000e+03 8.623582044936068769e+01
1.720000000000000000e+03 8.569225538912007778e+01
1.730000000000000000e+03 9.280867768354247005e+01
1.740000000000000000e+03 8.001355609001946334e+01
1.750000000000000000e+03 7.829588591599677727e+01
1.760000000000000000e+03 8.495067611488225623e+01
1.770000000000000000e+03 8.503444254453039264e+01
1.780000000000000000e+03 8.322928171519120610e+01
1.790000000000000000e+03 8.516347263999384154e+01
1.800000000000000000e+03 7.885423328735176085e+01
1.810000000000000000e+03 7.880851125530031709e+01
1.820000000000000000e+03 8.221612044606136749e+01
1.830000000000000000e+03 9.130151220345084084e+01
1.840000000000000000e+03 7.895891267652216072e+01
1.850000000000000000e+03 8.442527381674727849e+01
1.860000000000000000e+03 9.267850167248874982e+01
1.870000000000000000e+03 8.912284018746588288e+01
1.880000000000000000e+03 8.390571568812265468e+01
1.890000000000000000e+03 7.758094917923253320e+01
1.900000000000000000e+03 9.687982929684453381e+01
1.910000000000000000e+03 8.684327030375838774e+01
1.920000000000000000e+03 8.512485528460202033e+01
1.930000000000000000e+03 7.879888556434211466e+01
1.940000000000000000e+03 9.634789527984507629e+01
1.950000000000000000e+03 8.320407157220545002e+01
1.960000000000000000e+03 8.141839130790073398e+01
1.970000000000000000e+03 8.484473621856257353e+01
1.980000000000000000e+03 7.857583309469768551e+01
1.990000000000000000e+03 9.438179060585365221e+01
2.000000000000000000e+03 7.593346633511335142e+01
2.010000000000000000e+03 8.311595066331433657e+01
2.020000000000000000e+03 8.483723047144634677e+01
2.030000000000000000e+03 8.207815220899387043e+01
2.040000000000000000e+03 8.451912430358972017e+01
2.050000000000000000e+03 8.902125477038919144e+01
2.060000000000000000e+03 9.727156054137547869e+01
2.070000000000000000e+03 7.946196962064702518e+01
2.080000000000000000e+03 8.379020739662428241e+01
2.090000000000000000e+03 8.850032154305624488e+01
2.100000000000000000e+03 8.181785748266594283e+01
2.110000000000000000e+03 8.402769840270602231e+01
2.120000000000000000e+03 8.993477867894577571e+01
2.130000000000000000e+03 8.071560127639325799e+01
2.140000000000000000e+03 7.873133384029618753e+01
2.150000000000000000e+03 7.377301437701356690e+01
2.160000000000000000e+03 1.032299778360589642e+02
2.170000000000000000e+03 8.657438121050348911e+01
2.180000000000000000e+03 8.520644447462865401e+01
2.190000000000000000e+03 7.438825645742504378e+01
2.200000000000000000e+03 8.019363672502908003e+01
2.210000000000000000e+03 9.863909620679372381e+01
2.220000000000000000e+03 8.890144929542732655e+01
2.230000000000000000e+03 8.765612552771048627e+01
2.240000000000000000e+03 9.159091318577141294e+01
2.250000000000000000e+03 8.511603173455701210e+01
2.260000000000000000e+03 8.159325802697466656e+01
2.270000000000000000e+03 8.786983878529427727e+01
2.280000000000000000e+03 7.857577579891817265e+01
2.290000000000000000e+03 8.789602295653176611e+01
2.300000000000000000e+03 7.144405553136579101e+01
2.310000000000000000e+03 8.509408745100350302e+01
2.320000000000000000e+03 8.261501366303146199e+01
2.330000000000000000e+03 8.402443254327376110e+01
2.340000000000000000e+03 8.910152615748701521e+01
2.350000000000000000e+03 9.695070417610222080e+01
2.360000000000000000e+03 1.040526879340873165e+02
2.370000000000000000e+03 8.498705893487306184e+01
2.380000000000000000e+03 7.899563927119004347e+01
2.390000000000000000e+03 9.673091756589002443e+01
2.400000000000000000e+03 7.509391127790816256e+01
2.410000000000000000e+03 8.519515720606457876e+01
2.420000000000000000e+03 8.235953178218262849e+01
2.430000000000000000e+03 8.475942280286759001e+01
2.440000000000000000e+03 9.305292959160674116e+01
2.450000000000000000e+03 7.871947361393699794e+01
2.460000000000000000e+03 8.621536585607452707e+01
2.470000000000000000e+03 9.262017456894443512e+01
2.480000000000000000e+03 7.667831146878343418e+01
2.490000000000000000e+03 7.522987416269270966e+01
2.500000000000000000e+03 9.112716114639252396e+01
2.510000000000000000e+03 8.385540999371018245e+01
2.520000000000000000e+03 6.924194954155997550e+01
2.530000000000000000e+03 1.015879380909935321e+02
2.540000000000000000e+03 7.949783677862221509e+01
2.550000000000000000e+03 8.263443693228639120e+01
2.560000000000000000e+03 7.859932436429805591e+01
2.570000000000000000e+03 8.061562014114294072e+01
2.580000000000000000e+03 7.295414309621259008e+01
2.590000000000000000e+03 7.685111553979488974e+01
2.600000000000000000e+03 8.772860468879453322e+01
2.610000000000000000e+03 7.838314738819519789e+01
2.620000000000000000e+03 8.426461645099260522e+01
2.630000000000000000e+03 7.647451038105539567e+01
2.640000000000000000e+03 8.723053247748731565e+01
2.650000000000000000e+03 8.616637796459083631e+01
2.660000000000000000e+03 8.124673315247953553e+01
2.670000000000000000e+03 9.264693169797703831e+01
2.680000000000000000e+03 8.259381422461162003e+01
2.690000000000000000e+03 8.798414386542287957e+01
2.700000000000000000e+03 9.031533724647167105e+01
2.710000000000000000e+03 8.425579290094759699e+01
2.720000000000000000e+03 8.879911903321696798e+01
2.730000000000000000e+03 8.742115553592734045e+01
2.740000000000000000e+03 8.878336269385087576e+01
2.750000000000000000e+03 8.116170621568211629e+01
2.760000000000000000e+03 8.660589388923568777e+01
2.770000000000000000e+03 9.486702856254994742e+01
2.780000000000000000e+03 8.719185782631598158e+01
2.790000000000000000e+03 8.601643490960510974e+01
2.800000000000000000e+03 8.434265330268942762e+01
2.810000000000000000e+03 8.067010842745986565e+01
2.820000000000000000e+03 7.473713045888020190e+01
2.830000000000000000e+03 9.762009076815355968e+01
2.840000000000000000e+03 8.571442885579165250e+01
2.850000000000000000e+03 8.188552379827089567e+01
2.860000000000000000e+03 9.006243367570091607e+01
2.870000000000000000e+03 8.472504533515973435e+01
2.880000000000000000e+03 8.463205428501001393e+01
2.890000000000000000e+03 8.407181615293109189e+01
2.900000000000000000e+03 7.977761206998458476e+01
2.910000000000000000e+03 7.272347028789292267e+01
2.920000000000000000e+03 8.761389853820934093e+01
2.930000000000000000e+03 8.857394661973054895e+01
2.940000000000000000e+03 8.785373867125110792e+01
2.950000000000000000e+03 7.287175176527277642e+01
2.960000000000000000e+03 8.239631567263000989e+01
2.970000000000000000e+03 8.278329136746137351e+01
2.980000000000000000e+03 9.875861520285801021e+01
2.990000000000000000e+03 7.992927399835572544e+01
3.000000000000000000e+03 8.085821047160132480e+01
3.010000000000000000e+03 8.251486064044259194e+01
3.020000000000000000e+03 8.946117176549063288e+01
3.030000000000000000e+03 9.240073173340933010e+01
3.040000000000000000e+03 6.968186653666143116e+01
3.050000000000000000e+03 8.087855047332847391e+01
3.060000000000000000e+03 9.457871620004011959e+01
3.070000000000000000e+03 9.405319931034613035e+01
3.080000000000000000e+03 7.758077729189398042e+01
3.090000000000000000e+03 9.372793117005036834e+01
3.100000000000000000e+03 7.688852968381692676e+01
3.110000000000000000e+03 8.959088941030825026e+01
3.120000000000000000e+03 9.838120790320535036e+01
3.130000000000000000e+03 7.789389872693297434e+01
3.140000000000000000e+03 8.172996575689288079e+01
3.150000000000000000e+03 8.525016115439714781e+01
3.160000000000000000e+03 9.108722598807190707e+01
3.170000000000000000e+03 8.582672858363729063e+01
3.180000000000000000e+03 8.237803831896533779e+01
3.190000000000000000e+03 9.436838339344758708e+01
3.200000000000000000e+03 8.629775718701434073e+01
3.210000000000000000e+03 8.779443753945507467e+01
3.220000000000000000e+03 8.472229513774310306e+01
3.230000000000000000e+03 7.148886083094502908e+01
3.240000000000000000e+03 8.347296066546034865e+01
3.250000000000000000e+03 9.609075182139036997e+01
3.260000000000000000e+03 8.120966278313457565e+01
3.270000000000000000e+03 7.789619055811350279e+01
3.280000000000000000e+03 8.594166391734052013e+01
3.290000000000000000e+03 8.113729821360954020e+01
3.300000000000000000e+03 8.445094232596915163e+01
3.310000000000000000e+03 8.708855353585389025e+01
3.320000000000000000e+03 7.943744702701542337e+01
3.330000000000000000e+03 8.507059618140313262e+01
3.340000000000000000e+03 7.512909088652919820e+01
3.350000000000000000e+03 8.469731417787541261e+01
3.360000000000000000e+03 8.052560847152788881e+01
3.370000000000000000e+03 9.194523028628032080e+01
3.380000000000000000e+03 7.520076790670005096e+01
3.390000000000000000e+03 8.929157625813191146e+01
3.400000000000000000e+03 9.054807270285381549e+01
3.410000000000000000e+03 8.749827565515195715e+01
3.420000000000000000e+03 8.565409639996437363e+01
3.430000000000000000e+03 8.754634681416342801e+01
3.440000000000000000e+03 8.574049843547008720e+01
3.450000000000000000e+03 8.810859029852530000e+01
3.460000000000000000e+03 8.638450299719714565e+01
3.470000000000000000e+03 8.053087968324308576e+01
3.480000000000000000e+03 8.175082142063563140e+01
3.490000000000000000e+03 8.235913071172602429e+01
3.500000000000000000e+03 8.807003023891299165e+01
3.510000000000000000e+03 8.606593846310440199e+01
3.520000000000000000e+03 8.666003840087554977e+01
3.530000000000000000e+03 8.100586169540653714e+01
3.540000000000000000e+03 7.638438411988131804e+01
3.550000000000000000e+03 8.042545544893900455e+01
3.560000000000000000e+03 9.754251228269284013e+01
3.570000000000000000e+03 7.903041780935447491e+01
3.580000000000000000e+03 7.519584046966194535e+01
3.590000000000000000e+03 9.157131802917793095e+01
3.600000000000000000e+03 8.864304532982332319e+01
3.610000000000000000e+03 8.304266936131709542e+01
3.620000000000000000e+03 8.214788117266130030e+01
3.630000000000000000e+03 8.320452993844156708e+01
3.640000000000000000e+03 8.176881229540273921e+01
3.650000000000000000e+03 8.912364232837906286e+01
3.660000000000000000e+03 8.441043420985340617e+01
3.670000000000000000e+03 7.847785731173031820e+01
3.680000000000000000e+03 7.713902683184812759e+01
3.690000000000000000e+03 8.514307534248717957e+01
3.700000000000000000e+03 9.086079306743620521e+01
3.710000000000000000e+03 9.130838769699239776e+01
3.720000000000000000e+03 7.905940947378810790e+01
3.730000000000000000e+03 9.100397522043940057e+01
3.740000000000000000e+03 9.956723053912614319e+01
3.750000000000000000e+03 8.905631978745120136e+01
3.760000000000000000e+03 7.440435657146821313e+01
3.770000000000000000e+03 8.689139875854937145e+01
3.780000000000000000e+03 8.973773849320028262e+01
3.790000000000000000e+03 8.261656064907830910e+01
3.800000000000000000e+03 8.237311088192721797e+01
3.810000000000000000e+03 8.551612816289686236e+01
3.820000000000000000e+03 8.087448247298304693e+01
3.830000000000000000e+03 8.687816343348185910e+01
3.840000000000000000e+03 7.338202797761628915e+01
3.850000000000000000e+03 9.341343463630305166e+01
3.860000000000000000e+03 9.054956239312113553e+01
3.870000000000000000e+03 8.360170428202624748e+01
3.880000000000000000e+03 8.630354406074515339e+01
3.890000000000000000e+03 8.445271849513405016e+01
3.900000000000000000e+03 8.508211263308527350e+01
3.910000000000000000e+03 8.414882168059666867e+01
3.920000000000000000e+03 8.063361101591003433e+01
3.930000000000000000e+03 8.785001444558275807e+01
3.940000000000000000e+03 8.106682440480844321e+01
3.950000000000000000e+03 7.918024627278118999e+01
3.960000000000000000e+03 9.421706523975355196e+01
3.970000000000000000e+03 8.384939393686130416e+01
3.980000000000000000e+03 8.413730522891452779e+01
3.990000000000000000e+03 9.329185299217628824e+01
4.000000000000000000e+03 8.606278719523118070e+01
4.010000000000000000e+03 8.650276148611213500e+01
4.020000000000000000e+03 7.741461953130604456e+01
4.030000000000000000e+03 9.095447166694010832e+01
4.040000000000000000e+03 8.436969691061959509e+01
4.050000000000000000e+03 8.285164523242048062e+01
4.060000000000000000e+03 8.021581019170065474e+01
4.070000000000000000e+03 8.747535734334670110e+01
4.080000000000000000e+03 8.192167743514363565e+01
4.090000000000000000e+03 8.717186159926592381e+01
4.100000000000000000e+03 8.647652001909516173e+01
4.110000000000000000e+03 9.372369128236640279e+01
4.120000000000000000e+03 8.830104682190975041e+01
4.130000000000000000e+03 8.114245483376572565e+01
4.140000000000000000e+03 8.534361057078297108e+01
4.150000000000000000e+03 8.281297058124916077e+01
4.160000000000000000e+03 8.112136998690490941e+01
4.170000000000000000e+03 8.938124415306988624e+01
4.180000000000000000e+03 8.577143815640715729e+01
4.190000000000000000e+03 8.833783071235714601e+01
4.200000000000000000e+03 8.521223134835946666e+01
4.210000000000000000e+03 7.399033726870668204e+01
4.220000000000000000e+03 9.665058888301268780e+01
4.230000000000000000e+03 7.704294180960468452e+01
4.240000000000000000e+03 7.539133366936057712e+01
4.250000000000000000e+03 8.377273218387279030e+01
4.260000000000000000e+03 7.265316836643037846e+01
4.270000000000000000e+03 8.281044956695056669e+01
4.280000000000000000e+03 7.253170131386262653e+01
4.290000000000000000e+03 9.072242375991211816e+01
4.300000000000000000e+03 9.453184825239841871e+01
4.310000000000000000e+03 7.974197409512746049e+01
4.320000000000000000e+03 8.664972516056320728e+01
4.330000000000000000e+03 9.751976585822615107e+01
4.340000000000000000e+03 7.682051959353489679e+01
4.350000000000000000e+03 8.799766566938797041e+01
4.360000000000000000e+03 8.863513851225052065e+01
4.370000000000000000e+03 8.471599260199666048e+01
4.380000000000000000e+03 8.112549528302984925e+01
4.390000000000000000e+03 9.257582763560129990e+01
4.400000000000000000e+03 9.296240225997607354e+01
4.410000000000000000e+03 8.230733532704620359e+01
4.420000000000000000e+03 9.567266451828339768e+01
4.430000000000000000e+03 8.369400778282182785e+01
4.440000000000000000e+03 8.625805121181176105e+01
4.450000000000000000e+03 8.527193355061210411e+01
4.460000000000000000e+03 7.354503447033101793e+01
4.470000000000000000e+03 6.064953067110108975e+01
4.480000000000000000e+03 9.098604164145180562e+01
4.490000000000000000e+03 7.728770937968457133e+01
4.500000000000000000e+03 8.243097961923544403e+01
4.510000000000000000e+03 9.896671347404952712e+01
4.520000000000000000e+03 7.539608921906015837e+01
4.530000000000000000e+03 9.388795828223040019e+01
4.540000000000000000e+03 8.115735173643912503e+01
4.550000000000000000e+03 8.992618431201880469e+01
4.560000000000000000e+03 8.611664522797349264e+01
4.570000000000000000e+03 8.337727671367350979e+01
4.580000000000000000e+03 8.752583492509774032e+01
4.590000000000000000e+03 7.635550704700672497e+01
4.600000000000000000e+03 8.734054037415243954e+01
4.610000000000000000e+03 8.518753686738934050e+01
4.620000000000000000e+03 9.144045446877005645e+01
4.630000000000000000e+03 8.224534129361303769e+01
4.640000000000000000e+03 8.190975991300491899e+01
4.650000000000000000e+03 7.695659706987846960e+01
4.660000000000000000e+03 8.531897338559234356e+01
4.670000000000000000e+03 8.205993215110871120e+01
4.680000000000000000e+03 7.842096260267382490e+01
4.690000000000000000e+03 9.619778033752079693e+01
4.700000000000000000e+03 9.624573690497325629e+01
4.710000000000000000e+03 8.128409000072205970e+01
4.720000000000000000e+03 8.926894442522423390e+01
4.730000000000000000e+03 8.342024854830832226e+01
4.740000000000000000e+03 8.563770980702362579e+01
4.750000000000000000e+03 9.355294985941739583e+01
4.760000000000000000e+03 9.243086931343320600e+01
4.770000000000000000e+03 9.406505953670533415e+01
4.780000000000000000e+03 7.103926084910587235e+01
4.790000000000000000e+03 7.981903691857255012e+01
4.800000000000000000e+03 7.420204517400752309e+01
4.810000000000000000e+03 9.009337339663798616e+01
4.820000000000000000e+03 7.181968666185356653e+01
4.830000000000000000e+03 9.049879833247254624e+01
4.840000000000000000e+03 8.968067189680525075e+01
4.850000000000000000e+03 8.213567717162500514e+01
4.860000000000000000e+03 8.574233190041451280e+01
4.870000000000000000e+03 8.586099145978610636e+01
4.880000000000000000e+03 8.912226722967075432e+01
4.890000000000000000e+03 8.043175798468544713e+01
4.900000000000000000e+03 8.016470235637497410e+01
4.910000000000000000e+03 8.734346245890760940e+01
4.920000000000000000e+03 9.684974901260017077e+01
4.930000000000000000e+03 8.199421389200719545e+01
4.940000000000000000e+03 8.008070674360880048e+01
4.950000000000000000e+03 8.324217326558165553e+01
4.960000000000000000e+03 8.747025801897004271e+01
4.970000000000000000e+03 8.179763207249781942e+01
4.980000000000000000e+03 9.209036049578695327e+01
4.990000000000000000e+03 8.964543499240470226e+01
5.000000000000000000e+03 8.098174017223152532e+01
5.010000000000000000e+03 7.415506263480679650e+01
5.020000000000000000e+03 9.493950772363399437e+01
5.030000000000000000e+03 1.026699115913185807e+02
5.040000000000000000e+03 8.006334612241633408e+01
5.050000000000000000e+03 9.070941761796264302e+01
5.060000000000000000e+03 8.320452993844156708e+01
5.070000000000000000e+03 7.919050221731403383e+01
5.080000000000000000e+03 8.094495628178412971e+01
5.090000000000000000e+03 7.956693548871498933e+01
5.100000000000000000e+03 8.596807727169606039e+01
5.110000000000000000e+03 8.164688687659889865e+01
5.120000000000000000e+03 9.040723967681064721e+01
5.130000000000000000e+03 9.058290853679775978e+01
5.140000000000000000e+03 8.277085818330702693e+01
5.150000000000000000e+03 8.274261136400708949e+01
5.160000000000000000e+03 8.129153845205877360e+01
5.170000000000000000e+03 7.753900866862895214e+01
5.180000000000000000e+03 8.310798654996200696e+01
5.190000000000000000e+03 7.932067822836775406e+01
5.200000000000000000e+03 7.724754503824590302e+01
5.210000000000000000e+03 8.590831777366391009e+01
5.220000000000000000e+03 8.525835445086750042e+01
5.230000000000000000e+03 8.447512114492367630e+01
5.240000000000000000e+03 8.094971183148371097e+01
5.250000000000000000e+03 9.096547245660661929e+01
5.260000000000000000e+03 8.338145930557796248e+01
5.270000000000000000e+03 8.778933821507840207e+01
5.280000000000000000e+03 8.702833567158565131e+01
5.290000000000000000e+03 9.625868575114320436e+01
5.300000000000000000e+03 8.645285686215625276e+01
5.310000000000000000e+03 8.197874403153866751e+01
5.320000000000000000e+03 7.462483073103454956e+01
5.330000000000000000e+03 8.715811061218278155e+01
5.340000000000000000e+03 8.279291705841957594e+01
5.350000000000000000e+03 7.783545703182963393e+01
5.360000000000000000e+03 7.987948396595885470e+01
5.370000000000000000e+03 9.271958274639963804e+01
5.380000000000000000e+03 8.685587537525127289e+01
5.390000000000000000e+03 8.010007271708421683e+01
5.400000000000000000e+03 9.340718939633612194e+01
5.410000000000000000e+03 8.541116229482889821e+01
5.420000000000000000e+03 8.082245790518516060e+01
5.430000000000000000e+03 8.889268304116183117e+01
5.440000000000000000e+03 7.767926873687697764e+01
5.450000000000000000e+03 8.462821546778262416e+01
5.460000000000000000e+03 8.551188827521289681e+01
5.470000000000000000e+03 8.593135067702816343e+01
5.480000000000000000e+03 8.511339612869940652e+01
5.490000000000000000e+03 8.765348992185288068e+01
5.500000000000000000e+03 9.722853141096115337e+01
5.510000000000000000e+03 8.292211904122157762e+01
5.520000000000000000e+03 8.602050290995053672e+01
5.530000000000000000e+03 9.317130267208077044e+01
5.540000000000000000e+03 7.323787179636137523e+01
5.550000000000000000e+03 8.686068822073036699e+01
5.560000000000000000e+03 9.418096889866029642e+01
5.570000000000000000e+03 8.687461109515204782e+01
5.580000000000000000e+03 8.490541244906691531e+01
5.590000000000000000e+03 8.415449396276846983e+01
5.600000000000000000e+03 1.022549182603053310e+02
5.610000000000000000e+03 9.428049166767452505e+01
5.620000000000000000e+03 8.875969953691196679e+01
5.630000000000000000e+03 7.839827347398664870e+01
5.640000000000000000e+03 8.997792240091912674e+01
5.650000000000000000e+03 7.819418590736104591e+01
5.660000000000000000e+03 9.118067540445774455e+01
5.670000000000000000e+03 7.760971166054810055e+01
5.680000000000000000e+03 8.364364479262981433e+01
5.690000000000000000e+03 8.809776139619732760e+01
5.700000000000000000e+03 8.140011395423606189e+01
5.710000000000000000e+03 7.849854108813454445e+01
5.720000000000000000e+03 9.518553580086317822e+01
5.730000000000000000e+03 7.116279054973607288e+01
5.740000000000000000e+03 8.842194091668234535e+01
5.750000000000000000e+03 8.159165374514829239e+01
5.760000000000000000e+03 9.090496811344080186e+01
5.770000000000000000e+03 8.852455765779028241e+01
5.780000000000000000e+03 8.365768225861052088e+01
5.790000000000000000e+03 9.239110604245112768e+01
5.800000000000000000e+03 8.912536120176446275e+01
5.810000000000000000e+03 7.627334489918496274e+01
5.820000000000000000e+03 7.871987468439357372e+01
5.830000000000000000e+03 9.234842068671387949e+01
5.840000000000000000e+03 8.186363681049689944e+01
5.850000000000000000e+03 9.125733715744624419e+01
5.860000000000000000e+03 9.171197916788256066e+01
5.870000000000000000e+03 8.600102234491608044e+01
5.880000000000000000e+03 7.672575237422024941e+01
5.890000000000000000e+03 8.284276438659594533e+01
5.900000000000000000e+03 8.202526820450329126e+01
5.910000000000000000e+03 8.226459267552944254e+01
5.920000000000000000e+03 8.821000382826345287e+01
5.930000000000000000e+03 8.571316834864234124e+01
5.940000000000000000e+03 7.700638710227534034e+01
5.950000000000000000e+03 7.738087231717284453e+01
5.960000000000000000e+03 8.952482737652967160e+01
5.970000000000000000e+03 8.342013395674928233e+01
5.980000000000000000e+03 7.808996488442674888e+01
5.990000000000000000e+03 7.711650959049947573e+01
6.000000000000000000e+03 9.819230371815071123e+01
6.010000000000000000e+03 9.093350141163830358e+01
6.020000000000000000e+03 8.665872059794675408e+01
6.030000000000000000e+03 8.139999936267703617e+01
6.040000000000000000e+03 8.400604059805007751e+01
6.050000000000000000e+03 8.557222073104017568e+01
6.060000000000000000e+03 8.003624521870663955e+01
6.070000000000000000e+03 7.941189310935259016e+01
6.080000000000000000e+03 8.791361276084226972e+01
6.090000000000000000e+03 8.203930567048399780e+01
6.100000000000000000e+03 8.358823977384066950e+01
6.110000000000000000e+03 8.592745456402127502e+01
6.120000000000000000e+03 8.933804313531702235e+01
6.130000000000000000e+03 8.687999689842628470e+01
6.140000000000000000e+03 7.585027286326035778e+01
6.150000000000000000e+03 7.509603122175015244e+01
6.160000000000000000e+03 8.718412289608171761e+01
6.170000000000000000e+03 9.106780271881697786e+01
6.180000000000000000e+03 8.419620529025398525e+01
6.190000000000000000e+03 7.524889636149106309e+01
6.200000000000000000e+03 8.769531584089743603e+01
6.210000000000000000e+03 8.339698646182600328e+01
6.220000000000000000e+03 7.516770824192101941e+01
6.230000000000000000e+03 8.798998803493321930e+01
6.240000000000000000e+03 8.723190757619562419e+01
6.250000000000000000e+03 8.175477482942203267e+01
6.260000000000000000e+03 9.080613289378074171e+01
6.270000000000000000e+03 8.613452151118156053e+01
6.280000000000000000e+03 7.486415520206070084e+01
6.290000000000000000e+03 8.249480711761300711e+01
6.300000000000000000e+03 9.746229819137452921e+01
6.310000000000000000e+03 9.597489975521492056e+01
6.320000000000000000e+03 9.230006304880484436e+01
6.330000000000000000e+03 8.514341911716425670e+01
6.340000000000000000e+03 9.115345990918902430e+01
6.350000000000000000e+03 9.072580421090339087e+01
6.360000000000000000e+03 7.901042158230441714e+01
6.370000000000000000e+03 7.636794023116107155e+01
6.380000000000000000e+03 7.975308947635298296e+01
6.390000000000000000e+03 9.543815289273635472e+01
6.400000000000000000e+03 7.776824908246079815e+01
6.410000000000000000e+03 8.031613510162804914e+01
6.420000000000000000e+03 8.737938691266229796e+01
6.430000000000000000e+03 8.496694811626396415e+01
6.440000000000000000e+03 8.783935743059332424e+01
6.450000000000000000e+03 7.906725899558139758e+01
6.460000000000000000e+03 8.283268032940165426e+01
6.470000000000000000e+03 8.800929671262912279e+01
6.480000000000000000e+03 9.155453036578060733e+01
6.490000000000000000e+03 8.459979676114413394e+01
6.500000000000000000e+03 7.902274017489973801e+01
6.510000000000000000e+03 1.008978104267584541e+02
6.520000000000000000e+03 8.724680447886903778e+01
6.530000000000000000e+03 8.522609692700164885e+01
6.540000000000000000e+03 8.053953134594955543e+01
6.550000000000000000e+03 8.404431417876480737e+01
6.560000000000000000e+03 9.622969408670958558e+01
6.570000000000000000e+03 8.689397706862746418e+01
6.580000000000000000e+03 7.735772482224955127e+01
6.590000000000000000e+03 7.812789469046440161e+01
6.600000000000000000e+03 8.086365357065507453e+01
6.610000000000000000e+03 7.820570235904317258e+01
6.620000000000000000e+03 7.808910544773405604e+01
6.630000000000000000e+03 8.567432181013248282e+01
6.640000000000000000e+03 7.555514230298847167e+01
6.650000000000000000e+03 8.256671332090192550e+01
6.660000000000000000e+03 9.022486721062051629e+01
6.670000000000000000e+03 7.954247019086290038e+01
6.680000000000000000e+03 8.171713150228194422e+01
6.690000000000000000e+03 7.748601007257936146e+01
6.700000000000000000e+03 8.326893039461425872e+01
6.710000000000000000e+03 8.818313210767182397e+01
6.720000000000000000e+03 7.633929234140451570e+01
6.730000000000000000e+03 8.197255608735126486e+01
6.740000000000000000e+03 8.402219800787275972e+01
6.750000000000000000e+03 8.288315791115267928e+01
6.760000000000000000e+03 8.376591398611074624e+01
6.770000000000000000e+03 8.025293785682512748e+01
6.780000000000000000e+03 9.959610761200073625e+01
6.790000000000000000e+03 9.089305059130208519e+01
6.800000000000000000e+03 7.351873570753450338e+01
6.810000000000000000e+03 6.796305044704848797e+01
6.820000000000000000e+03 8.610054511393029486e+01
6.830000000000000000e+03 8.398696110347221122e+01
6.840000000000000000e+03 9.260149614482315883e+01
6.850000000000000000e+03 9.657278121443393104e+01
6.860000000000000000e+03 9.069377587015557651e+01
6.870000000000000000e+03 7.958125943359326016e+01
6.880000000000000000e+03 9.033172383941240469e+01
6.890000000000000000e+03 9.402266065986566446e+01
6.900000000000000000e+03 8.622831470224447514e+01
6.910000000000000000e+03 8.268829496502868892e+01
6.920000000000000000e+03 1.013093660110009182e+02
6.930000000000000000e+03 7.433732050943791592e+01
6.940000000000000000e+03 8.836017606636724508e+01
6.950000000000000000e+03 9.232802338920723173e+01
6.960000000000000000e+03 7.439215257043193219e+01
6.970000000000000000e+03 8.049300717298493169e+01
6.980000000000000000e+03 9.227536856783470398e+01
6.990000000000000000e+03 7.143139316409339301e+01
7.000000000000000000e+03 8.642678728247778963e+01
7.010000000000000000e+03 6.958492207772529525e+01
7.020000000000000000e+03 8.972988897140699294e+01
7.030000000000000000e+03 8.967253589611439679e+01
7.040000000000000000e+03 8.298325363796203646e+01
7.050000000000000000e+03 8.902234339019993570e+01
7.060000000000000000e+03 8.564790845577694256e+01
7.070000000000000000e+03 8.054577658591648515e+01
7.080000000000000000e+03 9.198058178223989501e+01
7.090000000000000000e+03 8.740385221051438691e+01
7.100000000000000000e+03 8.394547895910473301e+01
7.110000000000000000e+03 7.543808702544325229e+01
7.120000000000000000e+03 8.763950975165170121e+01
7.130000000000000000e+03 8.750016641587588140e+01
7.140000000000000000e+03 8.571104840480037979e+01
7.150000000000000000e+03 7.907900463038158989e+01
7.160000000000000000e+03 8.191422898380693596e+01
7.170000000000000000e+03 8.894023853815768632e+01
7.180000000000000000e+03 8.884300760032398614e+01
7.190000000000000000e+03 7.609847818011103016e+01
7.200000000000000000e+03 8.788811613895896357e+01
7.210000000000000000e+03 8.270720257226800243e+01
7.220000000000000000e+03 7.801525118794168634e+01
7.230000000000000000e+03 8.543963829724690129e+01
7.240000000000000000e+03 7.402626172246139902e+01
7.250000000000000000e+03 8.953783351847913252e+01
7.260000000000000000e+03 7.948924241169524407e+01
7.270000000000000000e+03 7.904147589480051295e+01
7.280000000000000000e+03 8.788519405420379371e+01
7.290000000000000000e+03 8.379467646742631359e+01
7.300000000000000000e+03 9.497543217738871135e+01
7.310000000000000000e+03 7.069032955187118716e+01
7.320000000000000000e+03 9.750446788509614748e+01
7.330000000000000000e+03 8.031814045391101331e+01
7.340000000000000000e+03 8.420686230524341909e+01
7.350000000000000000e+03 9.408436821440125186e+01
7.360000000000000000e+03 8.332032470883748942e+01
7.370000000000000000e+03 8.012946545197442560e+01
7.380000000000000000e+03 8.345445412867762514e+01
7.390000000000000000e+03 7.964417019949861754e+01
7.400000000000000000e+03 8.943195091793896268e+01
7.410000000000000000e+03 7.897031453664526168e+01
7.420000000000000000e+03 8.648838024545435132e+01
7.430000000000000000e+03 9.028582992002242236e+01
7.440000000000000000e+03 8.688607025105466164e+01
7.450000000000000000e+03 8.422794715210422112e+01
7.460000000000000000e+03 7.609120161611286903e+01
7.470000000000000000e+03 9.924585851183726959e+01
7.480000000000000000e+03 1.013599008885314703e+02
7.490000000000000000e+03 9.465612279816230057e+01
7.500000000000000000e+03 7.456444097942777205e+01
7.510000000000000000e+03 8.971126784306524371e+01
7.520000000000000000e+03 8.404477254500091021e+01
7.530000000000000000e+03 7.124564024691198938e+01
7.540000000000000000e+03 7.637917020394561973e+01
7.550000000000000000e+03 8.588379518003232249e+01
7.560000000000000000e+03 8.860391231241590049e+01
7.570000000000000000e+03 9.562957809208957372e+01
7.580000000000000000e+03 8.227439025382618354e+01
7.590000000000000000e+03 7.876531023754745320e+01
7.600000000000000000e+03 8.883000145837451100e+01
7.610000000000000000e+03 8.935918527795735145e+01
7.620000000000000000e+03 8.024445808145718217e+01
7.630000000000000000e+03 8.052262909099320609e+01
7.640000000000000000e+03 8.087700348728161259e+01
7.650000000000000000e+03 8.877299215775899199e+01
7.660000000000000000e+03 9.023621177496409018e+01
7.670000000000000000e+03 9.449070988270801763e+01
7.680000000000000000e+03 7.005600797688185821e+01
7.690000000000000000e+03 9.483763582765973865e+01
7.700000000000000000e+03 8.939992257719114832e+01
7.710000000000000000e+03 7.705377071193265692e+01
7.720000000000000000e+03 8.273522020844990266e+01
7.730000000000000000e+03 9.726743524525053886e+01
7.740000000000000000e+03 8.339389248973229485e+01
7.750000000000000000e+03 8.865020730226245860e+01
7.760000000000000000e+03 8.747432601931548390e+01
7.770000000000000000e+03 9.763905567117238604e+01
7.780000000000000000e+03 7.601098752479455811e+01
7.790000000000000000e+03 7.018578291747900266e+01
7.800000000000000000e+03 8.191554678673574585e+01
7.810000000000000000e+03 9.047307252747118866e+01
7.820000000000000000e+03 8.860213614325100195e+01
7.830000000000000000e+03 9.060662898951616739e+01
7.840000000000000000e+03 8.601803919143146970e+01
7.850000000000000000e+03 9.542915745535280792e+01
7.860000000000000000e+03 1.026002972192101907e+02
7.870000000000000000e+03 1.163645769231969780e+02
7.880000000000000000e+03 1.063747139904139942e+02
7.890000000000000000e+03 9.424668715776179795e+01
7.900000000000000000e+03 9.529136110562384943e+01
7.910000000000000000e+03 8.636169927695092952e+01
7.920000000000000000e+03 8.462953327071141985e+01
7.930000000000000000e+03 9.554844726829904289e+01
7.940000000000000000e+03 9.099921967073981932e+01
7.950000000000000000e+03 8.229748045296994974e+01
7.960000000000000000e+03 7.086651407387391544e+01
7.970000000000000000e+03 9.447678700828633680e+01
7.980000000000000000e+03 1.007062133400667108e+02
7.990000000000000000e+03 7.611280212498930098e+01
8.000000000000000000e+03 6.857875089369605348e+01
8.010000000000000000e+03 9.175472181939930749e+01
8.020000000000000000e+03 8.604370770065332863e+01
8.030000000000000000e+03 7.856305613586627601e+01
8.040000000000000000e+03 8.073015440438958024e+01
8.050000000000000000e+03 8.415254590626501852e+01
8.060000000000000000e+03 9.095091932861029704e+01
8.070000000000000000e+03 8.364370208840934140e+01
8.080000000000000000e+03 8.416669796380473656e+01
8.090000000000000000e+03 8.646987370867164202e+01
8.100000000000000000e+03 8.800379631779587442e+01
8.110000000000000000e+03 7.874777772901644823e+01
8.120000000000000000e+03 8.639315465990361531e+01
8.130000000000000000e+03 7.420840500553346430e+01
8.140000000000000000e+03 9.267764223579604277e+01
8.150000000000000000e+03 8.527766312856340392e+01
8.160000000000000000e+03 8.398249203267018004e+01
8.170000000000000000e+03 7.888316765600586677e+01
8.180000000000000000e+03 8.748670190769030341e+01
8.190000000000000000e+03 8.044006587271485387e+01
8.200000000000000000e+03 8.761831031323185925e+01
8.210000000000000000e+03 8.442533111252680555e+01
8.220000000000000000e+03 8.250964672450689363e+01
8.230000000000000000e+03 8.729040656707849166e+01
8.240000000000000000e+03 8.672713175868537405e+01
8.250000000000000000e+03 8.406029970124895101e+01
8.260000000000000000e+03 8.084514703387233681e+01
8.270000000000000000e+03 8.064495558025363664e+01
8.280000000000000000e+03 8.150381931515472900e+01
8.290000000000000000e+03 9.209104804514110754e+01
8.300000000000000000e+03 8.670283834817182367e+01
8.310000000000000000e+03 7.938026583906136580e+01
8.320000000000000000e+03 8.908788976196291287e+01
8.330000000000000000e+03 7.715747607285133824e+01
8.340000000000000000e+03 8.824037059140538020e+01
8.350000000000000000e+03 8.820713903928779587e+01
8.360000000000000000e+03 9.136396460312010959e+01
8.370000000000000000e+03 7.745363795715445576e+01
8.380000000000000000e+03 7.853744492242392994e+01
8.390000000000000000e+03 8.959283746681170157e+01
8.400000000000000000e+03 8.721918791314372754e+01
8.410000000000000000e+03 8.712212886264855172e+01
8.420000000000000000e+03 9.466225344657020457e+01
8.430000000000000000e+03 8.465663417442112859e+01
8.440000000000000000e+03 8.619256213582831094e+01
8.450000000000000000e+03 7.991712729309894314e+01
8.460000000000000000e+03 9.445295196400890347e+01
8.470000000000000000e+03 8.930893687932437786e+01
8.480000000000000000e+03 8.815167672471913818e+01
8.490000000000000000e+03 8.009136375859823431e+01
8.500000000000000000e+03 1.024637040808510022e+02
8.510000000000000000e+03 9.663305637448169705e+01
8.520000000000000000e+03 9.410081210312149835e+01
8.530000000000000000e+03 9.302703189926683081e+01
8.540000000000000000e+03 8.268812307769013614e+01
8.550000000000000000e+03 9.902693133831778027e+01
8.560000000000000000e+03 9.878222106401740632e+01
8.570000000000000000e+03 8.469674122008026984e+01
8.580000000000000000e+03 7.790976965785810648e+01
8.590000000000000000e+03 1.004825306168476402e+02
8.600000000000000000e+03 8.685364083985025729e+01
8.610000000000000000e+03 1.042574057542875465e+02
8.620000000000000000e+03 1.135655062066443719e+02
8.630000000000000000e+03 1.018956164269787763e+02
8.640000000000000000e+03 9.262590414689573493e+01
8.650000000000000000e+03 9.508400767956599964e+01
8.660000000000000000e+03 8.528345000229424500e+01
8.670000000000000000e+03 7.162849064561841317e+01
8.680000000000000000e+03 8.897656406236897908e+01
8.690000000000000000e+03 8.462540797458649422e+01
8.700000000000000000e+03 8.700742271206337364e+01
8.710000000000000000e+03 8.437422327720112492e+01
8.720000000000000000e+03 8.101577386526228963e+01
8.730000000000000000e+03 8.789831478771228035e+01
8.740000000000000000e+03 7.926699208296399490e+01
8.750000000000000000e+03 8.607269936508694741e+01
8.760000000000000000e+03 8.236543324747246686e+01
8.770000000000000000e+03 8.248351984904893186e+01
8.780000000000000000e+03 8.640037392812226358e+01
8.790000000000000000e+03 7.507683713561326044e+01
8.800000000000000000e+03 7.931007850915784729e+01
8.810000000000000000e+03 8.782503348571505342e+01
8.820000000000000000e+03 7.716492452418803794e+01
8.830000000000000000e+03 7.933437191967138347e+01
8.840000000000000000e+03 7.937459355688956464e+01
8.850000000000000000e+03 8.772419291377204331e+01
8.860000000000000000e+03 7.829164602831279751e+01
8.870000000000000000e+03 8.748750404860348340e+01
8.880000000000000000e+03 9.487923256358624258e+01
8.890000000000000000e+03 9.255033101371797954e+01
8.900000000000000000e+03 7.967499532887666192e+01
8.910000000000000000e+03 7.748331717094222881e+01
8.920000000000000000e+03 8.490111526560343691e+01
8.930000000000000000e+03 8.154512957218366864e+01
8.940000000000000000e+03 7.417597559432907417e+01
8.950000000000000000e+03 8.028702884563540465e+01
8.960000000000000000e+03 8.316872007624587582e+01
8.970000000000000000e+03 8.499937752746838271e+01
8.980000000000000000e+03 9.367034891163972077e+01
8.990000000000000000e+03 8.338816291178098083e+01
9.000000000000000000e+03 7.354050810374948810e+01
9.010000000000000000e+03 7.662416695714357218e+01
9.020000000000000000e+03 9.209757976400560153e+01
9.030000000000000000e+03 8.224809149102966899e+01
9.040000000000000000e+03 7.635224118757447798e+01
9.050000000000000000e+03 8.579137708767770221e+01
9.060000000000000000e+03 7.270404701863799346e+01
9.070000000000000000e+03 8.410602173330039477e+01
9.080000000000000000e+03 8.651359038844010740e+01
9.090000000000000000e+03 8.240003989829837394e+01
9.100000000000000000e+03 7.581079607117584374e+01
9.110000000000000000e+03 7.717019573590323489e+01
9.120000000000000000e+03 8.921840954769371024e+01
9.130000000000000000e+03 7.993460250585043525e+01
9.140000000000000000e+03 8.392204498528387546e+01
9.150000000000000000e+03 9.921514797401825092e+01
9.160000000000000000e+03 8.416686985114328934e+01
9.170000000000000000e+03 7.817447615920853821e+01
9.180000000000000000e+03 7.520403376613229796e+01
9.190000000000000000e+03 8.977830390509554093e+01
9.200000000000000000e+03 8.584701128958491267e+01
9.210000000000000000e+03 8.471009113670682211e+01
9.220000000000000000e+03 8.066707175114568429e+01
9.230000000000000000e+03 8.586127793868367064e+01
9.240000000000000000e+03 8.266090758242143011e+01
9.250000000000000000e+03 8.568990626216003648e+01
9.260000000000000000e+03 9.402959344918674844e+01
9.270000000000000000e+03 9.250856239045293705e+01
9.280000000000000000e+03 8.307303612445902274e+01
9.290000000000000000e+03 7.041301797902787030e+01
9.300000000000000000e+03 7.237728918807488299e+01
9.310000000000000000e+03 9.183424836136347835e+01
9.320000000000000000e+03 9.466317017904241027e+01
9.330000000000000000e+03 9.194637620187057792e+01
9.340000000000000000e+03 7.915102542522951978e+01
9.350000000000000000e+03 8.884747667112600311e+01
9.360000000000000000e+03 7.419092979278198641e+01
9.370000000000000000e+03 8.274650747701397790e+01
9.380000000000000000e+03 7.235975667954386381e+01
9.390000000000000000e+03 8.590791670320732010e+01
9.400000000000000000e+03 8.114377263669452134e+01
9.410000000000000000e+03 8.596229039796523352e+01
9.420000000000000000e+03 8.162385397323463110e+01
9.430000000000000000e+03 8.136424679626087197e+01
9.440000000000000000e+03 7.288378387897053301e+01
9.450000000000000000e+03 7.606639254358371716e+01
9.460000000000000000e+03 8.958556090281354045e+01
9.470000000000000000e+03 8.151304393565634143e+01
9.480000000000000000e+03 8.655421309611489278e+01
9.490000000000000000e+03 8.603763434802493748e+01
9.500000000000000000e+03 7.961701200000941014e+01
9.510000000000000000e+03 8.800339524733928442e+01
9.520000000000000000e+03 8.804900268783170247e+01
9.530000000000000000e+03 8.517974464137554946e+01
9.540000000000000000e+03 8.780629776581427848e+01
9.550000000000000000e+03 8.875265215603185709e+01
9.560000000000000000e+03 9.010712438372111421e+01
9.570000000000000000e+03 8.499668462583125006e+01
9.580000000000000000e+03 7.846032480319931324e+01
9.590000000000000000e+03 9.254139287211393139e+01
9.600000000000000000e+03 7.998651248208929587e+01
9.610000000000000000e+03 9.153568005432080668e+01
9.620000000000000000e+03 7.983989258231531494e+01
9.630000000000000000e+03 8.246822187591892828e+01
9.640000000000000000e+03 8.450439928825485936e+01
9.650000000000000000e+03 7.696387363387663072e+01
9.660000000000000000e+03 8.732426837277070319e+01
9.670000000000000000e+03 9.114956379618213589e+01
9.680000000000000000e+03 6.902743414306300451e+01
9.690000000000000000e+03 9.713347771274894171e+01
9.700000000000000000e+03 9.421849763424137336e+01
9.710000000000000000e+03 8.422983791282817378e+01
9.720000000000000000e+03 8.439742806790393104e+01
9.730000000000000000e+03 7.751058996199046192e+01
9.740000000000000000e+03 8.821510315264012547e+01
9.750000000000000000e+03 8.850461872651972328e+01
9.760000000000000000e+03 9.846749534715205243e+01
9.770000000000000000e+03 9.176417562301898556e+01
9.780000000000000000e+03 9.323461450844271781e+01
9.790000000000000000e+03 8.380338542591229611e+01
9.800000000000000000e+03 7.812222240829261466e+01
9.810000000000000000e+03 8.024801041978699345e+01
9.820000000000000000e+03 8.055683467136250897e+01
9.830000000000000000e+03 7.716629962289634648e+01
9.840000000000000000e+03 8.618677526209749828e+01
9.850000000000000000e+03 8.334158144303685845e+01
9.860000000000000000e+03 8.208021485705633324e+01
9.870000000000000000e+03 8.961799031401794480e+01
9.880000000000000000e+03 9.270829547783554858e+01
9.890000000000000000e+03 9.237483404106940554e+01
9.900000000000000000e+03 8.730341270902795259e+01
9.910000000000000000e+03 8.743272928338897998e+01
9.920000000000000000e+03 8.495732242530577594e+01
9.930000000000000000e+03 9.216994433353062277e+01
9.940000000000000000e+03 7.695189881595840120e+01
9.950000000000000000e+03 7.854053889451763837e+01
9.960000000000000000e+03 8.921336751909655050e+01
9.970000000000000000e+03 8.277068629596848837e+01
9.980000000000000000e+03 8.913275235732164958e+01
9.990000000000000000e+03 8.187108526183358492e+01
