0.000000000000000000e+00 7.904560119092545278e+01
1.000000000000000000e+01 7.660841061777746575e+01
2.000000000000000000e+01 7.434282090427117851e+01
3.000000000000000000e+01 7.968742851303100849e+01
4.000000000000000000e+01 7.432935639608558631e+01
5.000000000000000000e+01 6.983530463419747036e+01
6.000000000000000000e+01 9.428650772452340334e+01
7.000000000000000000e+01 7.182598919760000911e+01
8.000000000000000000e+01 6.553136026873374931e+01
9.000000000000000000e+01 8.430959363791036765e+01
1.000000000000000000e+02 7.621094979529522107e+01
1.100000000000000000e+02 7.811947221087599758e+01
1.200000000000000000e+02 7.515092057852368157e+01
1.300000000000000000e+02 5.774234281860729112e+01
1.400000000000000000e+02 7.813820793077677251e+01
1.500000000000000000e+02 8.138338358661823690e+01
1.600000000000000000e+02 5.931293472661990052e+01
1.700000000000000000e+02 7.808475096849105057e+01
1.800000000000000000e+02 7.779832936670516119e+01
1.900000000000000000e+02 6.477408195090934839e+01
2.000000000000000000e+02 8.274358539225880804e+01
2.100000000000000000e+02 7.417391294626659715e+01
2.200000000000000000e+02 7.947285581875449623e+01
2.300000000000000000e+02 7.116009764809895444e+01
2.400000000000000000e+02 7.180645133678603997e+01
2.500000000000000000e+02 8.946300523043504427e+01
2.600000000000000000e+02 6.974466271100776282e+01
2.700000000000000000e+02 7.227123470019616036e+01
2.800000000000000000e+02 7.105112107546507616e+01
2.900000000000000000e+02 7.062197568691208005e+01
3.000000000000000000e+02 6.915153680148834781e+01
3.100000000000000000e+02 8.106252722134497901e+01
3.200000000000000000e+02 7.337469411783861517e+01
3.300000000000000000e+02 6.488987672130527073e+01
3.400000000000000000e+02 7.638226417603932816e+01
3.500000000000000000e+02 7.618155706040501229e+01
3.600000000000000000e+02 5.929047478105076863e+01
3.700000000000000000e+02 7.799422363686039716e+01
3.800000000000000000e+02 7.966771876487850079e+01
3.900000000000000000e+02 6.874393462603227078e+01
4.000000000000000000e+02 6.584064288654536767e+01
4.100000000000000000e+02 6.433834754771234543e+01
4.200000000000000000e+02 8.041233471543051792e+01
4.300000000000000000e+02 7.273183547170182806e+01
4.400000000000000000e+02 7.252098700309369406e+01
4.500000000000000000e+02 6.603504746643325518e+01
4.600000000000000000e+02 6.874152820329273084e+01
4.700000000000000000e+02 7.781947150934549029e+01
4.800000000000000000e+02 7.671114195044442852e+01
4.900000000000000000e+02 7.705887003630932952e+01
5.000000000000000000e+02 7.335286442584413180e+01
5.100000000000000000e+02 7.125744317749168033e+01
5.200000000000000000e+02 6.764099087040544589e+01
5.300000000000000000e+02 7.066305676082296827e+01
5.400000000000000000e+02 7.593134639127137575e+01
5.500000000000000000e+02 7.142125181111958909e+01
5.600000000000000000e+02 6.854540475001944344e+01
5.700000000000000000e+02 6.515343730706545955e+01
5.800000000000000000e+02 7.745541412631936851e+01
5.900000000000000000e+02 8.617932681076079859e+01
6.000000000000000000e+02 8.284098821743104679e+01
6.100000000000000000e+02 6.858963709180353874e+01
6.200000000000000000e+02 7.287467385002794629e+01
6.300000000000000000e+02 7.533690267882315084e+01
6.400000000000000000e+02 9.036386677171924475e+01
6.500000000000000000e+02 7.541683029124389748e+01
6.600000000000000000e+02 7.909825601229798053e+01
6.700000000000000000e+02 6.984957128329622833e+01
6.800000000000000000e+02 7.799875000344192699e+01
6.900000000000000000e+02 8.239035691156065866e+01
7.000000000000000000e+02 7.450766086193030446e+01
7.100000000000000000e+02 8.270617124823677102e+01
7.200000000000000000e+02 7.301871543972383449e+01
7.300000000000000000e+02 6.935379090316952500e+01
7.400000000000000000e+02 7.612764173188320171e+01
7.500000000000000000e+02 7.170853284959817131e+01
7.600000000000000000e+02 8.686802208050804097e+01
7.700000000000000000e+02 7.910369911135171606e+01
7.800000000000000000e+02 7.385437438392213494e+01
7.900000000000000000e+02 8.072700313651635895e+01
8.000000000000000000e+02 8.903838620846360641e+01
8.100000000000000000e+02 6.945967350370969484e+01
8.200000000000000000e+02 7.500498822810385491e+01
8.300000000000000000e+02 8.753884106704721546e+01
8.400000000000000000e+02 7.380063094273887714e+01
8.500000000000000000e+02 7.673073710703789629e+01
8.600000000000000000e+02 8.154524416374269435e+01
8.700000000000000000e+02 6.783241606975865068e+01
8.800000000000000000e+02 7.437421899144433723e+01
8.900000000000000000e+02 7.500934270734686038e+01
9.000000000000000000e+02 6.713386592593515445e+01
9.100000000000000000e+02 7.802682493540334008e+01
9.200000000000000000e+02 6.851320452193309052e+01
9.300000000000000000e+02 6.568611616919858420e+01
9.400000000000000000e+02 6.561759041690093852e+01
9.500000000000000000e+02 7.252883652488698374e+01
9.600000000000000000e+02 7.052709387603842117e+01
9.700000000000000000e+02 7.956263830525151093e+01
9.800000000000000000e+02 6.653323426929951268e+01
9.900000000000000000e+02 7.017334973332465609e+01
1.000000000000000000e+03 7.942764944871868238e+01
1.010000000000000000e+03 7.994835349293357751e+01
1.020000000000000000e+03 8.017593232915955070e+01
1.030000000000000000e+03 7.518541263779054873e+01
1.040000000000000000e+03 6.937430279223519847e+01
1.050000000000000000e+03 7.871500454313496675e+01
1.060000000000000000e+03 7.688050827468509851e+01
1.070000000000000000e+03 7.423556320502267170e+01
1.080000000000000000e+03 8.499805972453957281e+01
1.090000000000000000e+03 7.680103902850044051e+01
1.100000000000000000e+03 7.418010089045401401e+01
1.110000000000000000e+03 8.098523521478182374e+01
1.120000000000000000e+03 8.326526346472542173e+01
1.130000000000000000e+03 7.427750371562625276e+01
1.140000000000000000e+03 7.280643457662786489e+01
1.150000000000000000e+03 7.802413203376622164e+01
1.160000000000000000e+03 7.100614388854729953e+01
1.170000000000000000e+03 7.026742940328513498e+01
1.180000000000000000e+03 8.746034584911427601e+01
1.190000000000000000e+03 7.325821179808852435e+01
1.200000000000000000e+03 7.861187214001141399e+01
1.210000000000000000e+03 7.762432208432393566e+01
1.220000000000000000e+03 8.025127627921924045e+01
1.230000000000000000e+03 7.364438535200669378e+01
1.240000000000000000e+03 7.229919504059854773e+01
1.250000000000000000e+03 7.084743457929606336e+01
1.260000000000000000e+03 7.460156864455224479e+01
1.270000000000000000e+03 7.983697049756014508e+01
1.280000000000000000e+03 8.507030970250558255e+01
1.290000000000000000e+03 8.119952143016075752e+01
1.300000000000000000e+03 6.695430095294115347e+01
1.310000000000000000e+03 8.377055494425130178e+01
1.320000000000000000e+03 8.422708771541154249e+01
1.330000000000000000e+03 7.342001507943345473e+01
1.340000000000000000e+03 6.729618486929570054e+01
1.350000000000000000e+03 7.337360549802785670e+01
1.360000000000000000e+03 7.944111395690426036e+01
1.370000000000000000e+03 7.583904289047580960e+01
1.380000000000000000e+03 7.002873518583363932e+01
1.390000000000000000e+03 7.451407798923577275e+01
1.400000000000000000e+03 7.403330910334149451e+01
1.410000000000000000e+03 8.041073043360415795e+01
1.420000000000000000e+03 6.652011353579101183e+01
1.430000000000000000e+03 7.377903043386244519e+01
1.440000000000000000e+03 7.360244484140311272e+01
1.450000000000000000e+03 7.117682801571677942e+01
1.460000000000000000e+03 7.294646546175783897e+01
1.470000000000000000e+03 7.048142913976649027e+01
1.480000000000000000e+03 8.090616703905378415e+01
1.490000000000000000e+03 5.940512363585644806e+01
1.500000000000000000e+03 8.333631023132164728e+01
1.510000000000000000e+03 7.539374009210011707e+01
1.520000000000000000e+03 6.508525532944489100e+01
1.530000000000000000e+03 6.772825234260386651e+01
1.540000000000000000e+03 6.506130569360843197e+01
1.550000000000000000e+03 7.556259075432517136e+01
1.560000000000000000e+03 6.808858549996163845e+01
1.570000000000000000e+03 6.876845721966387259e+01
1.580000000000000000e+03 7.336867806098973688e+01
1.590000000000000000e+03 8.248655652536312743e+01
1.600000000000000000e+03 7.334690566477478058e+01
1.610000000000000000e+03 7.529605078803032825e+01
1.620000000000000000e+03 6.505133622797313819e+01
1.630000000000000000e+03 7.742063558815492286e+01
1.640000000000000000e+03 7.956401340395981947e+01
1.650000000000000000e+03 7.540370955773539663e+01
1.660000000000000000e+03 7.585875263862830309e+01
1.670000000000000000e+03 8.782589292240774625e+01
1.680000000000000000e+03 7.745638815457108706e+01
1.690000000000000000e+03 6.709095138707984063e+01
1.700000000000000000e+03 8.079134629690955194e+01
1.710000000000000000e+03 6.941567034504365097e+01
1.720000000000000000e+03 8.773204243556531878e+01
1.730000000000000000e+03 7.302679414463518981e+01
1.740000000000000000e+03 7.955685143152068406e+01
1.750000000000000000e+03 6.108091059505508014e+01
1.760000000000000000e+03 8.461664172032098463e+01
1.770000000000000000e+03 7.728822504170020125e+01
1.780000000000000000e+03 6.967098033855394590e+01
1.790000000000000000e+03 7.572158654247397180e+01
1.800000000000000000e+03 7.417752258037593549e+01
1.810000000000000000e+03 7.559977571522917117e+01
1.820000000000000000e+03 7.764867279061698468e+01
1.830000000000000000e+03 8.127389135196872871e+01
1.840000000000000000e+03 6.427503571135038385e+01
1.850000000000000000e+03 7.632170253709401209e+01
1.860000000000000000e+03 6.489050697487992636e+01
1.870000000000000000e+03 7.913687336768980174e+01
1.880000000000000000e+03 7.767720608881450062e+01
1.890000000000000000e+03 7.265391321156403137e+01
1.900000000000000000e+03 7.584700700382811078e+01
1.910000000000000000e+03 7.322074035828696026e+01
1.920000000000000000e+03 6.386462604269819110e+01
1.930000000000000000e+03 8.239952423628274403e+01
1.940000000000000000e+03 7.643520547630942019e+01
1.950000000000000000e+03 7.659592013784362052e+01
1.960000000000000000e+03 7.255926058380842392e+01
1.970000000000000000e+03 7.564887819827187343e+01
1.980000000000000000e+03 8.639023257514844545e+01
1.990000000000000000e+03 7.064191461818263917e+01
2.000000000000000000e+03 8.053804165568222118e+01
2.010000000000000000e+03 7.346762787220883695e+01
2.020000000000000000e+03 7.420473807564464153e+01
2.030000000000000000e+03 6.955209159606430092e+01
2.040000000000000000e+03 7.179573702601709329e+01
2.050000000000000000e+03 8.169541640184648656e+01
2.060000000000000000e+03 6.757137649829704173e+01
2.070000000000000000e+03 7.593965427930076828e+01
2.080000000000000000e+03 9.030353431589198010e+01
2.090000000000000000e+03 7.693253284248298485e+01
2.100000000000000000e+03 7.493766568717599341e+01
2.110000000000000000e+03 7.386273956773105454e+01
2.120000000000000000e+03 7.709743009592162366e+01
2.130000000000000000e+03 7.486289469491141801e+01
2.140000000000000000e+03 7.302284073584877433e+01
2.150000000000000000e+03 7.241550547301009999e+01
2.160000000000000000e+03 8.262664470627261437e+01
2.170000000000000000e+03 7.845889240871149184e+01
2.180000000000000000e+03 7.356938517662406696e+01
2.190000000000000000e+03 7.966279132784036676e+01
2.200000000000000000e+03 7.864940087559249093e+01
2.210000000000000000e+03 6.689408308867290032e+01
2.220000000000000000e+03 8.453264610755481101e+01
2.230000000000000000e+03 9.071932978781840973e+01
2.240000000000000000e+03 8.329224977687609055e+01
2.250000000000000000e+03 7.577613212457043801e+01
2.260000000000000000e+03 7.098494445012745757e+01
2.270000000000000000e+03 7.538652082388148301e+01
2.280000000000000000e+03 7.935906640064152384e+01
2.290000000000000000e+03 5.739639090190730286e+01
2.300000000000000000e+03 8.870922195516094177e+01
2.310000000000000000e+03 7.117356215628453242e+01
2.320000000000000000e+03 6.650349775973222677e+01
2.330000000000000000e+03 7.221204815995915283e+01
2.340000000000000000e+03 6.986057207296273930e+01
2.350000000000000000e+03 7.827090495612905841e+01
2.360000000000000000e+03 7.348659277522766331e+01
2.370000000000000000e+03 7.678574105537045114e+01
2.380000000000000000e+03 6.089120426908726103e+01
2.390000000000000000e+03 7.440853916337268004e+01
2.400000000000000000e+03 7.624698884060894954e+01
2.410000000000000000e+03 7.496344878795687805e+01
2.420000000000000000e+03 7.638369657052716377e+01
2.430000000000000000e+03 7.392777027747840179e+01
2.440000000000000000e+03 7.346493497057171851e+01
2.450000000000000000e+03 7.996668814237776246e+01
2.460000000000000000e+03 7.575138034782078478e+01
2.470000000000000000e+03 7.170005307423024021e+01
2.480000000000000000e+03 7.083803807145591236e+01
2.490000000000000000e+03 7.494121802550580469e+01
2.500000000000000000e+03 7.878817125357316797e+01
2.510000000000000000e+03 8.075851581524855760e+01
2.520000000000000000e+03 8.736643806649233568e+01
2.530000000000000000e+03 6.346538905105102657e+01
2.540000000000000000e+03 7.918717906210227397e+01
2.550000000000000000e+03 7.688847238803741391e+01
2.560000000000000000e+03 7.158276861356696941e+01
2.570000000000000000e+03 8.570594908042370719e+01
2.580000000000000000e+03 7.512066840694076575e+01
2.590000000000000000e+03 6.352910195786957814e+01
2.600000000000000000e+03 7.974947984224367303e+01
2.610000000000000000e+03 7.474016713519439747e+01
2.620000000000000000e+03 7.064409185780414191e+01
2.630000000000000000e+03 7.838996558595725617e+01
2.640000000000000000e+03 6.981662621007619407e+01
2.650000000000000000e+03 7.251199156571013305e+01
2.660000000000000000e+03 8.107450203926320853e+01
2.670000000000000000e+03 6.807225620280041767e+01
2.680000000000000000e+03 6.899741115459815433e+01
2.690000000000000000e+03 7.405473772487938788e+01
2.700000000000000000e+03 7.664020977540722868e+01
2.710000000000000000e+03 8.070482966984481266e+01
2.720000000000000000e+03 5.652538046174942110e+01
2.730000000000000000e+03 7.003148538325025640e+01
2.740000000000000000e+03 6.844496524853300912e+01
2.750000000000000000e+03 8.209854950650053240e+01
2.760000000000000000e+03 7.776567077238270542e+01
2.770000000000000000e+03 7.705881274052980245e+01
2.780000000000000000e+03 7.427377948995790291e+01
2.790000000000000000e+03 7.316275702941972270e+01
2.800000000000000000e+03 8.304553415029276664e+01
2.810000000000000000e+03 7.175431217742912793e+01
2.820000000000000000e+03 7.145087372912784929e+01
2.830000000000000000e+03 8.534727750067182228e+01
2.840000000000000000e+03 7.723854960086234200e+01
2.850000000000000000e+03 7.030129120897737494e+01
2.860000000000000000e+03 6.801879924051470994e+01
2.870000000000000000e+03 7.290928050085385337e+01
2.880000000000000000e+03 8.102133155587506508e+01
2.890000000000000000e+03 7.293426146072154381e+01
2.900000000000000000e+03 8.691563487328340898e+01
2.910000000000000000e+03 6.670346003023287551e+01
2.920000000000000000e+03 8.775352835288272502e+01
2.930000000000000000e+03 7.630978501495528121e+01
2.940000000000000000e+03 8.381616238474371983e+01
2.950000000000000000e+03 8.177007280255203625e+01
2.960000000000000000e+03 7.687867480974067291e+01
2.970000000000000000e+03 7.177642834832117558e+01
2.980000000000000000e+03 7.798918160826323742e+01
2.990000000000000000e+03 7.450485336873416031e+01
3.000000000000000000e+03 7.620487644266682992e+01
3.010000000000000000e+03 8.241499409675128618e+01
3.020000000000000000e+03 6.616591102684114389e+01
3.030000000000000000e+03 7.118106790340074497e+01
3.040000000000000000e+03 7.759424180007955840e+01
3.050000000000000000e+03 7.789154959997294725e+01
3.060000000000000000e+03 6.327803185204324166e+01
3.070000000000000000e+03 7.801370420189483923e+01
3.080000000000000000e+03 6.981908992859526109e+01
3.090000000000000000e+03 7.222150196357880247e+01
3.100000000000000000e+03 7.661872385808982244e+01
3.110000000000000000e+03 7.513138271770972665e+01
3.120000000000000000e+03 7.576180817969216719e+01
3.130000000000000000e+03 6.860470588181549090e+01
3.140000000000000000e+03 9.141237953680865758e+01
3.150000000000000000e+03 7.360204377094652273e+01
3.160000000000000000e+03 6.880816319486643806e+01
3.170000000000000000e+03 8.403388634689342496e+01
3.180000000000000000e+03 8.377594074752553865e+01
3.190000000000000000e+03 7.304535797719742618e+01
3.200000000000000000e+03 7.356250968308249583e+01
3.210000000000000000e+03 7.879504674711473911e+01
3.220000000000000000e+03 8.144383063400452727e+01
3.230000000000000000e+03 7.897432524121117581e+01
3.240000000000000000e+03 7.663253214095247756e+01
3.250000000000000000e+03 7.490197041653932786e+01
3.260000000000000000e+03 7.982425083450824843e+01
3.270000000000000000e+03 7.828436946431463639e+01
3.280000000000000000e+03 7.021752477932923853e+01
3.290000000000000000e+03 7.762987977493669689e+01
3.300000000000000000e+03 6.406945845445744681e+01
3.310000000000000000e+03 7.083597542339344955e+01
3.320000000000000000e+03 6.973073983658609620e+01
3.330000000000000000e+03 7.151344072035614374e+01
3.340000000000000000e+03 8.271551046029740917e+01
3.350000000000000000e+03 7.793807377293757099e+01
3.360000000000000000e+03 7.225696805109741661e+01
3.370000000000000000e+03 8.488329627817486767e+01
3.380000000000000000e+03 7.642242851747799648e+01
3.390000000000000000e+03 7.747569683226699055e+01
3.400000000000000000e+03 6.642689330252322577e+01
3.410000000000000000e+03 7.306438017599576540e+01
3.420000000000000000e+03 6.578506598041768427e+01
3.430000000000000000e+03 8.883699154347510785e+01
3.440000000000000000e+03 8.477214246591948665e+01
3.450000000000000000e+03 7.933276763784500929e+01
3.460000000000000000e+03 8.407347773053696471e+01
3.470000000000000000e+03 6.821297463728454602e+01
3.480000000000000000e+03 7.906066998093739073e+01
3.490000000000000000e+03 7.658239833387852968e+01
3.500000000000000000e+03 7.991770025089408591e+01
3.510000000000000000e+03 7.601614414495074357e+01
3.520000000000000000e+03 8.599512087962624207e+01
3.530000000000000000e+03 7.121046063829096795e+01
3.540000000000000000e+03 6.936868780584292438e+01
3.550000000000000000e+03 8.610323801556742751e+01
3.560000000000000000e+03 7.703102428746595365e+01
3.570000000000000000e+03 8.159950326694158207e+01
3.580000000000000000e+03 7.287650731497237189e+01
3.590000000000000000e+03 8.135106876697285827e+01
3.600000000000000000e+03 7.827846799902479802e+01
3.610000000000000000e+03 7.976873122416006368e+01
3.620000000000000000e+03 6.982825725331736066e+01
3.630000000000000000e+03 8.430896338433572623e+01
3.640000000000000000e+03 7.315851714173575715e+01
3.650000000000000000e+03 8.131777991907574688e+01
3.660000000000000000e+03 7.912610176114132798e+01
3.670000000000000000e+03 7.258166323359803584e+01
3.680000000000000000e+03 7.252339342583323401e+01
3.690000000000000000e+03 7.960423504117800064e+01
3.700000000000000000e+03 6.147665254415193914e+01
3.710000000000000000e+03 6.991076317581620003e+01
3.720000000000000000e+03 7.544267068780429497e+01
3.730000000000000000e+03 7.551618117291958754e+01
3.740000000000000000e+03 8.448125179333156609e+01
3.750000000000000000e+03 7.052915652410089820e+01
3.760000000000000000e+03 7.944701542219409873e+01
3.770000000000000000e+03 7.065440509811649861e+01
3.780000000000000000e+03 7.223697182404733041e+01
3.790000000000000000e+03 7.285679756681986419e+01
3.800000000000000000e+03 7.269728611665544804e+01
3.810000000000000000e+03 6.964886416766189825e+01
3.820000000000000000e+03 6.185749759057539876e+01
3.830000000000000000e+03 9.049037585288414220e+01
3.840000000000000000e+03 7.313176001270313975e+01
3.850000000000000000e+03 6.854861331367217758e+01
3.860000000000000000e+03 7.349335367721020873e+01
3.870000000000000000e+03 9.296887668306105468e+01
3.880000000000000000e+03 8.469634014962367985e+01
3.890000000000000000e+03 7.470006008953524201e+01
3.900000000000000000e+03 8.535392381109532778e+01
3.910000000000000000e+03 8.223926794098466075e+01
3.920000000000000000e+03 7.493010264428025380e+01
3.930000000000000000e+03 8.224786230791163177e+01
3.940000000000000000e+03 7.292824540387267973e+01
3.950000000000000000e+03 8.347668489112869850e+01
3.960000000000000000e+03 7.452192751102906243e+01
3.970000000000000000e+03 8.211751440951935876e+01
3.980000000000000000e+03 6.846719601098409669e+01
3.990000000000000000e+03 7.771530778219070612e+01
4.000000000000000000e+03 6.394741844409458764e+01
4.010000000000000000e+03 7.577979905445927500e+01
4.020000000000000000e+03 7.004815845508856853e+01
4.030000000000000000e+03 7.684126066571863589e+01
4.040000000000000000e+03 7.153166077824130298e+01
4.050000000000000000e+03 8.633689020442177764e+01
4.060000000000000000e+03 8.218942061280827716e+01
4.070000000000000000e+03 6.693865920513407275e+01
4.080000000000000000e+03 7.472979659910252792e+01
4.090000000000000000e+03 7.993592030877924515e+01
4.100000000000000000e+03 7.728982932352656121e+01
4.110000000000000000e+03 7.750778246879431777e+01
4.120000000000000000e+03 7.126838667137867844e+01
4.130000000000000000e+03 8.144257012685524444e+01
4.140000000000000000e+03 6.452753821166454884e+01
4.150000000000000000e+03 6.924481433053564672e+01
4.160000000000000000e+03 5.963075441557896994e+01
4.170000000000000000e+03 7.779489161993437563e+01
4.180000000000000000e+03 8.549212123128087626e+01
4.190000000000000000e+03 8.245722108625241731e+01
4.200000000000000000e+03 6.904341966554716237e+01
4.210000000000000000e+03 7.743329795542732086e+01
4.220000000000000000e+03 7.993385766071676812e+01
4.230000000000000000e+03 7.790197743184432966e+01
4.240000000000000000e+03 8.236652186728321112e+01
4.250000000000000000e+03 8.050687275162711387e+01
4.260000000000000000e+03 7.863662391676106722e+01
4.270000000000000000e+03 7.475936122133127526e+01
4.280000000000000000e+03 8.292492653441772177e+01
4.290000000000000000e+03 6.996198560270089217e+01
4.300000000000000000e+03 7.539563085282405552e+01
4.310000000000000000e+03 8.110595742221589433e+01
4.320000000000000000e+03 6.907521882317691109e+01
4.330000000000000000e+03 7.067096357839577081e+01
4.340000000000000000e+03 7.873637586889334727e+01
4.350000000000000000e+03 7.837157364073354415e+01
4.360000000000000000e+03 6.062598210572119939e+01
4.370000000000000000e+03 8.565174727300433233e+01
4.380000000000000000e+03 7.920196137321666185e+01
4.390000000000000000e+03 8.228888608604299293e+01
4.400000000000000000e+03 9.051489844651572980e+01
4.410000000000000000e+03 6.355305159370604429e+01
4.420000000000000000e+03 8.557846597100709118e+01
4.430000000000000000e+03 8.029533673366481139e+01
4.440000000000000000e+03 7.581681212802472203e+01
4.450000000000000000e+03 7.878536376037703803e+01
4.460000000000000000e+03 7.508262400934408731e+01
4.470000000000000000e+03 6.623850477948421656e+01
4.480000000000000000e+03 6.637658760811073932e+01
4.490000000000000000e+03 7.437250011805893735e+01
4.500000000000000000e+03 6.414239598177761081e+01
4.510000000000000000e+03 6.164659182618774480e+01
4.520000000000000000e+03 7.707376693898272890e+01
4.530000000000000000e+03 6.886620381951320269e+01
4.540000000000000000e+03 6.578655567068501853e+01
4.550000000000000000e+03 7.333372763548675266e+01
4.560000000000000000e+03 6.875029445755822621e+01
4.570000000000000000e+03 7.800694329991229381e+01
4.580000000000000000e+03 7.863450397291907734e+01
4.590000000000000000e+03 7.010642826285337037e+01
4.600000000000000000e+03 7.248557821135460699e+01
4.610000000000000000e+03 7.295609115271602718e+01
4.620000000000000000e+03 7.767926873687697764e+01
4.630000000000000000e+03 7.479597322444013230e+01
4.640000000000000000e+03 7.217726962179470718e+01
4.650000000000000000e+03 8.275424240724824188e+01
4.660000000000000000e+03 6.530091664353213332e+01
4.670000000000000000e+03 7.168647397448565073e+01
4.680000000000000000e+03 7.138716082230929771e+01
4.690000000000000000e+03 7.291237447294756180e+01
4.700000000000000000e+03 7.062054329242425865e+01
4.710000000000000000e+03 8.474401023817857492e+01
4.720000000000000000e+03 7.773054845954118264e+01
4.730000000000000000e+03 7.300530822731778358e+01
4.740000000000000000e+03 7.815700094645704610e+01
4.750000000000000000e+03 7.964514422775033609e+01
4.760000000000000000e+03 8.416543745665545373e+01
4.770000000000000000e+03 7.863135270504587027e+01
4.780000000000000000e+03 7.163250135018432729e+01
4.790000000000000000e+03 8.199558899071551821e+01
4.800000000000000000e+03 7.896263690219051057e+01
4.810000000000000000e+03 7.618700015945874782e+01
4.820000000000000000e+03 6.913801499752325697e+01
4.830000000000000000e+03 7.794380335088888501e+01
4.840000000000000000e+03 7.635069420152761666e+01
4.850000000000000000e+03 7.808091215126367501e+01
4.860000000000000000e+03 7.054668903263188895e+01
4.870000000000000000e+03 7.201781546740980389e+01
4.880000000000000000e+03 6.793910081121201472e+01
4.890000000000000000e+03 7.533501191809921238e+01
4.900000000000000000e+03 7.900560873682532304e+01
4.910000000000000000e+03 6.867775800069466641e+01
4.920000000000000000e+03 7.665436183294696093e+01
4.930000000000000000e+03 7.036706676385838932e+01
4.940000000000000000e+03 7.565741526941933159e+01
4.950000000000000000e+03 6.941240448561141818e+01
4.960000000000000000e+03 8.090398979943228142e+01
4.970000000000000000e+03 6.800149591510175640e+01
4.980000000000000000e+03 7.435296225724498242e+01
4.990000000000000000e+03 8.140819265914740299e+01
5.000000000000000000e+03 7.402127698964373792e+01
5.010000000000000000e+03 6.509774580937873623e+01
5.020000000000000000e+03 8.085637700665691341e+01
5.030000000000000000e+03 7.824890337679605068e+01
5.040000000000000000e+03 7.874548589783593400e+01
5.050000000000000000e+03 7.552993216000271559e+01
5.060000000000000000e+03 7.566595234056677555e+01
5.070000000000000000e+03 7.622074737359194785e+01
5.080000000000000000e+03 7.803582037278688688e+01
5.090000000000000000e+03 7.094581143272002066e+01
5.100000000000000000e+03 7.589049450047853895e+01
5.110000000000000000e+03 7.676551564520234194e+01
5.120000000000000000e+03 6.833593138011961798e+01
5.130000000000000000e+03 8.314047325694592416e+01
5.140000000000000000e+03 7.841007640456633965e+01
5.150000000000000000e+03 6.720176142465815872e+01
5.160000000000000000e+03 9.841569996247221752e+01
5.170000000000000000e+03 7.347009159072788975e+01
5.180000000000000000e+03 6.901379774753888796e+01
5.190000000000000000e+03 6.295620145851825811e+01
5.200000000000000000e+03 7.501066051027565607e+01
5.210000000000000000e+03 7.999631006038602266e+01
5.220000000000000000e+03 7.218425970689530402e+01
5.230000000000000000e+03 7.022508782222496393e+01
5.240000000000000000e+03 7.717735770834238451e+01
5.250000000000000000e+03 6.883944669048058529e+01
5.260000000000000000e+03 7.249652170524160510e+01
5.270000000000000000e+03 8.053122345792016290e+01
5.280000000000000000e+03 8.166298699064208222e+01
5.290000000000000000e+03 7.333664972024192252e+01
5.300000000000000000e+03 7.518317810238954735e+01
5.310000000000000000e+03 7.367899200283260086e+01
5.320000000000000000e+03 7.146233288503046310e+01
5.330000000000000000e+03 7.510164620814242653e+01
5.340000000000000000e+03 6.605951276428534413e+01
5.350000000000000000e+03 8.215235024346331727e+01
5.360000000000000000e+03 7.294543413772660756e+01
5.370000000000000000e+03 7.543550871536515956e+01
5.380000000000000000e+03 7.830906394528477676e+01
5.390000000000000000e+03 7.319690531400952693e+01
5.400000000000000000e+03 7.773782502353934376e+01
5.410000000000000000e+03 7.429050985757571368e+01
5.420000000000000000e+03 7.469627856808736510e+01
5.430000000000000000e+03 7.785791697739875872e+01
5.440000000000000000e+03 7.248363015485115568e+01
5.450000000000000000e+03 7.995746352187615003e+01
5.460000000000000000e+03 7.892063909580741665e+01
5.470000000000000000e+03 8.088697295291689215e+01
5.480000000000000000e+03 8.990802154991315831e+01
5.490000000000000000e+03 7.816634015851769846e+01
5.500000000000000000e+03 7.346092426600580438e+01
5.510000000000000000e+03 8.202108561259883857e+01
5.520000000000000000e+03 7.553159373760860262e+01
5.530000000000000000e+03 8.381255275063438148e+01
5.540000000000000000e+03 7.005709659669260247e+01
5.550000000000000000e+03 8.094948264836567375e+01
5.560000000000000000e+03 7.906044079781933931e+01
5.570000000000000000e+03 7.054800683556069885e+01
5.580000000000000000e+03 7.451722925710897982e+01
5.590000000000000000e+03 7.241143747266468722e+01
5.600000000000000000e+03 7.464070166195968170e+01
5.610000000000000000e+03 7.838509544469863499e+01
5.620000000000000000e+03 7.807781817916996658e+01
5.630000000000000000e+03 9.394508217440494491e+01
5.640000000000000000e+03 6.002792875916365034e+01
5.650000000000000000e+03 7.114273702690650225e+01
5.660000000000000000e+03 1.002545507101650912e+02
5.670000000000000000e+03 8.081907745419388789e+01
5.680000000000000000e+03 6.747735412411607570e+01
5.690000000000000000e+03 6.605435614412915868e+01
5.700000000000000000e+03 7.151464393172591372e+01
5.710000000000000000e+03 6.432184636321258608e+01
5.720000000000000000e+03 7.111666744722803912e+01
5.730000000000000000e+03 8.600486116214345600e+01
5.740000000000000000e+03 7.072797287901128982e+01
5.750000000000000000e+03 8.393046746487230791e+01
5.760000000000000000e+03 6.833610326745815655e+01
5.770000000000000000e+03 6.830602298321377930e+01
5.780000000000000000e+03 8.282706534300936596e+01
5.790000000000000000e+03 6.845487741838877582e+01
5.800000000000000000e+03 6.271922611445215523e+01
5.810000000000000000e+03 7.454072052670935022e+01
5.820000000000000000e+03 6.774607133003243575e+01
5.830000000000000000e+03 6.918557049451911212e+01
5.840000000000000000e+03 9.005624573151349921e+01
5.850000000000000000e+03 8.785104576961400369e+01
5.860000000000000000e+03 6.927329033295363558e+01
5.870000000000000000e+03 7.144027400991792831e+01
5.880000000000000000e+03 7.392467630538469336e+01
5.890000000000000000e+03 7.083465762046463965e+01
5.900000000000000000e+03 7.308838710761173729e+01
5.910000000000000000e+03 7.586316441365080721e+01
5.920000000000000000e+03 7.263368780139592218e+01
5.930000000000000000e+03 7.567162462273857670e+01
5.940000000000000000e+03 8.637722643319898452e+01
5.950000000000000000e+03 7.185440790423849933e+01
5.960000000000000000e+03 8.510657793093734824e+01
5.970000000000000000e+03 7.382332007142603914e+01
5.980000000000000000e+03 8.192557354815052406e+01
5.990000000000000000e+03 7.845574114083827055e+01
6.000000000000000000e+03 6.950677063446946136e+01
6.010000000000000000e+03 8.122822661569681202e+01
6.020000000000000000e+03 6.760432157151707599e+01
6.030000000000000000e+03 6.838852890571263288e+01
6.040000000000000000e+03 7.401119293244944686e+01
6.050000000000000000e+03 7.266365349408125951e+01
6.060000000000000000e+03 7.381518407073519938e+01
6.070000000000000000e+03 6.104194946498618179e+01
6.080000000000000000e+03 8.621273025021692149e+01
6.090000000000000000e+03 8.694600163642533630e+01
6.100000000000000000e+03 7.123945230272457252e+01
6.110000000000000000e+03 8.685742236129811999e+01
6.120000000000000000e+03 8.872515018186557256e+01
6.130000000000000000e+03 6.973354732978222614e+01
6.140000000000000000e+03 8.769806603831406733e+01
6.150000000000000000e+03 7.335922425737007302e+01
6.160000000000000000e+03 8.214427153855197616e+01
6.170000000000000000e+03 7.312855144905041982e+01
6.180000000000000000e+03 7.820197813337482273e+01
6.190000000000000000e+03 6.840285285059090370e+01
6.200000000000000000e+03 7.230154416755858904e+01
6.210000000000000000e+03 7.536595163903628247e+01
6.220000000000000000e+03 7.924218301043484303e+01
6.230000000000000000e+03 7.687191390775814170e+01
6.240000000000000000e+03 7.202337315802256512e+01
6.250000000000000000e+03 8.891050202859040041e+01
6.260000000000000000e+03 6.324565973661835727e+01
6.270000000000000000e+03 8.679617317299863544e+01
6.280000000000000000e+03 6.863925523686187091e+01
6.290000000000000000e+03 7.902864164018957638e+01
6.300000000000000000e+03 7.182455680311217350e+01
6.310000000000000000e+03 7.281611756336556596e+01
6.320000000000000000e+03 8.412217914312309119e+01
6.330000000000000000e+03 8.187320520567557480e+01
6.340000000000000000e+03 7.523050441626735108e+01
6.350000000000000000e+03 7.363046247758501295e+01
6.360000000000000000e+03 7.222379379475933092e+01
6.370000000000000000e+03 8.183762452659794917e+01
6.380000000000000000e+03 7.148003728090000664e+01
6.390000000000000000e+03 7.624824934775823237e+01
6.400000000000000000e+03 8.780434970931084138e+01
6.410000000000000000e+03 7.182524435246632777e+01
6.420000000000000000e+03 8.086651835963071733e+01
6.430000000000000000e+03 8.101222152693247835e+01
6.440000000000000000e+03 6.979021285572068223e+01
6.450000000000000000e+03 7.131078554821836235e+01
6.460000000000000000e+03 8.143093908361409206e+01
6.470000000000000000e+03 7.521910255614425012e+01
6.480000000000000000e+03 6.191811652530024190e+01
6.490000000000000000e+03 8.735257248785016770e+01
6.500000000000000000e+03 6.967745476163892704e+01
6.510000000000000000e+03 7.516346835423703965e+01
6.520000000000000000e+03 7.804097699294305812e+01
6.530000000000000000e+03 7.285794348241012131e+01
6.540000000000000000e+03 7.532103174789801869e+01
6.550000000000000000e+03 7.230137228022005047e+01
6.560000000000000000e+03 6.977926936183366990e+01
6.570000000000000000e+03 6.968278326913363685e+01
6.580000000000000000e+03 7.206393856991782343e+01
6.590000000000000000e+03 6.275245766656974666e+01
6.600000000000000000e+03 7.213389671670330472e+01
6.610000000000000000e+03 7.353987785017483247e+01
6.620000000000000000e+03 7.389413765490421326e+01
6.630000000000000000e+03 7.272902797850568390e+01
6.640000000000000000e+03 7.024657373954237016e+01
6.650000000000000000e+03 9.295105769563247122e+01
6.660000000000000000e+03 6.726908396558602021e+01
6.670000000000000000e+03 7.327305140498241087e+01
6.680000000000000000e+03 8.948729864094859465e+01
6.690000000000000000e+03 6.367537808296647484e+01
6.700000000000000000e+03 8.973218080258752138e+01
6.710000000000000000e+03 7.304730603370086328e+01
6.720000000000000000e+03 6.759412292276374501e+01
6.730000000000000000e+03 8.817516799431950858e+01
6.740000000000000000e+03 8.642472463441532682e+01
6.750000000000000000e+03 7.506635200796236518e+01
6.760000000000000000e+03 8.436763426255713227e+01
6.770000000000000000e+03 8.596693135610578906e+01
6.780000000000000000e+03 5.944677766756245774e+01
6.790000000000000000e+03 7.603069727294706581e+01
6.800000000000000000e+03 8.297231014407503835e+01
6.810000000000000000e+03 6.004769580309567090e+01
6.820000000000000000e+03 8.082715615910524320e+01
6.830000000000000000e+03 6.685632516997377195e+01
6.840000000000000000e+03 6.844112643130563356e+01
6.850000000000000000e+03 8.210508122536501219e+01
6.860000000000000000e+03 6.678619513584976630e+01
6.870000000000000000e+03 8.640931206972629752e+01
6.880000000000000000e+03 8.526259433855148018e+01
6.890000000000000000e+03 7.315513669074448444e+01
6.900000000000000000e+03 7.956481554487299945e+01
6.910000000000000000e+03 7.163462129402630296e+01
6.920000000000000000e+03 7.454272587899231439e+01
6.930000000000000000e+03 7.241682327593889568e+01
6.940000000000000000e+03 6.751906545160160533e+01
6.950000000000000000e+03 7.741782809495879292e+01
6.960000000000000000e+03 6.740556251238618302e+01
6.970000000000000000e+03 8.159766980199715647e+01
6.980000000000000000e+03 8.225926416803471852e+01
6.990000000000000000e+03 7.266497129701006941e+01
7.000000000000000000e+03 7.925375675789648255e+01
7.010000000000000000e+03 7.301905921440091163e+01
7.020000000000000000e+03 8.646019072193392674e+01
7.030000000000000000e+03 7.724422188303414316e+01
7.040000000000000000e+03 8.841242981728318284e+01
7.050000000000000000e+03 7.829004174648643755e+01
7.060000000000000000e+03 6.844324637514762344e+01
7.070000000000000000e+03 6.994983889744412409e+01
7.080000000000000000e+03 8.232756073721432699e+01
7.090000000000000000e+03 7.851005753981667112e+01
7.100000000000000000e+03 9.091831803006733992e+01
7.110000000000000000e+03 8.564435611744714549e+01
7.120000000000000000e+03 7.666570639729054903e+01
7.130000000000000000e+03 7.725121196813474000e+01
7.140000000000000000e+03 7.067273974756066934e+01
7.150000000000000000e+03 7.605573552859428332e+01
7.160000000000000000e+03 7.415597936727900219e+01
7.170000000000000000e+03 8.256167129230477997e+01
7.180000000000000000e+03 7.281726347895583729e+01
7.190000000000000000e+03 8.761974270771968065e+01
7.200000000000000000e+03 7.808045378502757217e+01
7.210000000000000000e+03 7.348899919796720326e+01
7.220000000000000000e+03 7.874113141859292853e+01
7.230000000000000000e+03 6.561277757142184441e+01
7.240000000000000000e+03 7.235872535551264662e+01
7.250000000000000000e+03 8.286992258608515272e+01
7.260000000000000000e+03 7.206955355631011173e+01
7.270000000000000000e+03 8.398552870898438982e+01
7.280000000000000000e+03 6.739633789188458479e+01
7.290000000000000000e+03 7.743587626550539937e+01
7.300000000000000000e+03 7.991901805382286739e+01
7.310000000000000000e+03 7.220522996219709455e+01
7.320000000000000000e+03 7.296153425176977692e+01
7.330000000000000000e+03 7.055929410412477409e+01
7.340000000000000000e+03 6.778222496690518994e+01
7.350000000000000000e+03 6.936679704511900013e+01
7.360000000000000000e+03 7.103771386305902524e+01
7.370000000000000000e+03 7.384417573516880395e+01
7.380000000000000000e+03 8.853699084194461477e+01
7.390000000000000000e+03 7.096420337794373268e+01
7.400000000000000000e+03 5.926125393349909132e+01
7.410000000000000000e+03 7.715117353710489567e+01
7.420000000000000000e+03 6.773317977964198633e+01
7.430000000000000000e+03 7.129646160334009153e+01
7.440000000000000000e+03 8.339446544752742341e+01
7.450000000000000000e+03 7.445729787173830516e+01
7.460000000000000000e+03 8.218409210531355313e+01
7.470000000000000000e+03 8.944363925695962791e+01
7.480000000000000000e+03 8.996440059695403590e+01
7.490000000000000000e+03 7.213045896993251915e+01
7.500000000000000000e+03 6.188815083261489747e+01
7.510000000000000000e+03 8.148216151049878420e+01
7.520000000000000000e+03 7.091355390885416909e+01
7.530000000000000000e+03 7.422805745790645915e+01
7.540000000000000000e+03 7.048698683037926571e+01
7.550000000000000000e+03 7.891645650390296396e+01
7.560000000000000000e+03 8.400134234412999490e+01
7.570000000000000000e+03 6.950614038089480573e+01
7.580000000000000000e+03 7.729435569010809104e+01
7.590000000000000000e+03 7.647370824014221569e+01
7.600000000000000000e+03 6.570932095990137611e+01
7.610000000000000000e+03 8.674644043638127755e+01
7.620000000000000000e+03 7.056439342850144669e+01
7.630000000000000000e+03 7.192310554387468358e+01
7.640000000000000000e+03 7.245990970213274807e+01
7.650000000000000000e+03 6.744469552979361993e+01
7.660000000000000000e+03 7.506549257126967234e+01
7.670000000000000000e+03 8.134705806240694415e+01
7.680000000000000000e+03 8.343331198603729604e+01
7.690000000000000000e+03 7.852220424507343921e+01
7.700000000000000000e+03 7.516512993184292668e+01
7.710000000000000000e+03 7.982069849617843715e+01
7.720000000000000000e+03 8.292246281589865475e+01
7.730000000000000000e+03 7.941372657429700155e+01
7.740000000000000000e+03 7.104063594781418089e+01
7.750000000000000000e+03 7.146955215324911137e+01
7.760000000000000000e+03 7.981932339747011440e+01
7.770000000000000000e+03 8.178101629643903436e+01
7.780000000000000000e+03 6.915394322422788775e+01
7.790000000000000000e+03 7.565615476227003455e+01
7.800000000000000000e+03 6.710258243032100722e+01
7.810000000000000000e+03 8.048389714404235917e+01
7.820000000000000000e+03 7.213131840662521199e+01
7.830000000000000000e+03 7.545309851967567738e+01
7.840000000000000000e+03 6.158001413039353622e+01
7.850000000000000000e+03 7.161966709557339072e+01
7.860000000000000000e+03 7.249279747957325526e+01
7.870000000000000000e+03 6.368523295704272869e+01
7.880000000000000000e+03 7.527943501197152898e+01
7.890000000000000000e+03 7.714114677569011747e+01
7.900000000000000000e+03 8.700513088088284519e+01
7.910000000000000000e+03 7.564211729628932801e+01
7.920000000000000000e+03 6.358634044160314147e+01
7.930000000000000000e+03 8.118324942877903538e+01
7.940000000000000000e+03 8.244639218392444491e+01
7.950000000000000000e+03 6.565477537780492412e+01
7.960000000000000000e+03 7.927151844954552473e+01
7.970000000000000000e+03 7.511029787084889620e+01
7.980000000000000000e+03 7.791996830661143747e+01
7.990000000000000000e+03 7.525210492514378302e+01
8.000000000000000000e+03 7.220958444144008581e+01
8.010000000000000000e+03 7.034093988840042755e+01
8.020000000000000000e+03 7.679914826777651626e+01
8.030000000000000000e+03 7.157354399306535697e+01
8.040000000000000000e+03 7.796970104322878115e+01
8.050000000000000000e+03 7.935763400615368823e+01
8.060000000000000000e+03 6.690978213225949389e+01
8.070000000000000000e+03 7.964468586151423324e+01
8.080000000000000000e+03 8.473644719528284952e+01
8.090000000000000000e+03 7.929850476169619355e+01
8.100000000000000000e+03 6.895037131961791488e+01
8.110000000000000000e+03 7.835885397768164751e+01
8.120000000000000000e+03 6.627150714848373525e+01
8.130000000000000000e+03 5.937246504153399940e+01
8.140000000000000000e+03 6.921416108849614091e+01
8.150000000000000000e+03 6.497524743277976711e+01
8.160000000000000000e+03 8.176766637981246788e+01
8.170000000000000000e+03 8.658446526769780860e+01
8.180000000000000000e+03 6.516942282954960319e+01
8.190000000000000000e+03 7.211006167242587139e+01
8.200000000000000000e+03 8.040047448907131411e+01
8.210000000000000000e+03 7.918408509000856554e+01
8.220000000000000000e+03 8.084033418839324270e+01
8.230000000000000000e+03 6.331160717883791733e+01
8.240000000000000000e+03 6.924481433053564672e+01
8.250000000000000000e+03 7.518071438387048033e+01
8.260000000000000000e+03 8.000249800457343952e+01
8.270000000000000000e+03 8.032644834194040584e+01
8.280000000000000000e+03 7.299642738149324828e+01
8.290000000000000000e+03 7.967659961070303609e+01
8.300000000000000000e+03 8.210605525361674495e+01
8.310000000000000000e+03 7.409570420723125039e+01
8.320000000000000000e+03 7.618190083508208943e+01
8.330000000000000000e+03 7.438923048567676233e+01
8.340000000000000000e+03 8.359402664757148216e+01
8.350000000000000000e+03 7.086525356672463261e+01
8.360000000000000000e+03 6.687133666420621125e+01
8.370000000000000000e+03 7.775335217978738456e+01
8.380000000000000000e+03 7.989816239008011678e+01
8.390000000000000000e+03 7.348132156351246635e+01
8.400000000000000000e+03 7.533948098890122935e+01
8.410000000000000000e+03 6.801971597298691563e+01
8.420000000000000000e+03 7.084938263579951467e+01
8.430000000000000000e+03 7.452886030035014642e+01
8.440000000000000000e+03 7.864963005871054236e+01
8.450000000000000000e+03 6.690726111796089981e+01
8.460000000000000000e+03 8.332777316017420333e+01
8.470000000000000000e+03 6.713558479932054013e+01
8.480000000000000000e+03 7.014888443547256713e+01
8.490000000000000000e+03 7.588671297903069046e+01
8.500000000000000000e+03 7.417557452387248418e+01
8.510000000000000000e+03 6.295310748642454968e+01
8.520000000000000000e+03 6.718921364894478643e+01
8.530000000000000000e+03 7.067061980371869367e+01
8.540000000000000000e+03 7.839093961420897472e+01
8.550000000000000000e+03 7.154913599099279509e+01
8.560000000000000000e+03 7.078028392570674043e+01
8.570000000000000000e+03 7.467897524267441156e+01
8.580000000000000000e+03 8.185750616208898123e+01
8.590000000000000000e+03 7.634032366543574710e+01
8.600000000000000000e+03 6.824145063970254910e+01
8.610000000000000000e+03 7.864899980513590094e+01
8.620000000000000000e+03 7.211676527862888975e+01
8.630000000000000000e+03 9.191956177705844766e+01
8.640000000000000000e+03 7.027258602344130622e+01
8.650000000000000000e+03 7.697682248004659300e+01
8.660000000000000000e+03 8.699745324642809408e+01
8.670000000000000000e+03 6.949038404152871351e+01
8.680000000000000000e+03 8.305842570068320185e+01
8.690000000000000000e+03 9.184966092605249344e+01
8.700000000000000000e+03 7.423825610665979013e+01
8.710000000000000000e+03 8.051099804775203950e+01
8.720000000000000000e+03 6.901786574788431494e+01
8.730000000000000000e+03 6.844353285404518772e+01
8.740000000000000000e+03 7.853584064059755576e+01
8.750000000000000000e+03 8.741897829630583772e+01
8.760000000000000000e+03 7.251565849559897003e+01
8.770000000000000000e+03 6.394862165546436472e+01
8.780000000000000000e+03 7.885354573799760658e+01
8.790000000000000000e+03 6.335452171769320984e+01
8.800000000000000000e+03 6.857124514657984093e+01
8.810000000000000000e+03 7.121762261073008915e+01
8.820000000000000000e+03 6.939997130145707160e+01
8.830000000000000000e+03 7.555674658481484585e+01
8.840000000000000000e+03 8.284075903431299537e+01
8.850000000000000000e+03 7.329648537880326842e+01
8.860000000000000000e+03 8.146846781919516900e+01
8.870000000000000000e+03 7.205637552702211224e+01
8.880000000000000000e+03 7.505959110597981976e+01
8.890000000000000000e+03 6.874771614748014770e+01
8.900000000000000000e+03 7.558940517913728740e+01
8.910000000000000000e+03 7.500871245377220475e+01
8.920000000000000000e+03 7.909613606845599065e+01
8.930000000000000000e+03 8.275653423842877032e+01
8.940000000000000000e+03 8.109724846372989759e+01
8.950000000000000000e+03 6.086450443583417069e+01
8.960000000000000000e+03 8.770918141953960401e+01
8.970000000000000000e+03 7.039124558281289978e+01
8.980000000000000000e+03 7.614574719820933524e+01
8.990000000000000000e+03 7.631127470522261547e+01
9.000000000000000000e+03 7.393029129177696746e+01
9.010000000000000000e+03 9.536773637971478479e+01
9.020000000000000000e+03 7.469043439857703959e+01
9.030000000000000000e+03 7.759389802540248127e+01
9.040000000000000000e+03 8.305934243315540755e+01
9.050000000000000000e+03 8.371050896732158719e+01
9.060000000000000000e+03 7.424318354369790995e+01
9.070000000000000000e+03 8.067383265312821550e+01
9.080000000000000000e+03 8.065721687706943044e+01
9.090000000000000000e+03 7.977554942192212195e+01
9.100000000000000000e+03 8.516937410528369412e+01
9.110000000000000000e+03 6.923306869573545441e+01
9.120000000000000000e+03 7.250282424098803347e+01
9.130000000000000000e+03 8.196195636814134389e+01
9.140000000000000000e+03 7.446337122436669631e+01
9.150000000000000000e+03 7.604307316132188532e+01
9.160000000000000000e+03 7.161485425009429662e+01
9.170000000000000000e+03 7.395532954742419918e+01
9.180000000000000000e+03 7.378888530793869904e+01
9.190000000000000000e+03 7.630038850711514442e+01
9.200000000000000000e+03 7.241390119118372581e+01
9.210000000000000000e+03 7.603780194960668837e+01
9.220000000000000000e+03 7.460208430656786049e+01
9.230000000000000000e+03 7.609601446159196314e+01
9.240000000000000000e+03 5.926451979293135253e+01
9.250000000000000000e+03 8.313611877770293290e+01
9.260000000000000000e+03 7.709955003976361354e+01
9.270000000000000000e+03 8.294950642382883643e+01
9.280000000000000000e+03 7.506130997936521965e+01
9.290000000000000000e+03 7.503037025842816377e+01
9.300000000000000000e+03 7.448766463488023248e+01
9.310000000000000000e+03 5.991327990435797801e+01
9.320000000000000000e+03 7.055385100507103857e+01
9.330000000000000000e+03 8.792782211416151483e+01
9.340000000000000000e+03 9.047376007682532872e+01
9.350000000000000000e+03 7.249835517018603070e+01
9.360000000000000000e+03 6.608965034430922003e+01
9.370000000000000000e+03 7.617124382009265560e+01
9.380000000000000000e+03 6.784318767630709601e+01
9.390000000000000000e+03 7.684217739819084159e+01
9.400000000000000000e+03 7.050480581780783496e+01
9.410000000000000000e+03 7.412658663238879342e+01
9.420000000000000000e+03 7.648877703015415364e+01
9.430000000000000000e+03 7.611944843541282069e+01
9.440000000000000000e+03 5.895105458321527436e+01
9.450000000000000000e+03 8.605287502537541400e+01
9.460000000000000000e+03 6.245641037382565486e+01
9.470000000000000000e+03 7.912856547966039500e+01
9.480000000000000000e+03 8.434041876728841203e+01
9.490000000000000000e+03 7.288109097733340036e+01
9.500000000000000000e+03 8.191657811076697726e+01
9.510000000000000000e+03 8.378608210049934257e+01
9.520000000000000000e+03 7.871632234606376244e+01
9.530000000000000000e+03 8.413770629937113199e+01
9.540000000000000000e+03 7.587364954130168826e+01
9.550000000000000000e+03 6.757601745643761149e+01
9.560000000000000000e+03 8.157188670121627183e+01
9.570000000000000000e+03 8.153773841662648181e+01
9.580000000000000000e+03 8.371348834785626991e+01
9.590000000000000000e+03 6.820415108723953779e+01
9.600000000000000000e+03 8.589479596969881925e+01
9.610000000000000000e+03 7.788753889540703312e+01
9.620000000000000000e+03 7.463525856290594618e+01
9.630000000000000000e+03 9.240594564934501420e+01
9.640000000000000000e+03 7.140308904901394271e+01
9.650000000000000000e+03 7.983777263847332506e+01
9.660000000000000000e+03 7.784995286404644332e+01
9.670000000000000000e+03 7.595157180143948494e+01
9.680000000000000000e+03 7.348636359210961189e+01
9.690000000000000000e+03 6.973079713236559485e+01
9.700000000000000000e+03 7.623913931881565986e+01
9.710000000000000000e+03 6.836669921371814951e+01
9.720000000000000000e+03 7.603740087915008417e+01
9.730000000000000000e+03 7.514702446551679316e+01
9.740000000000000000e+03 8.154312421990070447e+01
9.750000000000000000e+03 5.818770291276248230e+01
9.760000000000000000e+03 7.276672860142529942e+01
9.770000000000000000e+03 7.282809238128380969e+01
9.780000000000000000e+03 7.058570745848031436e+01
9.790000000000000000e+03 7.318401376361907751e+01
9.800000000000000000e+03 8.311967488898268641e+01
9.810000000000000000e+03 7.894327092871509421e+01
9.820000000000000000e+03 8.499834620343713709e+01
9.830000000000000000e+03 8.018618827369238033e+01
9.840000000000000000e+03 7.856563444594436874e+01
9.850000000000000000e+03 7.613927277512435410e+01
9.860000000000000000e+03 8.141019801143036716e+01
9.870000000000000000e+03 7.352595497575315164e+01
9.880000000000000000e+03 6.204846442369250781e+01
9.890000000000000000e+03 7.918076193479681990e+01
9.900000000000000000e+03 8.419374157173491824e+01
9.910000000000000000e+03 8.124455591285804701e+01
9.920000000000000000e+03 7.959208833592123256e+01
9.930000000000000000e+03 6.467295490006875980e+01
9.940000000000000000e+03 7.570491347063567389e+01
9.950000000000000000e+03 6.835243256461937733e+01
9.960000000000000000e+03 7.289799323228977812e+01
9.970000000000000000e+03 8.406637305387734216e+01
9.980000000000000000e+03 7.633327628455565161e+01
9.990000000000000000e+03 7.175396840275205079e+01
