0.000000000000000000e+00 -1.221011449596057901e+02
1.000000000000000000e+01 -1.276877699410289040e+02
2.000000000000000000e+01 -1.080939884462630545e+02
3.000000000000000000e+01 -1.215952805222847957e+02
4.000000000000000000e+01 -1.279072127765640090e+02
5.000000000000000000e+01 -1.172469319276984550e+02
6.000000000000000000e+01 -1.179411275922789457e+02
7.000000000000000000e+01 -1.219818551466595835e+02
8.000000000000000000e+01 -1.304454158089935447e+02
9.000000000000000000e+01 -1.235013392193465052e+02
1.000000000000000000e+02 -1.210545802510198570e+02
1.100000000000000000e+02 -1.146312077055876983e+02
1.200000000000000000e+02 -1.398908542448432115e+02
1.300000000000000000e+02 -1.121873708220162058e+02
1.400000000000000000e+02 -1.059763364354595438e+02
1.500000000000000000e+02 -1.077602405305993472e+02
1.600000000000000000e+02 -1.111962111322193891e+02
1.700000000000000000e+02 -1.158204962009407524e+02
1.800000000000000000e+02 -1.094447937440634888e+02
1.900000000000000000e+02 -1.186926190363725340e+02
2.000000000000000000e+02 -1.289138996226088523e+02
2.100000000000000000e+02 -1.260338699696042539e+02
2.200000000000000000e+02 -1.119878669177516457e+02
2.300000000000000000e+02 -1.197059521928409112e+02
2.400000000000000000e+02 -9.276994573659162313e+01
2.500000000000000000e+02 -1.033305892248839228e+02
2.600000000000000000e+02 -1.171633373853888571e+02
2.700000000000000000e+02 -1.196608031185845959e+02
2.800000000000000000e+02 -1.169296279007549941e+02
2.900000000000000000e+02 -9.199513491023621725e+01
3.000000000000000000e+02 -1.147134271491889876e+02
3.100000000000000000e+02 -1.320558855795472653e+02
3.200000000000000000e+02 -1.112735031387825302e+02
3.300000000000000000e+02 -1.073032493932030036e+02
3.400000000000000000e+02 -1.218523093891804763e+02
3.500000000000000000e+02 -9.552644568896602095e+01
3.600000000000000000e+02 -1.131762386806324798e+02
3.700000000000000000e+02 -1.160738008421680831e+02
3.800000000000000000e+02 -1.172154192489662563e+02
3.900000000000000000e+02 -1.317013392959203202e+02
4.000000000000000000e+02 -1.178817118689238868e+02
4.100000000000000000e+02 -9.843323247100322249e+01
4.200000000000000000e+02 -1.094508098009123671e+02
4.300000000000000000e+02 -1.263973543948352471e+02
4.400000000000000000e+02 -1.201415720044788742e+02
4.500000000000000000e+02 -1.041315269266973189e+02
4.600000000000000000e+02 -1.152863276485402793e+02
4.700000000000000000e+02 -1.091344798022206248e+02
4.800000000000000000e+02 -9.346929802132831355e+01
4.900000000000000000e+02 -1.090286544974599678e+02
5.000000000000000000e+02 -1.130258372594106362e+02
5.100000000000000000e+02 -1.036376373072945398e+02
5.200000000000000000e+02 -1.234570495817829112e+02
5.300000000000000000e+02 -1.300701857489623876e+02
5.400000000000000000e+02 -1.098011734926348595e+02
5.500000000000000000e+02 -9.510606655467852022e+01
5.600000000000000000e+02 -1.100575721059559129e+02
5.700000000000000000e+02 -1.205065461199772017e+02
5.800000000000000000e+02 -1.228274835564931493e+02
5.900000000000000000e+02 -1.108455036658198196e+02
6.000000000000000000e+02 -9.844629590873221048e+01
6.100000000000000000e+02 -1.104180198548726963e+02
6.200000000000000000e+02 -1.142741404076621592e+02
6.300000000000000000e+02 -1.147189848398017347e+02
6.400000000000000000e+02 -1.098146380008204375e+02
6.500000000000000000e+02 -1.126009890543211327e+02
6.600000000000000000e+02 -1.162703253658979605e+02
6.700000000000000000e+02 -1.145954551391715484e+02
6.800000000000000000e+02 -1.338637966063030831e+02
6.900000000000000000e+02 -1.312345505802272214e+02
7.000000000000000000e+02 -1.229208183813199753e+02
7.100000000000000000e+02 -1.049451269957830846e+02
7.200000000000000000e+02 -1.316941200277016719e+02
7.300000000000000000e+02 -1.152260524884925132e+02
7.400000000000000000e+02 -1.239442355949826293e+02
7.500000000000000000e+02 -1.210111500501489274e+02
7.600000000000000000e+02 -1.224318561989553302e+02
7.700000000000000000e+02 -1.189069625475309948e+02
7.800000000000000000e+02 -1.169538640154890317e+02
7.900000000000000000e+02 -1.007340590889100724e+02
8.000000000000000000e+02 -1.048712154402112020e+02
8.100000000000000000e+02 -1.299686003318856820e+02
8.200000000000000000e+02 -1.196443592298643637e+02
8.300000000000000000e+02 -1.195181366275970305e+02
8.400000000000000000e+02 -1.206420506385256601e+02
8.500000000000000000e+02 -1.245505395337900865e+02
8.600000000000000000e+02 -1.138090132695749759e+02
8.700000000000000000e+02 -1.158289759763086835e+02
8.800000000000000000e+02 -1.296579426153657266e+02
8.900000000000000000e+02 -1.257205766472267214e+02
9.000000000000000000e+02 -1.222247319560155177e+02
9.100000000000000000e+02 -1.175206338664324335e+02
9.200000000000000000e+02 -1.385854272044171580e+02
9.300000000000000000e+02 -1.205735248862280002e+02
9.400000000000000000e+02 -1.146061694499404950e+02
9.500000000000000000e+02 -1.013319978439085958e+02
9.600000000000000000e+02 -1.165545697280623472e+02
9.700000000000000000e+02 -1.174511340858830692e+02
9.800000000000000000e+02 -1.211175483127047272e+02
9.900000000000000000e+02 -1.249439896517064028e+02
1.000000000000000000e+03 -1.139356942380783977e+02
1.010000000000000000e+03 -1.273977960009131749e+02
1.020000000000000000e+03 -1.239023523801585895e+02
1.030000000000000000e+03 -1.189978336538387254e+02
1.040000000000000000e+03 -1.181667010762219547e+02
1.050000000000000000e+03 -1.143284568066405740e+02
1.060000000000000000e+03 -1.236382761323827708e+02
1.070000000000000000e+03 -1.230126635158794386e+02
1.080000000000000000e+03 -1.194335680570357283e+02
1.090000000000000000e+03 -1.045523644272209083e+02
1.100000000000000000e+03 -1.080196758202345961e+02
1.110000000000000000e+03 -9.349261740359013118e+01
1.120000000000000000e+03 -1.234306362274273710e+02
1.130000000000000000e+03 -1.181526636102412482e+02
1.140000000000000000e+03 -1.065521590195660053e+02
1.150000000000000000e+03 -1.117333017693750179e+02
1.160000000000000000e+03 -1.167527558293981258e+02
1.170000000000000000e+03 -1.250133175449172285e+02
1.180000000000000000e+03 -1.339234988085557063e+02
1.190000000000000000e+03 -1.296298676834043420e+02
1.200000000000000000e+03 -1.218371260076095268e+02
1.210000000000000000e+03 -1.083282135929125474e+02
1.220000000000000000e+03 -1.257544957486984742e+02
1.230000000000000000e+03 -1.306230900212636072e+02
1.240000000000000000e+03 -1.099785039302278449e+02
1.250000000000000000e+03 -1.112445114743489256e+02
1.260000000000000000e+03 -1.278840652816407157e+02
1.270000000000000000e+03 -1.372740414029217391e+02
1.280000000000000000e+03 -1.227452068171123614e+02
1.290000000000000000e+03 -1.096709401858016122e+02
1.300000000000000000e+03 -9.910084289388964862e+01
1.310000000000000000e+03 -1.118924694448623711e+02
1.320000000000000000e+03 -1.196381712856769468e+02
1.330000000000000000e+03 -9.429785228886699144e+01
1.340000000000000000e+03 -9.885160625300775905e+01
1.350000000000000000e+03 -1.205735821820075131e+02
1.360000000000000000e+03 -1.197138017146342008e+02
1.370000000000000000e+03 -1.317170383395068995e+02
1.380000000000000000e+03 -1.204990976686405020e+02
1.390000000000000000e+03 -1.372290069202244354e+02
1.400000000000000000e+03 -1.357298628492646628e+02
1.410000000000000000e+03 -1.165002533290839608e+02
1.420000000000000000e+03 -1.163128961300761830e+02
1.430000000000000000e+03 -1.171889485988312032e+02
1.440000000000000000e+03 -1.312632557657632901e+02
1.450000000000000000e+03 -1.094781398877400989e+02
1.460000000000000000e+03 -1.005167934929964559e+02
1.470000000000000000e+03 -1.277269029584363409e+02
1.480000000000000000e+03 -1.219006670270895398e+02
1.490000000000000000e+03 -1.162305047991363836e+02
1.500000000000000000e+03 -1.183829353481043256e+02
1.510000000000000000e+03 -1.151318582269730086e+02
1.520000000000000000e+03 -1.258607221239157212e+02
1.530000000000000000e+03 -1.104726227327486612e+02
1.540000000000000000e+03 -1.188781427704359004e+02
1.550000000000000000e+03 -1.193217839912057059e+02
1.560000000000000000e+03 -1.175267072190608246e+02
1.570000000000000000e+03 -9.972473663700760937e+01
1.580000000000000000e+03 -1.073951518235419940e+02
1.590000000000000000e+03 -1.064646110684700204e+02
1.600000000000000000e+03 -1.130077890888640297e+02
1.610000000000000000e+03 -9.670169671833835423e+01
1.620000000000000000e+03 -1.181217238893041781e+02
1.630000000000000000e+03 -1.020850362740490311e+02
1.640000000000000000e+03 -9.643275032930394275e+01
1.650000000000000000e+03 -1.124399306181098694e+02
1.660000000000000000e+03 -1.107084521612245140e+02
1.670000000000000000e+03 -1.212329420126440738e+02
1.680000000000000000e+03 -1.057682954600475256e+02
1.690000000000000000e+03 -1.117270565294080882e+02
1.700000000000000000e+03 -1.023247618155317724e+02
1.710000000000000000e+03 -1.019547456714362852e+02
1.720000000000000000e+03 -1.018946996945065706e+02
1.730000000000000000e+03 -1.038882490468847521e+02
1.740000000000000000e+03 -1.101583553821194101e+02
1.750000000000000000e+03 -1.207434641682638130e+02
1.760000000000000000e+03 -1.104757167048423696e+02
1.770000000000000000e+03 -1.078633156379433871e+02
1.780000000000000000e+03 -1.244894049370496276e+02
1.790000000000000000e+03 -1.314604678388473076e+02
1.800000000000000000e+03 -1.348219539271003384e+02
1.810000000000000000e+03 -1.159991444414625335e+02
1.820000000000000000e+03 -1.197472624498698366e+02
1.830000000000000000e+03 -1.096778156793431975e+02
1.840000000000000000e+03 -1.090662978246000705e+02
1.850000000000000000e+03 -1.260343856316198696e+02
1.860000000000000000e+03 -1.269100943256978411e+02
1.870000000000000000e+03 -1.134582485073958793e+02
1.880000000000000000e+03 -1.224746561462516041e+02
1.890000000000000000e+03 -1.202154262642712581e+02
1.900000000000000000e+03 -1.132283778399893919e+02
1.910000000000000000e+03 -1.246129346376798281e+02
1.920000000000000000e+03 -1.281288328517206310e+02
1.930000000000000000e+03 -1.235042613041016750e+02
1.940000000000000000e+03 -1.087762665887048428e+02
1.950000000000000000e+03 -1.063440607483745026e+02
1.960000000000000000e+03 -1.413610639471489208e+02
1.970000000000000000e+03 -1.271167602024015082e+02
1.980000000000000000e+03 -1.091560803110970568e+02
1.990000000000000000e+03 -1.169650939882735941e+02
2.000000000000000000e+03 -1.081447525069116580e+02
2.010000000000000000e+03 -1.137685624492387291e+02
2.020000000000000000e+03 -1.157091132055673199e+02
2.030000000000000000e+03 -1.242441217049541109e+02
2.040000000000000000e+03 -1.098905549086752700e+02
2.050000000000000000e+03 -9.440287545271446845e+01
2.060000000000000000e+03 -1.051716745079777979e+02
2.070000000000000000e+03 -1.105442424571400295e+02
2.080000000000000000e+03 -1.252759613982052258e+02
2.090000000000000000e+03 -1.142120890784494947e+02
2.100000000000000000e+03 -9.998514595489456269e+01
2.110000000000000000e+03 -1.088437610169712570e+02
2.120000000000000000e+03 -1.064156231769863297e+02
2.130000000000000000e+03 -9.506051640996562924e+01
2.140000000000000000e+03 -1.003733248610957105e+02
2.150000000000000000e+03 -1.172812520996267693e+02
2.160000000000000000e+03 -1.126954697947382158e+02
2.170000000000000000e+03 -1.117391459388853576e+02
2.180000000000000000e+03 -1.038303803095765545e+02
2.190000000000000000e+03 -1.207764665372633317e+02
2.200000000000000000e+03 -1.345006391955909635e+02
2.210000000000000000e+03 -1.132093556411910527e+02
2.220000000000000000e+03 -1.090712825574177032e+02
2.230000000000000000e+03 -1.186753157109595804e+02
2.240000000000000000e+03 -1.271721079254111544e+02
2.250000000000000000e+03 -1.165747951382304706e+02
2.260000000000000000e+03 -1.347474694137333415e+02
2.270000000000000000e+03 -1.296605209254438194e+02
2.280000000000000000e+03 -1.256007711722648708e+02
2.290000000000000000e+03 -1.253700410681656905e+02
2.300000000000000000e+03 -1.128207756645333149e+02
2.310000000000000000e+03 -1.074895752681795500e+02
2.320000000000000000e+03 -1.242009779829807599e+02
2.330000000000000000e+03 -1.067513764449330012e+02
2.340000000000000000e+03 -1.050033395077683736e+02
2.350000000000000000e+03 -1.088798000622849855e+02
2.360000000000000000e+03 -1.183321712874557363e+02
2.370000000000000000e+03 -9.838716666427470159e+01
2.380000000000000000e+03 -1.043926237939384265e+02
2.390000000000000000e+03 -1.020777024142713714e+02
2.400000000000000000e+03 -1.080751381348032538e+02
2.410000000000000000e+03 -1.199102116468050525e+02
2.420000000000000000e+03 -1.046169940665116656e+02
2.430000000000000000e+03 -1.062105615821090083e+02
2.440000000000000000e+03 -1.163421742734073661e+02
2.450000000000000000e+03 -1.109096749388744740e+02
2.460000000000000000e+03 -9.685078033663138797e+01
2.470000000000000000e+03 -1.172574743511288489e+02
2.480000000000000000e+03 -1.109919516782552478e+02
2.490000000000000000e+03 -1.094429602791190632e+02
2.500000000000000000e+03 -1.049246724024969097e+02
2.510000000000000000e+03 -1.167205556013117445e+02
2.520000000000000000e+03 -1.294494432737176339e+02
2.530000000000000000e+03 -1.169497387193640776e+02
2.540000000000000000e+03 -1.126560502984332146e+02
2.550000000000000000e+03 -1.084771253238670425e+02
2.560000000000000000e+03 -1.193487703033563463e+02
2.570000000000000000e+03 -1.186039251696862777e+02
2.580000000000000000e+03 -1.128228956083753047e+02
2.590000000000000000e+03 -1.043267909432778993e+02
2.600000000000000000e+03 -1.138290094966250336e+02
2.610000000000000000e+03 -1.290533002541641849e+02
2.620000000000000000e+03 -1.163830261642002029e+02
2.630000000000000000e+03 -1.279810097405768659e+02
2.640000000000000000e+03 -1.186875770077754026e+02
2.650000000000000000e+03 -1.197854214390255692e+02
2.660000000000000000e+03 -1.046942860730748066e+02
2.670000000000000000e+03 -1.048929305406466597e+02
2.680000000000000000e+03 -1.146615744687296257e+02
2.690000000000000000e+03 -1.339792476020219283e+02
2.700000000000000000e+03 -1.110803017702644269e+02
2.710000000000000000e+03 -1.175067682877902655e+02
2.720000000000000000e+03 -1.077361763032038624e+02
2.730000000000000000e+03 -1.044939227321175537e+02
2.740000000000000000e+03 -1.015288088465360232e+02
2.750000000000000000e+03 -1.278730644919742190e+02
2.760000000000000000e+03 -1.367716720081510005e+02
2.770000000000000000e+03 -1.284029931566906839e+02
2.780000000000000000e+03 -1.166546081590922057e+02
2.790000000000000000e+03 -1.391909290023114067e+02
2.800000000000000000e+03 -1.200416481650080556e+02
2.810000000000000000e+03 -1.157313439680184075e+02
2.820000000000000000e+03 -1.268035241758035028e+02
2.830000000000000000e+03 -1.179322467464544246e+02
2.840000000000000000e+03 -1.199710597646479471e+02
2.850000000000000000e+03 -1.367785475016926000e+02
2.860000000000000000e+03 -1.327626863156206696e+02
2.870000000000000000e+03 -1.124143194046675092e+02
2.880000000000000000e+03 -1.226783426424206027e+02
2.890000000000000000e+03 -1.395528091457160258e+02
2.900000000000000000e+03 -1.223059773713650742e+02
2.910000000000000000e+03 -1.156155491976224567e+02
2.920000000000000000e+03 -1.196388015392515740e+02
2.930000000000000000e+03 -1.261650200089097211e+02
2.940000000000000000e+03 -1.167060597690949493e+02
2.950000000000000000e+03 -1.135444213597835557e+02
2.960000000000000000e+03 -1.298885008321263967e+02
2.970000000000000000e+03 -1.404846104079373106e+02
2.980000000000000000e+03 -1.272129598162039912e+02
2.990000000000000000e+03 -1.150039740470998026e+02
3.000000000000000000e+03 -1.100166056236040504e+02
3.010000000000000000e+03 -1.152922291138301318e+02
3.020000000000000000e+03 -1.284412667374054422e+02
3.030000000000000000e+03 -1.154399376334148428e+02
3.040000000000000000e+03 -1.232171521529616314e+02
3.050000000000000000e+03 -1.276540800226752168e+02
3.060000000000000000e+03 -1.295807652003616113e+02
3.070000000000000000e+03 -1.307276548188749814e+02
3.080000000000000000e+03 -1.150931262800221759e+02
3.090000000000000000e+03 -1.012931513053987373e+02
3.100000000000000000e+03 -1.321043578090153403e+02
3.110000000000000000e+03 -1.097616967005503454e+02
3.120000000000000000e+03 -1.067948639415834293e+02
3.130000000000000000e+03 -1.119699906345435636e+02
3.140000000000000000e+03 -1.219733753712916240e+02
3.150000000000000000e+03 -1.278554173918841883e+02
3.160000000000000000e+03 -1.136245208595428409e+02
3.170000000000000000e+03 -1.287296936914742957e+02
3.180000000000000000e+03 -1.304118977779783961e+02
3.190000000000000000e+03 -1.365346966640849189e+02
3.200000000000000000e+03 -1.313524079986856350e+02
3.210000000000000000e+03 -1.258100153590466590e+02
3.220000000000000000e+03 -1.141358283959175850e+02
3.230000000000000000e+03 -1.098728505128057265e+02
3.240000000000000000e+03 -1.152091502335361497e+02
3.250000000000000000e+03 -1.242114058148521423e+02
3.260000000000000000e+03 -1.178421777810598599e+02
3.270000000000000000e+03 -1.201801893598706954e+02
3.280000000000000000e+03 -1.408033468293685928e+02
3.290000000000000000e+03 -1.159895760462838581e+02
3.300000000000000000e+03 -1.133665179643954275e+02
3.310000000000000000e+03 -1.307914823172525587e+02
3.320000000000000000e+03 -1.260954056368013170e+02
3.330000000000000000e+03 -1.219740056248662796e+02
3.340000000000000000e+03 -1.380404870454682111e+02
3.350000000000000000e+03 -1.109596368586098691e+02
3.360000000000000000e+03 -1.121878291882523087e+02
3.370000000000000000e+03 -9.677125379466724553e+01
3.380000000000000000e+03 -1.230394206449120418e+02
3.390000000000000000e+03 -1.217352541116352569e+02
3.400000000000000000e+03 -1.117247074024480611e+02
3.410000000000000000e+03 -1.133607883864441135e+02
3.420000000000000000e+03 -1.111219558019704294e+02
3.430000000000000000e+03 -1.048270976899861324e+02
3.440000000000000000e+03 -1.097655928135572339e+02
3.450000000000000000e+03 -1.187281997154501738e+02
3.460000000000000000e+03 -9.349387791073941401e+01
3.470000000000000000e+03 -1.033250888300506745e+02
3.480000000000000000e+03 -1.026974708612643639e+02
3.490000000000000000e+03 -1.021535047305671782e+02
3.500000000000000000e+03 -1.158215848207514966e+02
3.510000000000000000e+03 -1.033825564969022963e+02
3.520000000000000000e+03 -1.091148273498476442e+02
3.530000000000000000e+03 -9.943722641541096152e+01
3.540000000000000000e+03 -1.062114210188017154e+02
3.550000000000000000e+03 -1.006131649941374633e+02
3.560000000000000000e+03 -1.056042003475220667e+02
3.570000000000000000e+03 -1.048378120007550791e+02
3.580000000000000000e+03 -1.125479904582715420e+02
3.590000000000000000e+03 -1.131875832449760679e+02
3.600000000000000000e+03 -1.182082405163689458e+02
3.610000000000000000e+03 -1.255203851936080213e+02
3.620000000000000000e+03 -1.242381056481052326e+02
3.630000000000000000e+03 -1.153078708616371983e+02
3.640000000000000000e+03 -1.112705810540273603e+02
3.650000000000000000e+03 -1.084032137682951600e+02
3.660000000000000000e+03 -1.219074852248515839e+02
3.670000000000000000e+03 -1.342262497075028307e+02
3.680000000000000000e+03 -1.201234092423732278e+02
3.690000000000000000e+03 -1.276549394593679096e+02
3.700000000000000000e+03 -1.228039349911132803e+02
3.710000000000000000e+03 -1.167139665866677660e+02
3.720000000000000000e+03 -1.240229027002540931e+02
3.730000000000000000e+03 -1.236340935404783181e+02
3.740000000000000000e+03 -1.266108384693010152e+02
3.750000000000000000e+03 -1.120678518259519052e+02
3.760000000000000000e+03 -1.069234356708107896e+02
3.770000000000000000e+03 -1.204462136641499512e+02
3.780000000000000000e+03 -1.263053373729372453e+02
3.790000000000000000e+03 -1.085713195853865471e+02
3.800000000000000000e+03 -1.082111583153673138e+02
3.810000000000000000e+03 -1.267504109881948722e+02
3.820000000000000000e+03 -1.158672495570234275e+02
3.830000000000000000e+03 -1.050813763594651959e+02
3.840000000000000000e+03 -9.491561538357704819e+01
3.850000000000000000e+03 -9.552919588638265225e+01
3.860000000000000000e+03 -1.189447204662300948e+02
3.870000000000000000e+03 -1.182834125790901112e+02
3.880000000000000000e+03 -1.170551629536681588e+02
3.890000000000000000e+03 -1.062989116741181874e+02
3.900000000000000000e+03 -9.080796635872513889e+01
3.910000000000000000e+03 -1.093262487762509210e+02
3.920000000000000000e+03 -1.013859704682099192e+02
3.930000000000000000e+03 -9.217779385532391245e+01
3.940000000000000000e+03 -1.079328154184927513e+02
3.950000000000000000e+03 -1.087815950961995668e+02
3.960000000000000000e+03 -1.018061777151588672e+02
3.970000000000000000e+03 -1.055803653032446192e+02
3.980000000000000000e+03 -1.182500664354134869e+02
3.990000000000000000e+03 -1.045057256626972446e+02
4.000000000000000000e+03 -1.020630919904955221e+02
4.010000000000000000e+03 -1.086415069152900799e+02
4.020000000000000000e+03 -1.128351569051910985e+02
4.030000000000000000e+03 -1.128324067077744814e+02
4.040000000000000000e+03 -1.220326765030876857e+02
4.050000000000000000e+03 -1.038438448177621183e+02
4.060000000000000000e+03 -1.097398670085558621e+02
4.070000000000000000e+03 -1.072195402593343942e+02
4.080000000000000000e+03 -9.571724063474458433e+01
4.090000000000000000e+03 -1.187663014088263509e+02
4.100000000000000000e+03 -1.078248701698901044e+02
4.110000000000000000e+03 -9.991977147047015251e+01
4.120000000000000000e+03 -9.516170075658573069e+01
4.130000000000000000e+03 -1.093948891201075924e+02
4.140000000000000000e+03 -1.058960650483617059e+02
4.150000000000000000e+03 -1.102520912774028119e+02
4.160000000000000000e+03 -1.136469808051119657e+02
4.170000000000000000e+03 -1.120165721032877002e+02
4.180000000000000000e+03 -1.160497939105520970e+02
4.190000000000000000e+03 -1.165859105194560073e+02
4.200000000000000000e+03 -1.089985742132156048e+02
4.210000000000000000e+03 -1.174126313220502880e+02
4.220000000000000000e+03 -1.164488590148607159e+02
4.230000000000000000e+03 -1.132604634765167191e+02
4.240000000000000000e+03 -1.116318309438573522e+02
4.250000000000000000e+03 -1.220582304207505047e+02
4.260000000000000000e+03 -1.221907555587642662e+02
4.270000000000000000e+03 -1.129100997847942125e+02
4.280000000000000000e+03 -1.014371355993151127e+02
4.290000000000000000e+03 -1.301681042361502421e+02
4.300000000000000000e+03 -1.299149714822614214e+02
4.310000000000000000e+03 -1.207948011867075309e+02
4.320000000000000000e+03 -1.077111380475566449e+02
4.330000000000000000e+03 -1.195544621518083090e+02
4.340000000000000000e+03 -1.098165287615443617e+02
4.350000000000000000e+03 -1.039527067988369851e+02
4.360000000000000000e+03 -1.294806694735522683e+02
4.370000000000000000e+03 -1.074270082769512555e+02
4.380000000000000000e+03 -1.012310426804065457e+02
4.390000000000000000e+03 -1.167504639982175831e+02
4.400000000000000000e+03 -1.161593434409811039e+02
4.410000000000000000e+03 -9.524214403102209303e+01
4.420000000000000000e+03 -1.048117997168561288e+02
4.430000000000000000e+03 -1.085724655009768043e+02
4.440000000000000000e+03 -1.025920466269603111e+02
4.450000000000000000e+03 -1.038032221100873613e+02
4.460000000000000000e+03 -9.802093204162707707e+01
4.470000000000000000e+03 -1.102005250758410426e+02
4.480000000000000000e+03 -9.798271575669186007e+01
4.490000000000000000e+03 -1.086329698441426359e+02
4.500000000000000000e+03 -1.225575058434274922e+02
4.510000000000000000e+03 -1.044236208106549952e+02
4.520000000000000000e+03 -1.205831505771861885e+02
4.530000000000000000e+03 -1.237057132648696864e+02
4.540000000000000000e+03 -9.337842691502055459e+01
4.550000000000000000e+03 -1.234748112734319534e+02
4.560000000000000000e+03 -1.335155528584225522e+02
4.570000000000000000e+03 -1.207982962292578435e+02
4.580000000000000000e+03 -1.274569825411501967e+02
4.590000000000000000e+03 -1.260604552112983328e+02
4.600000000000000000e+03 -1.345821137940585857e+02
4.610000000000000000e+03 -1.086351470837641244e+02
4.620000000000000000e+03 -1.108178871000945094e+02
4.630000000000000000e+03 -1.138186962563126770e+02
4.640000000000000000e+03 -1.296524995163119911e+02
4.650000000000000000e+03 -1.321701333638963547e+02
4.660000000000000000e+03 -1.264685157529904984e+02
4.670000000000000000e+03 -1.169967212585648042e+02
4.680000000000000000e+03 -1.075441208502760162e+02
4.690000000000000000e+03 -1.151349521990667171e+02
4.700000000000000000e+03 -1.122295978115173511e+02
4.710000000000000000e+03 -1.037010064394360143e+02
4.720000000000000000e+03 -1.044581128699218766e+02
4.730000000000000000e+03 -1.178053938906124642e+02
4.740000000000000000e+03 -1.144562836907342529e+02
4.750000000000000000e+03 -1.230562656040888783e+02
4.760000000000000000e+03 -1.349326493731196308e+02
4.770000000000000000e+03 -1.226605809507715321e+02
4.780000000000000000e+03 -1.051752268463076092e+02
4.790000000000000000e+03 -1.304639796415557953e+02
4.800000000000000000e+03 -1.343926939469883166e+02
4.810000000000000000e+03 -1.197579194648592846e+02
4.820000000000000000e+03 -1.252869621878717226e+02
4.830000000000000000e+03 -1.241136592150028264e+02
4.840000000000000000e+03 -1.163540344997665699e+02
4.850000000000000000e+03 -1.137125271768749428e+02
4.860000000000000000e+03 -1.215917854797345115e+02
4.870000000000000000e+03 -1.167090964454091306e+02
4.880000000000000000e+03 -1.076395756189448036e+02
4.890000000000000000e+03 -1.295155053074962268e+02
4.900000000000000000e+03 -1.139300219559065965e+02
4.910000000000000000e+03 -1.339739190945272185e+02
4.920000000000000000e+03 -1.142346063197981465e+02
4.930000000000000000e+03 -1.374565284606708815e+02
4.940000000000000000e+03 -1.363406931546536214e+02
4.950000000000000000e+03 -1.353412255768274122e+02
4.960000000000000000e+03 -1.339941445046953277e+02
4.970000000000000000e+03 -1.140635784179515895e+02
4.980000000000000000e+03 -1.106447965501854895e+02
4.990000000000000000e+03 -1.250318813774794933e+02
5.000000000000000000e+03 -1.280208303073384570e+02
5.010000000000000000e+03 -1.175225246271563719e+02
5.020000000000000000e+03 -1.212508755916316545e+02
5.030000000000000000e+03 -1.364006818358037947e+02
5.040000000000000000e+03 -1.348607431698306982e+02
5.050000000000000000e+03 -1.150641346155885572e+02
5.060000000000000000e+03 -1.215359220947092354e+02
5.070000000000000000e+03 -1.268624242371429602e+02
5.080000000000000000e+03 -1.331933786902204986e+02
5.090000000000000000e+03 -1.100085842144722221e+02
5.100000000000000000e+03 -1.100277210048295871e+02
5.110000000000000000e+03 -1.217851587355911533e+02
5.120000000000000000e+03 -1.121266945915118356e+02
5.130000000000000000e+03 -1.210375634045044535e+02
5.140000000000000000e+03 -1.280843713268184558e+02
5.150000000000000000e+03 -1.145956270265100869e+02
5.160000000000000000e+03 -1.226136557073503326e+02
5.170000000000000000e+03 -1.162349738699383863e+02
5.180000000000000000e+03 -1.167014188109543937e+02
5.190000000000000000e+03 -1.210052485848590891e+02
5.200000000000000000e+03 -1.201762359510842941e+02
5.210000000000000000e+03 -1.240167147560666763e+02
5.220000000000000000e+03 -1.191752213872112378e+02
5.230000000000000000e+03 -1.178037896087861043e+02
5.240000000000000000e+03 -1.111918566529763837e+02
5.250000000000000000e+03 -1.142142663180709974e+02
5.260000000000000000e+03 -1.195176782613609419e+02
5.270000000000000000e+03 -1.114173728411398940e+02
5.280000000000000000e+03 -1.084594782237770119e+02
5.290000000000000000e+03 -1.236594182750230999e+02
5.300000000000000000e+03 -1.153829283327993522e+02
5.310000000000000000e+03 -1.020510598767977797e+02
5.320000000000000000e+03 -1.287785096956194479e+02
5.330000000000000000e+03 -1.223488919102203596e+02
5.340000000000000000e+03 -1.327606809633377054e+02
5.350000000000000000e+03 -1.142731663794104406e+02
5.360000000000000000e+03 -1.219363622977261912e+02
5.370000000000000000e+03 -9.356074208543118687e+01
5.380000000000000000e+03 -1.002481335828596229e+02
5.390000000000000000e+03 -1.204973787952551305e+02
5.400000000000000000e+03 -1.297924158098829537e+02
5.410000000000000000e+03 -1.354955804068356713e+02
5.420000000000000000e+03 -1.101606472132999386e+02
5.430000000000000000e+03 -1.202527831125137681e+02
5.440000000000000000e+03 -1.470788962636569579e+02
5.450000000000000000e+03 -1.224016040273724144e+02
5.460000000000000000e+03 -1.184327826762806950e+02
5.470000000000000000e+03 -1.181779310490065171e+02
5.480000000000000000e+03 -1.087126682734453169e+02
5.490000000000000000e+03 -1.101211131254359117e+02
5.500000000000000000e+03 -1.246508071479379680e+02
5.510000000000000000e+03 -1.239958590923239257e+02
5.520000000000000000e+03 -1.262080491393240322e+02
5.530000000000000000e+03 -1.292345841005435716e+02
5.540000000000000000e+03 -1.246269721036605347e+02
5.550000000000000000e+03 -1.260053366714067522e+02
5.560000000000000000e+03 -1.169892155114486059e+02
5.570000000000000000e+03 -1.230976331568973308e+02
5.580000000000000000e+03 -1.146779037658908749e+02
5.590000000000000000e+03 -1.142521961241086643e+02
5.600000000000000000e+03 -1.243312112898140072e+02
5.610000000000000000e+03 -1.207915926230547825e+02
5.620000000000000000e+03 -1.192548052249549073e+02
5.630000000000000000e+03 -1.243137933728420137e+02
5.640000000000000000e+03 -1.173619245571811973e+02
5.650000000000000000e+03 -9.613189019108075684e+01
5.660000000000000000e+03 -1.143083459880314905e+02
5.670000000000000000e+03 -1.164624954103848324e+02
5.680000000000000000e+03 -1.282372937623388793e+02
5.690000000000000000e+03 -1.247134887307252882e+02
5.700000000000000000e+03 -1.311296993037182688e+02
5.710000000000000000e+03 -1.323111955730575744e+02
5.720000000000000000e+03 -1.199528397067627878e+02
5.730000000000000000e+03 -1.248610826587509877e+02
5.740000000000000000e+03 -1.251282528786204864e+02
5.750000000000000000e+03 -1.299262587508254967e+02
5.760000000000000000e+03 -1.274711918944694418e+02
5.770000000000000000e+03 -1.164357955771317421e+02
5.780000000000000000e+03 -1.236352394560685894e+02
5.790000000000000000e+03 -1.247562313822420492e+02
5.800000000000000000e+03 -1.285539675357076703e+02
5.810000000000000000e+03 -1.119057047699298835e+02
5.820000000000000000e+03 -1.242473302686068308e+02
5.830000000000000000e+03 -1.240317262502991156e+02
5.840000000000000000e+03 -1.289227804684333876e+02
5.850000000000000000e+03 -1.220449950956829923e+02
5.860000000000000000e+03 -1.129640724090955359e+02
5.870000000000000000e+03 -1.242568413680060075e+02
5.880000000000000000e+03 -9.619617605569443697e+01
5.890000000000000000e+03 -1.171482685953769192e+02
5.900000000000000000e+03 -1.398430695647293192e+02
5.910000000000000000e+03 -1.260059096292018808e+02
5.920000000000000000e+03 -1.320531353821306482e+02
5.930000000000000000e+03 -1.161881059222966712e+02
5.940000000000000000e+03 -1.111743814402249058e+02
5.950000000000000000e+03 -1.071176683633601385e+02
5.960000000000000000e+03 -1.005191999157360101e+02
5.970000000000000000e+03 -1.154657780299752687e+02
5.980000000000000000e+03 -1.146402031429712594e+02
5.990000000000000000e+03 -1.108663593295625702e+02
6.000000000000000000e+03 -1.043638040168433463e+02
6.010000000000000000e+03 -1.255491476749235886e+02
6.020000000000000000e+03 -1.119890128333419028e+02
6.030000000000000000e+03 -1.101176180828856133e+02
6.040000000000000000e+03 -1.066435457878893800e+02
6.050000000000000000e+03 -1.038832070182876208e+02
6.060000000000000000e+03 -1.064123573175540827e+02
6.070000000000000000e+03 -1.039614730531024804e+02
6.080000000000000000e+03 -1.208507791632918043e+02
6.090000000000000000e+03 -1.103013083520045541e+02
6.100000000000000000e+03 -1.062493508248393681e+02
6.110000000000000000e+03 -9.522432504359352379e+01
6.120000000000000000e+03 -1.008794184815347563e+02
6.130000000000000000e+03 -9.861422983848505908e+01
6.140000000000000000e+03 -9.736930714122479458e+01
6.150000000000000000e+03 -1.013966274831993530e+02
6.160000000000000000e+03 -1.184654412706031650e+02
6.170000000000000000e+03 -1.146941184714930699e+02
6.180000000000000000e+03 -1.206886321072697825e+02
6.190000000000000000e+03 -1.132586873073518063e+02
6.200000000000000000e+03 -1.080927279391137716e+02
6.210000000000000000e+03 -1.120784515451618262e+02
6.220000000000000000e+03 -9.956350631345779334e+01
6.230000000000000000e+03 -1.018670831287812746e+02
6.240000000000000000e+03 -9.791980499078648847e+01
6.250000000000000000e+03 -1.047070630319062161e+02
6.260000000000000000e+03 -1.158381433010307831e+02
6.270000000000000000e+03 -1.232092453353888146e+02
6.280000000000000000e+03 -1.245908184667877663e+02
6.290000000000000000e+03 -1.259580103575289485e+02
6.300000000000000000e+03 -1.180222011202899637e+02
6.310000000000000000e+03 -1.020524922712856153e+02
6.320000000000000000e+03 -1.060645146401301702e+02
6.330000000000000000e+03 -1.347651165138233580e+02
6.340000000000000000e+03 -1.269030469448177172e+02
6.350000000000000000e+03 -9.957444980734479145e+01
6.360000000000000000e+03 -1.086276413366479119e+02
6.370000000000000000e+03 -1.034683855746128955e+02
6.380000000000000000e+03 -1.034212884438531432e+02
6.390000000000000000e+03 -1.152954376774828518e+02
6.400000000000000000e+03 -1.130138051457129080e+02
6.410000000000000000e+03 -1.133747112608657943e+02
6.420000000000000000e+03 -1.340367152688735644e+02
6.430000000000000000e+03 -1.252671951439397162e+02
6.440000000000000000e+03 -1.246855283903228866e+02
6.450000000000000000e+03 -1.168657431065979182e+02
6.460000000000000000e+03 -1.016874035642282479e+02
6.470000000000000000e+03 -1.118910370503745355e+02
6.480000000000000000e+03 -1.091260000268527079e+02
6.490000000000000000e+03 -1.102669308842966984e+02
6.500000000000000000e+03 -1.261312727947765069e+02
6.510000000000000000e+03 -1.192472421820591677e+02
6.520000000000000000e+03 -1.261775104888435663e+02
6.530000000000000000e+03 -1.254773560631936817e+02
6.540000000000000000e+03 -1.016722201826572842e+02
6.550000000000000000e+03 -1.102271103175351215e+02
6.560000000000000000e+03 -1.212468648870657404e+02
6.570000000000000000e+03 -1.178111234685637498e+02
6.580000000000000000e+03 -1.150756510672706838e+02
6.590000000000000000e+03 -1.041807440012990469e+02
6.600000000000000000e+03 -1.067337866406224833e+02
6.610000000000000000e+03 -1.041966149322241648e+02
6.620000000000000000e+03 -1.299990243908071363e+02
6.630000000000000000e+03 -1.383297161404502731e+02
6.640000000000000000e+03 -1.219093186897959953e+02
6.650000000000000000e+03 -9.689335110080962465e+01
6.660000000000000000e+03 -1.030859935421425888e+02
6.670000000000000000e+03 -1.301545251364056242e+02
6.680000000000000000e+03 -1.296202419924461537e+02
6.690000000000000000e+03 -1.166825112037150660e+02
6.700000000000000000e+03 -1.085834662906433152e+02
6.710000000000000000e+03 -1.041456216884575383e+02
6.720000000000000000e+03 -1.265067893337052425e+02
6.730000000000000000e+03 -1.196480261597532007e+02
6.740000000000000000e+03 -1.296051732024342016e+02
6.750000000000000000e+03 -1.349453117403919862e+02
6.760000000000000000e+03 -1.352431352023010049e+02
6.770000000000000000e+03 -1.319163703564329069e+02
6.780000000000000000e+03 -1.324580446559495783e+02
6.790000000000000000e+03 -1.256373831753737278e+02
6.800000000000000000e+03 -1.233022363855385493e+02
6.810000000000000000e+03 -1.137160222194252270e+02
6.820000000000000000e+03 -1.002288249051637052e+02
6.830000000000000000e+03 -1.054698990403434067e+02
6.840000000000000000e+03 -1.075013781987592409e+02
6.850000000000000000e+03 -1.170971607600512527e+02
6.860000000000000000e+03 -1.049336678398804565e+02
6.870000000000000000e+03 -1.062385219225113957e+02
6.880000000000000000e+03 -1.072830239830348944e+02
6.890000000000000000e+03 -1.134901049608051551e+02
6.900000000000000000e+03 -1.205224170509023338e+02
6.910000000000000000e+03 -1.191515009344928160e+02
6.920000000000000000e+03 -1.173080665244388996e+02
6.930000000000000000e+03 -1.155084060899329756e+02
6.940000000000000000e+03 -1.156932422746421878e+02
6.950000000000000000e+03 -1.088920040633212807e+02
6.960000000000000000e+03 -1.110399082457077071e+02
6.970000000000000000e+03 -1.205764469709831701e+02
6.980000000000000000e+03 -1.156411031152852757e+02
6.990000000000000000e+03 -1.237452473527337133e+02
7.000000000000000000e+03 -1.232710674814834277e+02
7.010000000000000000e+03 -1.187233295741915384e+02
7.020000000000000000e+03 -1.084971215509171003e+02
7.030000000000000000e+03 -1.263471059962022736e+02
7.040000000000000000e+03 -1.156616723001304763e+02
7.050000000000000000e+03 -1.081531176907205634e+02
7.060000000000000000e+03 -1.135730119537605844e+02
7.070000000000000000e+03 -1.185880542387611598e+02
7.080000000000000000e+03 -1.129994239050551244e+02
7.090000000000000000e+03 -1.178631480363616504e+02
7.100000000000000000e+03 -1.056130238975670750e+02
7.110000000000000000e+03 -1.268243225437667547e+02
7.120000000000000000e+03 -1.149694819878329355e+02
7.130000000000000000e+03 -1.076799118477220105e+02
7.140000000000000000e+03 -1.187507742525783243e+02
7.150000000000000000e+03 -1.136634246938322264e+02
7.160000000000000000e+03 -1.081733431008886726e+02
7.170000000000000000e+03 -1.161053135209002676e+02
7.180000000000000000e+03 -1.415071108891277731e+02
7.190000000000000000e+03 -1.192120052776586334e+02
7.200000000000000000e+03 -1.186458083845103459e+02
7.210000000000000000e+03 -1.342720290353337873e+02
7.220000000000000000e+03 -1.389200918525530710e+02
7.230000000000000000e+03 -1.153104491717152911e+02
7.240000000000000000e+03 -1.103462282431428036e+02
7.250000000000000000e+03 -1.164457077469874946e+02
7.260000000000000000e+03 -1.025112022820673445e+02
7.270000000000000000e+03 -1.073277146910550925e+02
7.280000000000000000e+03 -1.103291541008479157e+02
7.290000000000000000e+03 -1.133989473755998318e+02
7.300000000000000000e+03 -1.112001072452262775e+02
7.310000000000000000e+03 -1.168020301997793666e+02
7.320000000000000000e+03 -1.050213303825354814e+02
7.330000000000000000e+03 -1.157199421078952781e+02
7.340000000000000000e+03 -1.224302519171289418e+02
7.350000000000000000e+03 -1.275005273335801377e+02
7.360000000000000000e+03 -1.174071882229965240e+02
7.370000000000000000e+03 -1.251619427969741736e+02
7.380000000000000000e+03 -1.150017968074782999e+02
7.390000000000000000e+03 -1.227627966214228934e+02
7.400000000000000000e+03 -1.189309694791469667e+02
7.410000000000000000e+03 -1.191358591866857353e+02
7.420000000000000000e+03 -1.072780392502172475e+02
7.430000000000000000e+03 -1.047194389202810498e+02
7.440000000000000000e+03 -1.289136704394908008e+02
7.450000000000000000e+03 -1.199949521047049075e+02
7.460000000000000000e+03 -1.193688238261859311e+02
7.470000000000000000e+03 -1.164863877504417928e+02
7.480000000000000000e+03 -1.207247857441425367e+02
7.490000000000000000e+03 -1.108885900920136436e+02
7.500000000000000000e+03 -1.225427808280926314e+02
7.510000000000000000e+03 -1.163179954544528414e+02
7.520000000000000000e+03 -1.076575664937119114e+02
7.530000000000000000e+03 -1.178724872484222743e+02
7.540000000000000000e+03 -1.260530067599616331e+02
7.550000000000000000e+03 -1.180182477115035766e+02
7.560000000000000000e+03 -1.250713008737844802e+02
7.570000000000000000e+03 -1.206789491205320672e+02
7.580000000000000000e+03 -1.158089224534790986e+02
7.590000000000000000e+03 -1.080331976241996728e+02
7.600000000000000000e+03 -1.032050541719707724e+02
7.610000000000000000e+03 -1.200972823669152802e+02
7.620000000000000000e+03 -1.274738847961065460e+02
7.630000000000000000e+03 -1.049045615838878120e+02
7.640000000000000000e+03 -1.093243007197474697e+02
7.650000000000000000e+03 -1.081020671511744098e+02
7.660000000000000000e+03 -1.166984967261992381e+02
7.670000000000000000e+03 -1.133993484460564360e+02
7.680000000000000000e+03 -1.009176920622495004e+02
7.690000000000000000e+03 -1.096807950598778660e+02
7.700000000000000000e+03 -1.170253691483213601e+02
7.710000000000000000e+03 -1.178169103422945909e+02
7.720000000000000000e+03 -1.165127438090178060e+02
7.730000000000000000e+03 -1.075818214731956033e+02
7.740000000000000000e+03 -1.265309108568802685e+02
7.750000000000000000e+03 -1.204348690998063489e+02
7.760000000000000000e+03 -1.137496548419994156e+02
7.770000000000000000e+03 -1.206032041000157733e+02
7.780000000000000000e+03 -1.025287920863778623e+02
7.790000000000000000e+03 -1.053087833083526164e+02
7.800000000000000000e+03 -1.060842243882826637e+02
7.810000000000000000e+03 -1.091488610428784085e+02
7.820000000000000000e+03 -1.213425488388526077e+02
7.830000000000000000e+03 -1.199994784712864373e+02
7.840000000000000000e+03 -1.054975729018482156e+02
7.850000000000000000e+03 -1.251208617230632996e+02
7.860000000000000000e+03 -1.331332181217317441e+02
7.870000000000000000e+03 -1.121571759462128028e+02
7.880000000000000000e+03 -1.077357752327472724e+02
7.890000000000000000e+03 -1.195599625466415716e+02
7.900000000000000000e+03 -1.259672349780305467e+02
7.910000000000000000e+03 -1.129226475605075848e+02
7.920000000000000000e+03 -1.174337734646906029e+02
7.930000000000000000e+03 -1.093915086691163197e+02
7.940000000000000000e+03 -1.078984952465644227e+02
7.950000000000000000e+03 -1.091367716334011533e+02
7.960000000000000000e+03 -1.015944698098580261e+02
7.970000000000000000e+03 -1.069729965200896089e+02
7.980000000000000000e+03 -1.018501235780453982e+02
7.990000000000000000e+03 -1.140383109791863205e+02
8.000000000000000000e+03 -1.264190694952707190e+02
8.010000000000000000e+03 -9.928126730357635665e+01
8.020000000000000000e+03 -1.142472113912910174e+02
8.030000000000000000e+03 -1.053519270303259674e+02
8.040000000000000000e+03 -1.045631933295488807e+02
8.050000000000000000e+03 -9.772322317127709823e+01
8.060000000000000000e+03 -1.018166055470302354e+02
8.070000000000000000e+03 -1.106945865825823603e+02
8.080000000000000000e+03 -9.938342567844819087e+01
8.090000000000000000e+03 -1.095081055804254362e+02
8.100000000000000000e+03 -1.145608484883456271e+02
8.110000000000000000e+03 -1.061378532379069100e+02
8.120000000000000000e+03 -1.231060556364857632e+02
8.130000000000000000e+03 -1.221881199529066748e+02
8.140000000000000000e+03 -1.133783208949751327e+02
8.150000000000000000e+03 -1.065784004865830070e+02
8.160000000000000000e+03 -9.968124914035718120e+01
8.170000000000000000e+03 -1.000932630908357623e+02
8.180000000000000000e+03 -1.101878627085686446e+02
8.190000000000000000e+03 -1.138288949050660079e+02
8.200000000000000000e+03 -1.227427430985933086e+02
8.210000000000000000e+03 -1.203373516830750845e+02
8.220000000000000000e+03 -1.184068849839408131e+02
8.230000000000000000e+03 -9.728943682458356079e+01
8.240000000000000000e+03 -1.070968126996173737e+02
8.250000000000000000e+03 -1.082788819267517795e+02
8.260000000000000000e+03 -1.084248142771716061e+02
8.270000000000000000e+03 -1.182802040154373771e+02
8.280000000000000000e+03 -1.131508566503081852e+02
8.290000000000000000e+03 -1.087065949208169400e+02
8.300000000000000000e+03 -1.112357452200834160e+02
8.310000000000000000e+03 -1.276811809263848971e+02
8.320000000000000000e+03 -1.300611330157993279e+02
8.330000000000000000e+03 -1.232189856179060570e+02
8.340000000000000000e+03 -1.293927204519996792e+02
8.350000000000000000e+03 -9.947549999612570559e+01
8.360000000000000000e+03 -1.356339497143597441e+02
8.370000000000000000e+03 -1.296187523021788195e+02
8.380000000000000000e+03 -1.334413548239531053e+02
8.390000000000000000e+03 -1.257956341183888753e+02
8.400000000000000000e+03 -1.142266422064458169e+02
8.410000000000000000e+03 -1.037557239088710048e+02
8.420000000000000000e+03 -1.210733732667001306e+02
8.430000000000000000e+03 -1.008214924484470316e+02
8.440000000000000000e+03 -1.192632850003228384e+02
8.450000000000000000e+03 -1.318547773934563452e+02
8.460000000000000000e+03 -1.175197171339602278e+02
8.470000000000000000e+03 -1.272106679850234485e+02
8.480000000000000000e+03 -1.120306668650479196e+02
8.490000000000000000e+03 -1.122639752792251926e+02
8.500000000000000000e+03 -1.189832232300629045e+02
8.510000000000000000e+03 -1.217524428454891847e+02
8.520000000000000000e+03 -1.131964640908006032e+02
8.530000000000000000e+03 -1.229905473449873909e+02
8.540000000000000000e+03 -1.103680006393577884e+02
8.550000000000000000e+03 -1.047290646112392380e+02
8.560000000000000000e+03 -1.374240990494664914e+02
8.570000000000000000e+03 -1.350927337810791755e+02
8.580000000000000000e+03 -1.383872411030814078e+02
8.590000000000000000e+03 -1.101397915495571738e+02
8.600000000000000000e+03 -1.000912577385527982e+02
8.610000000000000000e+03 -1.108608016389498090e+02
8.620000000000000000e+03 -1.325677087779376393e+02
8.630000000000000000e+03 -1.205637846037107863e+02
8.640000000000000000e+03 -1.179147142379234054e+02
8.650000000000000000e+03 -1.201560678366956978e+02
8.660000000000000000e+03 -1.214103870417960849e+02
8.670000000000000000e+03 -1.211899128822297342e+02
8.680000000000000000e+03 -1.214149134083776147e+02
8.690000000000000000e+03 -1.226392669207926645e+02
8.700000000000000000e+03 -1.217978211028635513e+02
8.710000000000000000e+03 -1.233733404479143019e+02
8.720000000000000000e+03 -1.092098237522803430e+02
8.730000000000000000e+03 -1.258769941252974434e+02
8.740000000000000000e+03 -1.275876169184400339e+02
8.750000000000000000e+03 -1.094351107573257735e+02
8.760000000000000000e+03 -1.186514806666821471e+02
8.770000000000000000e+03 -1.172402283214954224e+02
8.780000000000000000e+03 -1.125345259500859640e+02
8.790000000000000000e+03 -1.135577139806305951e+02
8.800000000000000000e+03 -1.290402941122146956e+02
8.810000000000000000e+03 -1.157021804162462359e+02
8.820000000000000000e+03 -1.004646543336395581e+02
8.830000000000000000e+03 -1.229781714566125430e+02
8.840000000000000000e+03 -1.176225057624067034e+02
8.850000000000000000e+03 -1.052952042086080127e+02
8.860000000000000000e+03 -1.031507950687718846e+02
8.870000000000000000e+03 -1.015085834363679140e+02
8.880000000000000000e+03 -1.084959183395473303e+02
8.890000000000000000e+03 -1.147329077142234297e+02
8.900000000000000000e+03 -1.162888319026806840e+02
8.910000000000000000e+03 -1.165096498369240976e+02
8.920000000000000000e+03 -1.218854836455185620e+02
8.930000000000000000e+03 -1.094115621919458903e+02
8.940000000000000000e+03 -9.404036505573519378e+01
8.950000000000000000e+03 -1.105209803706577105e+02
8.960000000000000000e+03 -1.205243078116262723e+02
8.970000000000000000e+03 -1.288670316749671656e+02
8.980000000000000000e+03 -1.219228977895406132e+02
8.990000000000000000e+03 -1.088878214714168138e+02
9.000000000000000000e+03 -1.122934253098949142e+02
9.010000000000000000e+03 -1.154212592092935949e+02
9.020000000000000000e+03 -1.252795137365350229e+02
9.030000000000000000e+03 -1.110748586712106771e+02
9.040000000000000000e+03 -1.150381796274691339e+02
9.050000000000000000e+03 -1.227240646744720323e+02
9.060000000000000000e+03 -1.147239695726193958e+02
9.070000000000000000e+03 -1.145856575608748074e+02
9.080000000000000000e+03 -1.211200693270033071e+02
9.090000000000000000e+03 -1.240200379112784503e+02
9.100000000000000000e+03 -1.283556095470333958e+02
9.110000000000000000e+03 -1.092836207162931856e+02
9.120000000000000000e+03 -1.158190638064529310e+02
9.130000000000000000e+03 -1.104487303926917150e+02
9.140000000000000000e+03 -1.191090447618736050e+02
9.150000000000000000e+03 -1.096665284107791223e+02
9.160000000000000000e+03 -1.095917574185145327e+02
9.170000000000000000e+03 -1.055929703747375044e+02
9.180000000000000000e+03 -1.094496638853221100e+02
9.190000000000000000e+03 -1.030235984382528329e+02
9.200000000000000000e+03 -1.079016465144376440e+02
9.210000000000000000e+03 -1.149532099864512134e+02
9.220000000000000000e+03 -8.974014491593982257e+01
9.230000000000000000e+03 -1.049530911091354000e+02
9.240000000000000000e+03 -1.160002903570527906e+02
9.250000000000000000e+03 -1.133756279933380142e+02
9.260000000000000000e+03 -1.142562641244540913e+02
9.270000000000000000e+03 -1.051388440263168036e+02
9.280000000000000000e+03 -1.186153270298094071e+02
9.290000000000000000e+03 -1.171211103958877118e+02
9.300000000000000000e+03 -1.053102729986199506e+02
9.310000000000000000e+03 -1.145504779522537575e+02
9.320000000000000000e+03 -1.073917140767712084e+02
9.330000000000000000e+03 -9.367768277141739475e+01
9.340000000000000000e+03 -1.060372991448614499e+02
9.350000000000000000e+03 -1.025329746782823150e+02
9.360000000000000000e+03 -1.030387818198237966e+02
9.370000000000000000e+03 -1.051894361996268543e+02
9.380000000000000000e+03 -1.093111226904594702e+02
9.390000000000000000e+03 -1.060630249498628217e+02
9.400000000000000000e+03 -8.985250193956498777e+01
9.410000000000000000e+03 -1.039056096680772328e+02
9.420000000000000000e+03 -1.036921828893910060e+02
9.430000000000000000e+03 -1.187287726732452882e+02
9.440000000000000000e+03 -1.114977588197967293e+02
9.450000000000000000e+03 -1.275354204633035948e+02
9.460000000000000000e+03 -1.152547003782490549e+02
9.470000000000000000e+03 -1.071858503409807071e+02
9.480000000000000000e+03 -9.706443629843568033e+01
9.490000000000000000e+03 -1.014888163924359077e+02
9.500000000000000000e+03 -1.043489644099494598e+02
9.510000000000000000e+03 -1.075058472695612721e+02
9.520000000000000000e+03 -1.019387028531726287e+02
9.530000000000000000e+03 -9.569856221062332224e+01
9.540000000000000000e+03 -1.019994363794564975e+02
9.550000000000000000e+03 -1.032474530488104563e+02
9.560000000000000000e+03 -1.058334407613539128e+02
9.570000000000000000e+03 -9.306163855009272368e+01
9.580000000000000000e+03 -1.113689579074513176e+02
9.590000000000000000e+03 -1.331389476996830581e+02
9.600000000000000000e+03 -1.323492972664337799e+02
9.610000000000000000e+03 -1.229492370879584371e+02
9.620000000000000000e+03 -1.131088588439250913e+02
9.630000000000000000e+03 -1.158068598054166358e+02
9.640000000000000000e+03 -1.265860293967718349e+02
9.650000000000000000e+03 -1.188362022598323193e+02
9.660000000000000000e+03 -1.155870731952044395e+02
9.670000000000000000e+03 -1.255458245197118288e+02
9.680000000000000000e+03 -1.254206332414757412e+02
9.690000000000000000e+03 -1.052050206516544222e+02
9.700000000000000000e+03 -1.006630123223138469e+02
9.710000000000000000e+03 -1.113026666905547017e+02
9.720000000000000000e+03 -1.029452751076584605e+02
9.730000000000000000e+03 -1.083930724153213419e+02
9.740000000000000000e+03 -1.124238877998461987e+02
9.750000000000000000e+03 -1.023466488033057686e+02
9.760000000000000000e+03 -1.214256850149260742e+02
9.770000000000000000e+03 -1.214819494704079261e+02
9.780000000000000000e+03 -1.302432762988713932e+02
9.790000000000000000e+03 -1.164738972705079334e+02
9.800000000000000000e+03 -9.564201127624390608e+01
9.810000000000000000e+03 -9.877557475359388661e+01
9.820000000000000000e+03 -1.171410493271582567e+02
9.830000000000000000e+03 -1.299640166695246251e+02
9.840000000000000000e+03 -1.243411807554492725e+02
9.850000000000000000e+03 -1.211686561480303936e+02
9.860000000000000000e+03 -1.384425888260910256e+02
9.870000000000000000e+03 -1.303659465628089151e+02
9.880000000000000000e+03 -1.308191561787573676e+02
9.890000000000000000e+03 -1.163118075102654387e+02
9.900000000000000000e+03 -1.400657782596966570e+02
9.910000000000000000e+03 -1.185461710239371200e+02
9.920000000000000000e+03 -9.821768574847500588e+01
9.930000000000000000e+03 -1.000131062952969501e+02
9.940000000000000000e+03 -1.159464896200900199e+02
9.950000000000000000e+03 -1.100865064746100188e+02
9.960000000000000000e+03 -1.099939164949168742e+02
9.970000000000000000e+03 -1.025090250424458418e+02
9.980000000000000000e+03 -1.179880528357001737e+02
9.990000000000000000e+03 -1.106417598738712940e+02
