0.000000000000000000e+00 -1.060555192027466234e+02
1.000000000000000000e+01 -9.479093976735657634e+01
2.000000000000000000e+01 -7.198842273251958090e+01
3.000000000000000000e+01 -8.471049220716341210e+01
4.000000000000000000e+01 -8.374202164605378584e+01
5.000000000000000000e+01 -8.167186783646660331e+01
6.000000000000000000e+01 -8.104424986768030692e+01
7.000000000000000000e+01 -8.360078754955402758e+01
8.000000000000000000e+01 -8.082474973636567483e+01
9.000000000000000000e+01 -7.514089381710888915e+01
1.000000000000000000e+02 -7.303384152551528530e+01
1.100000000000000000e+02 -7.836034366794898176e+01
1.200000000000000000e+02 -7.604782871102146657e+01
1.300000000000000000e+02 -8.568039516276087397e+01
1.400000000000000000e+02 -9.777702390823989731e+01
1.500000000000000000e+02 -8.852169286881461119e+01
1.600000000000000000e+02 -7.883309114471141754e+01
1.700000000000000000e+02 -8.248810351140997454e+01
1.800000000000000000e+02 -8.686985554545245236e+01
1.900000000000000000e+02 -8.699894293669544254e+01
2.000000000000000000e+02 -6.819206167776225413e+01
2.100000000000000000e+02 -1.006263430234254770e+02
2.200000000000000000e+02 -7.998559574961707597e+01
2.300000000000000000e+02 -8.210044026722445665e+01
2.400000000000000000e+02 -8.216191863864200684e+01
2.500000000000000000e+02 -7.788616379669871037e+01
2.600000000000000000e+02 -7.754112861247094202e+01
2.700000000000000000e+02 -8.008087863094733905e+01
2.800000000000000000e+02 -7.806464014988196709e+01
2.900000000000000000e+02 -8.325093951984715090e+01
3.000000000000000000e+02 -7.583606350994111267e+01
3.100000000000000000e+02 -9.038180035070683971e+01
3.200000000000000000e+02 -8.212696821313902262e+01
3.300000000000000000e+02 -8.274581992765982363e+01
3.400000000000000000e+02 -8.177139060548081773e+01
3.500000000000000000e+02 -8.194310605668154324e+01
3.600000000000000000e+02 -8.099021994759945642e+01
3.700000000000000000e+02 -7.818043492027790364e+01
3.800000000000000000e+02 -8.728341648197788061e+01
3.900000000000000000e+02 -8.462357450964206862e+01
4.000000000000000000e+02 -8.154455661438854008e+01
4.100000000000000000e+02 -8.096002507179606766e+01
4.200000000000000000e+02 -7.907969217973572995e+01
4.300000000000000000e+02 -8.105467769955168933e+01
4.400000000000000000e+02 -9.077072410204165465e+01
4.500000000000000000e+02 -8.514937787823362214e+01
4.600000000000000000e+02 -7.955112185356937005e+01
4.700000000000000000e+02 -8.187034041669991780e+01
4.800000000000000000e+02 -8.691912991583372161e+01
4.900000000000000000e+02 -8.748807700639862617e+01
5.000000000000000000e+02 -7.881320950922038548e+01
5.100000000000000000e+02 -7.244862243356867282e+01
5.200000000000000000e+02 -8.172400699582351535e+01
5.300000000000000000e+02 -8.218879035923363574e+01
5.400000000000000000e+02 -7.525187574202573160e+01
5.500000000000000000e+02 -8.329597400254444040e+01
5.600000000000000000e+02 -8.185607376760115983e+01
5.700000000000000000e+02 -8.480915553948494789e+01
5.800000000000000000e+02 -6.445717899442247756e+01
5.900000000000000000e+02 -8.476979333895944535e+01
6.000000000000000000e+02 -6.989517872378863217e+01
6.100000000000000000e+02 -8.635024012104831570e+01
6.200000000000000000e+02 -7.649559522791621191e+01
6.300000000000000000e+02 -7.787384520410340372e+01
6.400000000000000000e+02 -8.909608305843327969e+01
6.500000000000000000e+02 -7.452175562369052386e+01
6.600000000000000000e+02 -8.047278176281682249e+01
6.700000000000000000e+02 -8.746613272284511709e+01
6.800000000000000000e+02 -7.755711413495508566e+01
6.900000000000000000e+02 -8.207305288461721204e+01
7.000000000000000000e+02 -8.100339797688747012e+01
7.100000000000000000e+02 -8.056107455904647452e+01
7.200000000000000000e+02 -9.424485369281740077e+01
7.300000000000000000e+02 -8.931925011963673455e+01
7.400000000000000000e+02 -8.463440341197004102e+01
7.500000000000000000e+02 -9.097080096410132910e+01
7.600000000000000000e+02 -8.101777921754525380e+01
7.700000000000000000e+02 -7.814554179055443228e+01
7.800000000000000000e+02 -7.202537851030552929e+01
7.900000000000000000e+02 -7.812852494403905723e+01
8.000000000000000000e+02 -8.795062583440773096e+01
8.100000000000000000e+02 -8.316190187848381754e+01
8.200000000000000000e+02 -8.282557565274203171e+01
8.300000000000000000e+02 -8.603923862985131166e+01
8.400000000000000000e+02 -7.995064532411410596e+01
8.500000000000000000e+02 -8.295655380470893192e+01
8.600000000000000000e+02 -8.178623021237471846e+01
8.700000000000000000e+02 -8.138939964346710099e+01
8.800000000000000000e+02 -8.052738464069278734e+01
8.900000000000000000e+02 -6.881240308255041782e+01
9.000000000000000000e+02 -8.538211333461576658e+01
9.100000000000000000e+02 -8.282975824464648440e+01
9.200000000000000000e+02 -7.470143518824353634e+01
9.300000000000000000e+02 -9.209838190491879573e+01
9.400000000000000000e+02 -7.535924803283324991e+01
9.500000000000000000e+02 -8.503765110818311257e+01
9.600000000000000000e+02 -7.689299875461894374e+01
9.700000000000000000e+02 -8.855102830792532131e+01
9.800000000000000000e+02 -8.097463549557190277e+01
9.900000000000000000e+02 -7.075908448728689848e+01
1.000000000000000000e+03 -9.007148640886398994e+01
1.010000000000000000e+03 -8.743507841034902128e+01
1.020000000000000000e+03 -7.509173403828665982e+01
1.030000000000000000e+03 -8.547934427244946676e+01
1.040000000000000000e+03 -8.577378728336718439e+01
1.050000000000000000e+03 -8.691970287362883596e+01
1.060000000000000000e+03 -9.115368909230708994e+01
1.070000000000000000e+03 -8.980849878089892968e+01
1.080000000000000000e+03 -7.874485564426127837e+01
1.090000000000000000e+03 -8.806372770316654908e+01
1.100000000000000000e+03 -8.223600208155241376e+01
1.110000000000000000e+03 -7.721786582445812996e+01
1.120000000000000000e+03 -8.478560697410506464e+01
1.130000000000000000e+03 -7.754152968292753201e+01
1.140000000000000000e+03 -8.208835085774720142e+01
1.150000000000000000e+03 -9.014161644298800979e+01
1.160000000000000000e+03 -8.353953836125455723e+01
1.170000000000000000e+03 -7.980769235422894781e+01
1.180000000000000000e+03 -8.137794048756448717e+01
1.190000000000000000e+03 -8.561673955172183526e+01
1.200000000000000000e+03 -8.565352344216923086e+01
1.210000000000000000e+03 -8.571162136259549413e+01
1.220000000000000000e+03 -6.766144546369160651e+01
1.230000000000000000e+03 -8.877196083372777480e+01
1.240000000000000000e+03 -8.592659512732859639e+01
1.250000000000000000e+03 -7.682149362178662955e+01
1.260000000000000000e+03 -8.011456854930102622e+01
1.270000000000000000e+03 -8.597884887824450573e+01
1.280000000000000000e+03 -8.307698953324543822e+01
1.290000000000000000e+03 -7.567139543962052528e+01
1.300000000000000000e+03 -8.454393337611888626e+01
1.310000000000000000e+03 -8.063997084743598975e+01
1.320000000000000000e+03 -8.832746017626526225e+01
1.330000000000000000e+03 -7.340087828907610401e+01
1.340000000000000000e+03 -8.676752528324209379e+01
1.350000000000000000e+03 -7.739233147307545835e+01
1.360000000000000000e+03 -8.542353818320373193e+01
1.370000000000000000e+03 -8.039795347477273424e+01
1.380000000000000000e+03 -8.371692609462705548e+01
1.390000000000000000e+03 -6.757217863921022172e+01
1.400000000000000000e+03 -1.021189553755207697e+02
1.410000000000000000e+03 -8.164442315807983164e+01
1.420000000000000000e+03 -7.521010711876070332e+01
1.430000000000000000e+03 -8.166562259649968780e+01
1.440000000000000000e+03 -9.149196337455231287e+01
1.450000000000000000e+03 -8.697573814599263642e+01
1.460000000000000000e+03 -8.059058188549572321e+01
1.470000000000000000e+03 -8.087620134636843261e+01
1.480000000000000000e+03 -7.301883003128286020e+01
1.490000000000000000e+03 -8.894132715796844479e+01
1.500000000000000000e+03 -7.299407825453320697e+01
1.510000000000000000e+03 -7.922757258665899371e+01
1.520000000000000000e+03 -8.019060004871488445e+01
1.530000000000000000e+03 -8.413237779187642218e+01
1.540000000000000000e+03 -8.806080561841139343e+01
1.550000000000000000e+03 -7.928830611294286257e+01
1.560000000000000000e+03 -9.013399610431275732e+01
1.570000000000000000e+03 -8.732913851402932437e+01
1.580000000000000000e+03 -7.566864524220389399e+01
1.590000000000000000e+03 -7.920201866899616050e+01
1.600000000000000000e+03 -9.078229784950327996e+01
1.610000000000000000e+03 -8.836877043329421610e+01
1.620000000000000000e+03 -1.021107047832708901e+02
1.630000000000000000e+03 -8.148124477802657850e+01
1.640000000000000000e+03 -7.768517020216681601e+01
1.650000000000000000e+03 -7.564452371902888217e+01
1.660000000000000000e+03 -8.860929811569012315e+01
1.670000000000000000e+03 -8.950019019133904408e+01
1.680000000000000000e+03 -8.089459329159213041e+01
1.690000000000000000e+03 -8.604290555974014865e+01
1.700000000000000000e+03 -8.025557346268273307e+01
1.710000000000000000e+03 -7.544444685696919350e+01
1.720000000000000000e+03 -7.779557916928852990e+01
1.730000000000000000e+03 -8.881498996414208591e+01
1.740000000000000000e+03 -7.979359759246874262e+01
1.750000000000000000e+03 -8.827469076333372300e+01
1.760000000000000000e+03 -8.800035857102508885e+01
1.770000000000000000e+03 -8.274845553351742922e+01
1.780000000000000000e+03 -7.989741754494644965e+01
1.790000000000000000e+03 -8.264326048233139943e+01
1.800000000000000000e+03 -7.478142009644381005e+01
1.810000000000000000e+03 -8.413856573606382483e+01
1.820000000000000000e+03 -7.802304341395546317e+01
1.830000000000000000e+03 -8.035778913333406592e+01
1.840000000000000000e+03 -8.129996093164719184e+01
1.850000000000000000e+03 -7.788272604992793902e+01
1.860000000000000000e+03 -8.118542666840053812e+01
1.870000000000000000e+03 -8.472579018029341569e+01
1.880000000000000000e+03 -8.044739973249252785e+01
1.890000000000000000e+03 -8.236726671241689246e+01
1.900000000000000000e+03 -7.777403595619161081e+01
1.910000000000000000e+03 -7.461904385730373690e+01
1.920000000000000000e+03 -7.600502876372519268e+01
1.930000000000000000e+03 -8.388193793962473421e+01
1.940000000000000000e+03 -8.147969779197971718e+01
1.950000000000000000e+03 -8.085694996445202776e+01
1.960000000000000000e+03 -8.203569603637468788e+01
1.970000000000000000e+03 -9.395476516114266019e+01
1.980000000000000000e+03 -7.332725321240178573e+01
1.990000000000000000e+03 -9.117064864304296634e+01
2.000000000000000000e+03 -7.980901015715775770e+01
2.010000000000000000e+03 -5.960600263882931671e+01
2.020000000000000000e+03 -8.883384027560190077e+01
2.030000000000000000e+03 -7.612976167572517738e+01
2.040000000000000000e+03 -8.604250448928354444e+01
2.050000000000000000e+03 -9.761166828856514144e+01
2.060000000000000000e+03 -7.692571464472092657e+01
2.070000000000000000e+03 -7.863696769143814436e+01
2.080000000000000000e+03 -7.867764769489242838e+01
2.090000000000000000e+03 -7.812525908460681023e+01
2.100000000000000000e+03 -8.664852194919342310e+01
2.110000000000000000e+03 -8.459910921178999388e+01
2.120000000000000000e+03 -7.337669947012156513e+01
2.130000000000000000e+03 -8.514702875127359505e+01
2.140000000000000000e+03 -7.492706596796607244e+01
2.150000000000000000e+03 -9.621479718403618620e+01
2.160000000000000000e+03 -8.942009069157975887e+01
2.170000000000000000e+03 -9.309796407430401644e+01
2.180000000000000000e+03 -8.352996996607586766e+01
2.190000000000000000e+03 -8.265592284960379743e+01
2.200000000000000000e+03 -9.133783772766213360e+01
2.210000000000000000e+03 -8.959816597430641139e+01
2.220000000000000000e+03 -8.089986450330734158e+01
2.230000000000000000e+03 -8.743123959312163151e+01
2.240000000000000000e+03 -8.389654836340056931e+01
2.250000000000000000e+03 -7.183498463498355591e+01
2.260000000000000000e+03 -8.795893372243712349e+01
2.270000000000000000e+03 -6.667229112617775399e+01
2.280000000000000000e+03 -8.454250098163106486e+01
2.290000000000000000e+03 -9.023838901458559292e+01
2.300000000000000000e+03 -6.999487338014139937e+01
2.310000000000000000e+03 -1.015706920613600914e+02
2.320000000000000000e+03 -7.991569489861112174e+01
2.330000000000000000e+03 -8.504784975693644355e+01
2.340000000000000000e+03 -9.038323274519467532e+01
2.350000000000000000e+03 -7.285805807396916123e+01
2.360000000000000000e+03 -8.250477658324828667e+01
2.370000000000000000e+03 -8.420371103737019780e+01
2.380000000000000000e+03 -7.523142114873957098e+01
2.390000000000000000e+03 -8.775387212755980215e+01
2.400000000000000000e+03 -8.479007604490708161e+01
2.410000000000000000e+03 -7.510250564483511937e+01
2.420000000000000000e+03 -8.874864145146594296e+01
2.430000000000000000e+03 -9.392187738370213879e+01
2.440000000000000000e+03 -8.560487932536263145e+01
2.450000000000000000e+03 -7.839907561489982868e+01
2.460000000000000000e+03 -7.715885117155964679e+01
2.470000000000000000e+03 -8.584855827563177399e+01
2.480000000000000000e+03 -8.336415598016500894e+01
2.490000000000000000e+03 -8.859927135427533074e+01
2.500000000000000000e+03 -7.936817642958409635e+01
2.510000000000000000e+03 -8.304685195322154811e+01
2.520000000000000000e+03 -7.798895242514518600e+01
2.530000000000000000e+03 -8.327494645146313701e+01
2.540000000000000000e+03 -7.997024048070757374e+01
2.550000000000000000e+03 -8.154192100853093450e+01
2.560000000000000000e+03 -9.646873207883817258e+01
2.570000000000000000e+03 -8.675194083121454014e+01
2.580000000000000000e+03 -8.255657196792810737e+01
2.590000000000000000e+03 -7.965425425669292281e+01
2.600000000000000000e+03 -9.210044455298125854e+01
2.610000000000000000e+03 -7.714870981858582866e+01
2.620000000000000000e+03 -7.666478966481834334e+01
2.630000000000000000e+03 -7.712831252107918090e+01
2.640000000000000000e+03 -7.401778194709345371e+01
2.650000000000000000e+03 -7.531593242352136031e+01
2.660000000000000000e+03 -7.669257811788219215e+01
2.670000000000000000e+03 -8.547550545522209120e+01
2.680000000000000000e+03 -8.438757319382769140e+01
2.690000000000000000e+03 -7.885738455522496793e+01
2.700000000000000000e+03 -8.154530145952220721e+01
2.710000000000000000e+03 -8.526849580384131855e+01
2.720000000000000000e+03 -7.488226066838683437e+01
2.730000000000000000e+03 -8.399068532914056107e+01
2.740000000000000000e+03 -7.945927671900989253e+01
2.750000000000000000e+03 -7.620212624525021283e+01
2.760000000000000000e+03 -8.875563153656653981e+01
2.770000000000000000e+03 -8.236543324747246686e+01
2.780000000000000000e+03 -9.196385141462207002e+01
2.790000000000000000e+03 -8.956281447834685139e+01
2.800000000000000000e+03 -7.482175632522103115e+01
2.810000000000000000e+03 -9.467697846190506539e+01
2.820000000000000000e+03 -7.889010044532695076e+01
2.830000000000000000e+03 -8.841380491599149138e+01
2.840000000000000000e+03 -8.849757134563961358e+01
2.850000000000000000e+03 -7.895828242294751931e+01
2.860000000000000000e+03 -8.165210079253459696e+01
2.870000000000000000e+03 -8.449454441417860551e+01
2.880000000000000000e+03 -7.835249414615569208e+01
2.890000000000000000e+03 -7.433491408669836176e+01
2.900000000000000000e+03 -9.097395223197455039e+01
2.910000000000000000e+03 -7.132946397233962443e+01
2.920000000000000000e+03 -8.196671191784093935e+01
2.930000000000000000e+03 -7.877310246356123002e+01
2.940000000000000000e+03 -7.558591013658700319e+01
2.950000000000000000e+03 -7.629339842201454758e+01
2.960000000000000000e+03 -8.889967312626242801e+01
2.970000000000000000e+03 -8.828150896109578127e+01
2.980000000000000000e+03 -9.955857887641967352e+01
2.990000000000000000e+03 -8.446767269358697661e+01
3.000000000000000000e+03 -7.638146203512614818e+01
3.010000000000000000e+03 -7.354898787911740499e+01
3.020000000000000000e+03 -8.567094135914121011e+01
3.030000000000000000e+03 -7.879613536692548337e+01
3.040000000000000000e+03 -8.016132190538370139e+01
3.050000000000000000e+03 -8.115861224358840786e+01
3.060000000000000000e+03 -7.905133076887676680e+01
3.070000000000000000e+03 -6.925123145784110079e+01
3.080000000000000000e+03 -8.284614483758721803e+01
3.090000000000000000e+03 -8.334799857034231252e+01
3.100000000000000000e+03 -9.265008296585025960e+01
3.110000000000000000e+03 -8.433543403447077935e+01
3.120000000000000000e+03 -8.919434532029821128e+01
3.130000000000000000e+03 -8.508469094316336623e+01
3.140000000000000000e+03 -8.547052072240444431e+01
3.150000000000000000e+03 -8.385351923298624399e+01
3.160000000000000000e+03 -8.971974761843317481e+01
3.170000000000000000e+03 -8.495732242530577594e+01
3.180000000000000000e+03 -7.158110703596108237e+01
3.190000000000000000e+03 -8.367234997816588304e+01
3.200000000000000000e+03 -9.423935329798413818e+01
3.210000000000000000e+03 -6.753843142507702169e+01
3.220000000000000000e+03 -8.821109244807419714e+01
3.230000000000000000e+03 -8.925324538163765453e+01
3.240000000000000000e+03 -7.895140692940593397e+01
3.250000000000000000e+03 -8.631975876634736267e+01
3.260000000000000000e+03 -8.887171278586004064e+01
3.270000000000000000e+03 -8.403818353035690336e+01
3.280000000000000000e+03 -8.392468059114148105e+01
3.290000000000000000e+03 -8.716590283819654417e+01
3.300000000000000000e+03 -7.969401752767500113e+01
3.310000000000000000e+03 -8.733515457087820266e+01
3.320000000000000000e+03 -6.821125576389916034e+01
3.330000000000000000e+03 -8.788135523697641815e+01
3.340000000000000000e+03 -7.916821415908344761e+01
3.350000000000000000e+03 -7.793927698430735518e+01
3.360000000000000000e+03 -8.144824240902704560e+01
3.370000000000000000e+03 -7.791051450299178782e+01
3.380000000000000000e+03 -8.879081114518757545e+01
3.390000000000000000e+03 -7.625747396825983060e+01
3.400000000000000000e+03 -8.113718362205051449e+01
3.410000000000000000e+03 -7.801737113178367622e+01
3.420000000000000000e+03 -7.644729488578667542e+01
3.430000000000000000e+03 -8.491704349230806770e+01
3.440000000000000000e+03 -9.294452597676799144e+01
3.450000000000000000e+03 -7.985284142848526301e+01
3.460000000000000000e+03 -8.149957942747076345e+01
3.470000000000000000e+03 -8.040660513747920390e+01
3.480000000000000000e+03 -8.531736910376598360e+01
3.490000000000000000e+03 -8.718526881167198894e+01
3.500000000000000000e+03 -9.173409533877460831e+01
3.510000000000000000e+03 -7.878536376037703803e+01
3.520000000000000000e+03 -8.112177105736149940e+01
3.530000000000000000e+03 -7.172858637242775615e+01
3.540000000000000000e+03 -8.572617449059183059e+01
3.550000000000000000e+03 -8.698840051326503442e+01
3.560000000000000000e+03 -8.335132172555407237e+01
3.570000000000000000e+03 -7.950287880721936062e+01
3.580000000000000000e+03 -7.624887960133287379e+01
3.590000000000000000e+03 -8.738523108217263768e+01
3.600000000000000000e+03 -8.250592249883854379e+01
3.610000000000000000e+03 -7.421785880915314237e+01
3.620000000000000000e+03 -7.128236684157988634e+01
3.630000000000000000e+03 -8.321117624886507258e+01
3.640000000000000000e+03 -7.741496330598312170e+01
3.650000000000000000e+03 -7.561587582927235474e+01
3.660000000000000000e+03 -9.323914087502424763e+01
3.670000000000000000e+03 -6.139151101579550840e+01
3.680000000000000000e+03 -8.040855319398265522e+01
3.690000000000000000e+03 -7.429772912579437616e+01
3.700000000000000000e+03 -8.363780062311947461e+01
3.710000000000000000e+03 -1.005885851047263628e+02
3.720000000000000000e+03 -6.869076414264412733e+01
3.730000000000000000e+03 -8.322910982785266754e+01
3.740000000000000000e+03 -9.552615921006845667e+01
3.750000000000000000e+03 -8.088061312139093673e+01
3.760000000000000000e+03 -7.532561541025907559e+01
3.770000000000000000e+03 -8.847872103417981293e+01
3.780000000000000000e+03 -8.234251493566723923e+01
3.790000000000000000e+03 -8.173632558841882201e+01
3.800000000000000000e+03 -8.512783466513671726e+01
3.810000000000000000e+03 -8.667900330389439034e+01
3.820000000000000000e+03 -7.954395988113023463e+01
3.830000000000000000e+03 -7.568147949681483055e+01
3.840000000000000000e+03 -7.637212282306552424e+01
3.850000000000000000e+03 -6.643904000778000807e+01
3.860000000000000000e+03 -8.113191241033531753e+01
3.870000000000000000e+03 -8.909556739641764977e+01
3.880000000000000000e+03 -8.789057985747801638e+01
3.890000000000000000e+03 -7.998656977786879452e+01
3.900000000000000000e+03 -8.441209578745927899e+01
3.910000000000000000e+03 -7.077295006592905224e+01
3.920000000000000000e+03 -8.564756468109986542e+01
3.930000000000000000e+03 -8.131915501778406963e+01
3.940000000000000000e+03 -7.757882923539054332e+01
3.950000000000000000e+03 -9.100111043146374357e+01
3.960000000000000000e+03 -9.007016860593518004e+01
3.970000000000000000e+03 -8.741405085926771790e+01
3.980000000000000000e+03 -9.487029442198219442e+01
3.990000000000000000e+03 -7.914787415735629850e+01
4.000000000000000000e+03 -8.648356739997525722e+01
4.010000000000000000e+03 -9.681519965755377655e+01
4.020000000000000000e+03 -7.587410790753780532e+01
4.030000000000000000e+03 -7.061613151740175454e+01
4.040000000000000000e+03 -9.366232750250789252e+01
4.050000000000000000e+03 -1.068810367939711057e+02
4.060000000000000000e+03 -8.566251887955279187e+01
4.070000000000000000e+03 -7.377444677150138830e+01
4.080000000000000000e+03 -9.209093345358209604e+01
4.090000000000000000e+03 -8.894900479242319591e+01
4.100000000000000000e+03 -8.432781369579552688e+01
4.110000000000000000e+03 -7.894430225274631141e+01
4.120000000000000000e+03 -9.537100223914703179e+01
4.130000000000000000e+03 -9.719065890070299929e+01
4.140000000000000000e+03 -8.291661864638831503e+01
4.150000000000000000e+03 -6.923599078049062427e+01
4.160000000000000000e+03 -7.313416643544269391e+01
4.170000000000000000e+03 -9.050899698122587722e+01
4.180000000000000000e+03 -8.424639639310744599e+01
4.190000000000000000e+03 -6.685621057841474624e+01
4.200000000000000000e+03 -8.768385668499482222e+01
4.210000000000000000e+03 -7.500854056643366619e+01
4.220000000000000000e+03 -8.344385440946770416e+01
4.230000000000000000e+03 -8.032977149715216569e+01
4.240000000000000000e+03 -7.597019292978124838e+01
4.250000000000000000e+03 -7.805650414919111313e+01
4.260000000000000000e+03 -7.957822275727906458e+01
4.270000000000000000e+03 -8.607814246414069714e+01
4.280000000000000000e+03 -8.412475745320116971e+01
4.290000000000000000e+03 -8.440539218125624643e+01
4.300000000000000000e+03 -9.657937022907792368e+01
4.310000000000000000e+03 -8.640999961908045179e+01
4.320000000000000000e+03 -7.830952231152087961e+01
4.330000000000000000e+03 -8.193542842222677791e+01
4.340000000000000000e+03 -9.513471444443507608e+01
4.350000000000000000e+03 -8.842950395957807075e+01
4.360000000000000000e+03 -9.504911454984252828e+01
4.370000000000000000e+03 -7.700569955292118607e+01
4.380000000000000000e+03 -8.303923161454632407e+01
4.390000000000000000e+03 -8.911779815886873735e+01
4.400000000000000000e+03 -7.224986337443777984e+01
4.410000000000000000e+03 -5.952395508256658019e+01
4.420000000000000000e+03 -8.481454134275917056e+01
4.430000000000000000e+03 -8.556465768814443607e+01
4.440000000000000000e+03 -8.369933629031653766e+01
4.450000000000000000e+03 -8.514221590579450094e+01
4.460000000000000000e+03 -7.948586196070397136e+01
4.470000000000000000e+03 -7.841483195426593511e+01
4.480000000000000000e+03 -8.590327574506676456e+01
4.490000000000000000e+03 -7.818255486411989352e+01
4.500000000000000000e+03 -8.112251590249518074e+01
4.510000000000000000e+03 -7.405674307716235205e+01
4.520000000000000000e+03 -8.227989064865944613e+01
4.530000000000000000e+03 -8.772367725175641340e+01
4.540000000000000000e+03 -7.488598489405518421e+01
4.550000000000000000e+03 -7.450960891843375578e+01
4.560000000000000000e+03 -8.612925029946636357e+01
4.570000000000000000e+03 -8.157899137787589439e+01
4.580000000000000000e+03 -7.138956724504885187e+01
4.590000000000000000e+03 -8.925559450859769584e+01
4.600000000000000000e+03 -8.201134533008161043e+01
4.610000000000000000e+03 -8.138584730513728971e+01
4.620000000000000000e+03 -8.081334787624257388e+01
4.630000000000000000e+03 -8.227278597199982357e+01
4.640000000000000000e+03 -8.360978298693758859e+01
4.650000000000000000e+03 -7.816702770787183852e+01
4.660000000000000000e+03 -9.276301294727053914e+01
4.670000000000000000e+03 -8.410980325474825747e+01
4.680000000000000000e+03 -7.633350546767370304e+01
4.690000000000000000e+03 -8.553360337564835447e+01
4.700000000000000000e+03 -8.219801497973523396e+01
4.710000000000000000e+03 -8.241614001234154330e+01
4.720000000000000000e+03 -8.714401585042256215e+01
4.730000000000000000e+03 -9.701338575888952676e+01
4.740000000000000000e+03 -7.305120214670775169e+01
4.750000000000000000e+03 -7.611669823799618939e+01
4.760000000000000000e+03 -8.369870603674189624e+01
4.770000000000000000e+03 -7.351615739745641065e+01
4.780000000000000000e+03 -7.725126926391425286e+01
4.790000000000000000e+03 -9.936703908550744302e+01
4.800000000000000000e+03 -9.116039269851010829e+01
4.810000000000000000e+03 -7.650802841207055849e+01
4.820000000000000000e+03 -8.079919581870285583e+01
4.830000000000000000e+03 -8.047129207254948824e+01
4.840000000000000000e+03 -7.621690855636457229e+01
4.850000000000000000e+03 -8.739726319587038006e+01
4.860000000000000000e+03 -7.303028918718547402e+01
4.870000000000000000e+03 -9.204251851989351962e+01
4.880000000000000000e+03 -7.539207851449424425e+01
4.890000000000000000e+03 -7.982367787671310566e+01
4.900000000000000000e+03 -9.356973752281474788e+01
4.910000000000000000e+03 -7.521709720386128595e+01
4.920000000000000000e+03 -8.089350467178138615e+01
4.930000000000000000e+03 -8.312047702989586639e+01
4.940000000000000000e+03 -9.761464766909980995e+01
4.950000000000000000e+03 -9.699631161659463885e+01
4.960000000000000000e+03 -7.854821652897237527e+01
4.970000000000000000e+03 -8.375835094321500662e+01
4.980000000000000000e+03 -9.427567882219543094e+01
4.990000000000000000e+03 -9.332846499528515949e+01
5.000000000000000000e+03 -8.975412508614103047e+01
5.010000000000000000e+03 -7.824993470082726787e+01
5.020000000000000000e+03 -7.218649424229631961e+01
5.030000000000000000e+03 -9.647812858667830938e+01
5.040000000000000000e+03 -8.575115545045952103e+01
5.050000000000000000e+03 -9.048413061291719828e+01
5.060000000000000000e+03 -8.395063557926091846e+01
5.070000000000000000e+03 -8.285628619056105038e+01
5.080000000000000000e+03 -8.643274604354715507e+01
5.090000000000000000e+03 -9.105084316808110145e+01
5.100000000000000000e+03 -9.325025625624979853e+01
5.110000000000000000e+03 -7.616986872138433284e+01
5.120000000000000000e+03 -8.089493706626920755e+01
5.130000000000000000e+03 -7.788106447232205198e+01
5.140000000000000000e+03 -7.736253766772865959e+01
5.150000000000000000e+03 -8.197691056659425612e+01
5.160000000000000000e+03 -7.984373139954269050e+01
5.170000000000000000e+03 -8.548243824454317519e+01
5.180000000000000000e+03 -7.394220881391569833e+01
5.190000000000000000e+03 -8.586534593902911183e+01
5.200000000000000000e+03 -9.200286984047048122e+01
5.210000000000000000e+03 -9.278638962531188383e+01
5.220000000000000000e+03 -7.589083827515563030e+01
5.230000000000000000e+03 -7.852197506195540200e+01
5.240000000000000000e+03 -7.335171851025387468e+01
5.250000000000000000e+03 -6.952424584722093925e+01
5.260000000000000000e+03 -8.263288994623952988e+01
5.270000000000000000e+03 -8.483602726007657679e+01
5.280000000000000000e+03 -7.987008745811870369e+01
5.290000000000000000e+03 -8.492815887353360438e+01
5.300000000000000000e+03 -7.893679650563011307e+01
5.310000000000000000e+03 -8.400283203439732915e+01
5.320000000000000000e+03 -7.549183046662651009e+01
5.330000000000000000e+03 -7.670426645690285739e+01
5.340000000000000000e+03 -8.701962671309966879e+01
5.350000000000000000e+03 -8.282248168064832328e+01
5.360000000000000000e+03 -8.134207332958929726e+01
5.370000000000000000e+03 -7.925077737736179984e+01
5.380000000000000000e+03 -8.211144105689096762e+01
5.390000000000000000e+03 -7.556568472641887979e+01
5.400000000000000000e+03 -8.068047896355173521e+01
5.410000000000000000e+03 -8.925020870532345896e+01
5.420000000000000000e+03 -8.605745868773647089e+01
5.430000000000000000e+03 -7.870532155639725147e+01
5.440000000000000000e+03 -7.917377184969620885e+01
5.450000000000000000e+03 -9.265214561391273662e+01
5.460000000000000000e+03 -9.067435260090063309e+01
5.470000000000000000e+03 -8.919125134820450285e+01
5.480000000000000000e+03 -6.961632016489846819e+01
5.490000000000000000e+03 -9.501806023734643247e+01
5.500000000000000000e+03 -7.749557846775802261e+01
5.510000000000000000e+03 -8.877625801719125320e+01
5.520000000000000000e+03 -9.264269181029305855e+01
5.530000000000000000e+03 -7.916489100387168776e+01
5.540000000000000000e+03 -8.590430706909799596e+01
5.550000000000000000e+03 -8.623587774514021476e+01
5.560000000000000000e+03 -7.328342194107428043e+01
5.570000000000000000e+03 -7.263065112508172660e+01
5.580000000000000000e+03 -7.932377220046146249e+01
5.590000000000000000e+03 -8.647428548369413193e+01
5.600000000000000000e+03 -8.413805007404820913e+01
5.610000000000000000e+03 -8.235024986590150320e+01
5.620000000000000000e+03 -9.069394775749411508e+01
5.630000000000000000e+03 -8.004025592327255367e+01
5.640000000000000000e+03 -7.590201095216067984e+01
5.650000000000000000e+03 -8.067337428689211265e+01
5.660000000000000000e+03 -6.954962787754523390e+01
5.670000000000000000e+03 -9.452010261759822640e+01
5.680000000000000000e+03 -7.827778044967062954e+01
5.690000000000000000e+03 -8.633087414757289935e+01
5.700000000000000000e+03 -9.944530512032231684e+01
5.710000000000000000e+03 -8.186415247251250094e+01
5.720000000000000000e+03 -9.020017272965036170e+01
5.730000000000000000e+03 -7.719603613246364660e+01
5.740000000000000000e+03 -8.823349509786382328e+01
5.750000000000000000e+03 -1.035785653586165580e+02
5.760000000000000000e+03 -9.768569443569603550e+01
5.770000000000000000e+03 -8.632485809072402105e+01
5.780000000000000000e+03 -8.306478553220914307e+01
5.790000000000000000e+03 -8.883893959997855916e+01
5.800000000000000000e+03 -8.216254889221664826e+01
5.810000000000000000e+03 -9.051919562997920821e+01
5.820000000000000000e+03 -9.007670032479967404e+01
5.830000000000000000e+03 -7.798391039654802626e+01
5.840000000000000000e+03 -8.625581667641074546e+01
5.850000000000000000e+03 -7.958240534918351727e+01
5.860000000000000000e+03 -8.322681799667215330e+01
5.870000000000000000e+03 -8.477987739615375062e+01
5.880000000000000000e+03 -8.649399523184663963e+01
5.890000000000000000e+03 -7.503208913181354944e+01
5.900000000000000000e+03 -7.569431375142575291e+01
5.910000000000000000e+03 -8.608135102779341707e+01
5.920000000000000000e+03 -8.441089257608949481e+01
5.930000000000000000e+03 -7.462878413982096504e+01
5.940000000000000000e+03 -8.167559206213495315e+01
5.950000000000000000e+03 -8.275590398485412891e+01
5.960000000000000000e+03 -8.479718072156670416e+01
5.970000000000000000e+03 -8.846594407534838922e+01
5.980000000000000000e+03 -7.414818714126522536e+01
5.990000000000000000e+03 -9.360365662428648648e+01
6.000000000000000000e+03 -7.997069884694369080e+01
6.010000000000000000e+03 -8.479328460855981575e+01
6.020000000000000000e+03 -9.130437699242648364e+01
6.030000000000000000e+03 -9.161520659628496333e+01
6.040000000000000000e+03 -7.831049633977259816e+01
6.050000000000000000e+03 -8.742636945186303876e+01
6.060000000000000000e+03 -8.331849124389307804e+01
6.070000000000000000e+03 -8.119889117658610189e+01
6.080000000000000000e+03 -8.079862286090771306e+01
6.090000000000000000e+03 -9.201513113728627502e+01
6.100000000000000000e+03 -8.571884063081414240e+01
6.110000000000000000e+03 -7.230068473086588199e+01
6.120000000000000000e+03 -8.767468936027272264e+01
6.130000000000000000e+03 -7.594555574459060665e+01
6.140000000000000000e+03 -8.044906131009840067e+01
6.150000000000000000e+03 -7.684108877838009732e+01
6.160000000000000000e+03 -1.003783668896928560e+02
6.170000000000000000e+03 -7.511001139195134613e+01
6.180000000000000000e+03 -8.300319256923259559e+01
6.190000000000000000e+03 -8.533157845708522871e+01
6.200000000000000000e+03 -6.909974141680851289e+01
6.210000000000000000e+03 -7.847974807245424245e+01
6.220000000000000000e+03 -8.808269260618538965e+01
6.230000000000000000e+03 -7.532114633945704441e+01
6.240000000000000000e+03 -8.451540007792137033e+01
6.250000000000000000e+03 -8.073107113686178593e+01
6.260000000000000000e+03 -7.802161101946764177e+01
6.270000000000000000e+03 -8.724720554932561356e+01
6.280000000000000000e+03 -8.304370068534834104e+01
6.290000000000000000e+03 -6.806664121640812937e+01
6.300000000000000000e+03 -8.269843631800250705e+01
6.310000000000000000e+03 -8.474784905540593627e+01
6.320000000000000000e+03 -8.458426960489609314e+01
6.330000000000000000e+03 -7.709044001082102682e+01
6.340000000000000000e+03 -9.019404208124247191e+01
6.350000000000000000e+03 -8.406310719444509516e+01
6.360000000000000000e+03 -8.602325310736715380e+01
6.370000000000000000e+03 -8.041107420828122088e+01
6.380000000000000000e+03 -8.187561162841511475e+01
6.390000000000000000e+03 -6.952751170665318625e+01
6.400000000000000000e+03 -7.489326145805334534e+01
6.410000000000000000e+03 -8.317754362629089826e+01
6.420000000000000000e+03 -7.593283608153871000e+01
6.430000000000000000e+03 -7.686182985056382222e+01
6.440000000000000000e+03 -7.893799971699988305e+01
6.450000000000000000e+03 -7.769330620285768418e+01
6.460000000000000000e+03 -8.154610360043538719e+01
6.470000000000000000e+03 -7.507196699435465348e+01
6.480000000000000000e+03 -8.562006270693359511e+01
6.490000000000000000e+03 -8.639252440632895969e+01
6.500000000000000000e+03 -8.434614834523972604e+01
6.510000000000000000e+03 -8.460724521248083363e+01
6.520000000000000000e+03 -7.518650125760130720e+01
6.530000000000000000e+03 -9.300715026377578454e+01
6.540000000000000000e+03 -7.823308974165043139e+01
6.550000000000000000e+03 -7.839162716356312899e+01
6.560000000000000000e+03 -8.573150299808654040e+01
6.570000000000000000e+03 -6.878759401002123752e+01
6.580000000000000000e+03 -9.172469883093445731e+01
6.590000000000000000e+03 -7.742481818005937555e+01
6.600000000000000000e+03 -7.803708087993616971e+01
6.610000000000000000e+03 -8.762409718696267191e+01
6.620000000000000000e+03 -8.251772542941824895e+01
6.630000000000000000e+03 -8.515419072371273046e+01
6.640000000000000000e+03 -7.465869253672678951e+01
6.650000000000000000e+03 -9.277745148370783568e+01
6.660000000000000000e+03 -7.821779176852044202e+01
6.670000000000000000e+03 -8.798867023200442361e+01
6.680000000000000000e+03 -8.312540446693398621e+01
6.690000000000000000e+03 -7.893834349167696018e+01
6.700000000000000000e+03 -8.665528285117596852e+01
6.710000000000000000e+03 -8.765400558386851060e+01
6.720000000000000000e+03 -7.807243237589575813e+01
6.730000000000000000e+03 -7.647388012748075425e+01
6.740000000000000000e+03 -8.488106174277386629e+01
6.750000000000000000e+03 -8.439737077212441818e+01
6.760000000000000000e+03 -8.364479070822008566e+01
6.770000000000000000e+03 -8.288172551666484367e+01
6.780000000000000000e+03 -8.133531242760676605e+01
6.790000000000000000e+03 -8.925937603004555854e+01
6.800000000000000000e+03 -8.062558960677820608e+01
6.810000000000000000e+03 -8.905935646376538273e+01
6.820000000000000000e+03 -8.496448439774491135e+01
6.830000000000000000e+03 -8.383890880921040889e+01
6.840000000000000000e+03 -7.563833577484147952e+01
6.850000000000000000e+03 -8.915991055681084276e+01
6.860000000000000000e+03 -9.407136207245177673e+01
6.870000000000000000e+03 -8.851854160094140411e+01
6.880000000000000000e+03 -7.926080413877659225e+01
6.890000000000000000e+03 -9.132689423377513549e+01
6.900000000000000000e+03 -7.227472974274647299e+01
6.910000000000000000e+03 -8.864344640027992739e+01
6.920000000000000000e+03 -8.384005472480066601e+01
6.930000000000000000e+03 -8.069669366915394448e+01
6.940000000000000000e+03 -7.801823056847636906e+01
6.950000000000000000e+03 -8.645927398946170683e+01
6.960000000000000000e+03 -7.472062927438044255e+01
6.970000000000000000e+03 -6.774440975242656293e+01
6.980000000000000000e+03 -8.388130768605009280e+01
6.990000000000000000e+03 -9.100563679804528761e+01
7.000000000000000000e+03 -8.876428319927300947e+01
7.010000000000000000e+03 -8.059104025173182606e+01
7.020000000000000000e+03 -8.362049729770653528e+01
7.030000000000000000e+03 -9.100449088245501628e+01
7.040000000000000000e+03 -7.138263445572776789e+01
7.050000000000000000e+03 -8.905414254782968442e+01
7.060000000000000000e+03 -7.871935902237795801e+01
7.070000000000000000e+03 -8.719351940392186862e+01
7.080000000000000000e+03 -8.637281465817646620e+01
7.090000000000000000e+03 -8.968817764392146330e+01
7.100000000000000000e+03 -7.237774755431098583e+01
7.110000000000000000e+03 -9.528654826014474111e+01
7.120000000000000000e+03 -7.825772692684105891e+01
7.130000000000000000e+03 -8.220231216319872658e+01
7.140000000000000000e+03 -8.071485643125959086e+01
7.150000000000000000e+03 -7.799227558035694585e+01
7.160000000000000000e+03 -7.878261356296040674e+01
7.170000000000000000e+03 -8.968216158707258501e+01
7.180000000000000000e+03 -7.551337367972344339e+01
7.190000000000000000e+03 -7.766024653807862421e+01
7.200000000000000000e+03 -7.255473421722689409e+01
7.210000000000000000e+03 -7.134556408638280800e+01
7.220000000000000000e+03 -8.183367111781154790e+01
7.230000000000000000e+03 -7.457504069863769303e+01
7.240000000000000000e+03 -8.300525521729505840e+01
7.250000000000000000e+03 -8.363550879193897458e+01
7.260000000000000000e+03 -8.256642684200434701e+01
7.270000000000000000e+03 -8.001687924523122319e+01
7.280000000000000000e+03 -8.702380930500412148e+01
7.290000000000000000e+03 -8.035377842876815180e+01
7.300000000000000000e+03 -9.369429854747617981e+01
7.310000000000000000e+03 -7.600577360885887401e+01
7.320000000000000000e+03 -7.723774745994916202e+01
7.330000000000000000e+03 -9.006243367570091607e+01
7.340000000000000000e+03 -7.588619731701507476e+01
7.350000000000000000e+03 -9.086251194082160509e+01
7.360000000000000000e+03 -7.510336508152782642e+01
7.370000000000000000e+03 -9.055500549217489947e+01
7.380000000000000000e+03 -8.622745526555178230e+01
7.390000000000000000e+03 -8.268256538707737491e+01
7.400000000000000000e+03 -8.823985492938976449e+01
7.410000000000000000e+03 -8.244335550761026354e+01
7.420000000000000000e+03 -8.199518792025892822e+01
7.430000000000000000e+03 -9.504819781737030837e+01
7.440000000000000000e+03 -8.907929539503594185e+01
7.450000000000000000e+03 -9.122593907027308546e+01
7.460000000000000000e+03 -8.061504718334779795e+01
7.470000000000000000e+03 -1.087810221384044240e+02
7.480000000000000000e+03 -8.803273068644998034e+01
7.490000000000000000e+03 -9.128844876572185285e+01
7.500000000000000000e+03 -8.313193618579848021e+01
7.510000000000000000e+03 -7.133055259215036870e+01
7.520000000000000000e+03 -9.189297653536438304e+01
7.530000000000000000e+03 -7.157738281029273253e+01
7.540000000000000000e+03 -8.513344965152899135e+01
7.550000000000000000e+03 -8.175609263235084256e+01
7.560000000000000000e+03 -7.463835253499965461e+01
7.570000000000000000e+03 -7.076985609383534381e+01
7.580000000000000000e+03 -7.984905990703740031e+01
7.590000000000000000e+03 -8.447798593389931909e+01
7.600000000000000000e+03 -6.967458997266327003e+01
7.610000000000000000e+03 -8.324492346299828682e+01
7.620000000000000000e+03 -9.402277525142469017e+01
7.630000000000000000e+03 -7.694238771655922449e+01
7.640000000000000000e+03 -8.550174692223907869e+01
7.650000000000000000e+03 -8.471203919321027342e+01
7.660000000000000000e+03 -8.942077824093391314e+01
7.670000000000000000e+03 -8.353781948786915734e+01
7.680000000000000000e+03 -6.739759839903386762e+01
7.690000000000000000e+03 -7.500659250993022908e+01
7.700000000000000000e+03 -8.700673516270920516e+01
7.710000000000000000e+03 -8.193181878811746799e+01
7.720000000000000000e+03 -7.847487793119563548e+01
7.730000000000000000e+03 -7.736568893560188087e+01
7.740000000000000000e+03 -7.898905025654603662e+01
7.750000000000000000e+03 -7.189697866841670759e+01
7.760000000000000000e+03 -9.499909533432760611e+01
7.770000000000000000e+03 -9.474498855218709537e+01
7.780000000000000000e+03 -8.457137805450564372e+01
7.790000000000000000e+03 -8.153521740232790194e+01
7.800000000000000000e+03 -8.371704068618608119e+01
7.810000000000000000e+03 -9.032702558549232208e+01
7.820000000000000000e+03 -8.195192960672655147e+01
7.830000000000000000e+03 -9.084595346054231868e+01
7.840000000000000000e+03 -8.241545246298738903e+01
7.850000000000000000e+03 -8.855899242127765092e+01
7.860000000000000000e+03 -8.826260135385646777e+01
7.870000000000000000e+03 -9.496924423320129449e+01
7.880000000000000000e+03 -8.779088520112526339e+01
7.890000000000000000e+03 -7.572863392335409571e+01
7.900000000000000000e+03 -7.400122346681418151e+01
7.910000000000000000e+03 -8.431446377916898882e+01
7.920000000000000000e+03 -8.095578518411210212e+01
7.930000000000000000e+03 -7.596652599989241139e+01
7.940000000000000000e+03 -8.299786406173787157e+01
7.950000000000000000e+03 -7.620516292156439420e+01
7.960000000000000000e+03 -8.142440736474961227e+01
7.970000000000000000e+03 -8.154753599492322280e+01
7.980000000000000000e+03 -7.808950651819064603e+01
7.990000000000000000e+03 -8.923903602831840942e+01
8.000000000000000000e+03 -8.387305709380021312e+01
8.010000000000000000e+03 -8.246237770640860276e+01
8.020000000000000000e+03 -9.470436584451230999e+01
8.030000000000000000e+03 -8.859554712860698089e+01
8.040000000000000000e+03 -8.726909253709962400e+01
8.050000000000000000e+03 -9.217939813715028663e+01
8.060000000000000000e+03 -8.293844833838279840e+01
8.070000000000000000e+03 -7.914025381868107445e+01
8.080000000000000000e+03 -7.535603946918051577e+01
8.090000000000000000e+03 -8.419586151557690812e+01
8.100000000000000000e+03 -8.118628610509323096e+01
8.110000000000000000e+03 -8.255250396758268039e+01
8.120000000000000000e+03 -8.436534243137660383e+01
8.130000000000000000e+03 -7.201248695991507986e+01
8.140000000000000000e+03 -7.778962040821917867e+01
8.150000000000000000e+03 -7.990429303848802078e+01
8.160000000000000000e+03 -8.927306972134918794e+01
8.170000000000000000e+03 -8.540652133668834267e+01
8.180000000000000000e+03 -7.046933973028923504e+01
8.190000000000000000e+03 -7.934955530124234713e+01
8.200000000000000000e+03 -9.319267399783915096e+01
8.210000000000000000e+03 -8.378613939627885543e+01
8.220000000000000000e+03 -7.768975386452787291e+01
8.230000000000000000e+03 -9.201020370024814099e+01
8.240000000000000000e+03 -7.052268210101591706e+01
8.250000000000000000e+03 -9.245384492101794649e+01
8.260000000000000000e+03 -7.694450766040121437e+01
8.270000000000000000e+03 -9.396668268328137685e+01
8.280000000000000000e+03 -8.564928355448526531e+01
8.290000000000000000e+03 -6.685391874723423200e+01
8.300000000000000000e+03 -8.792891073397227331e+01
8.310000000000000000e+03 -8.801193231848672838e+01
8.320000000000000000e+03 -7.961936112696946566e+01
8.330000000000000000e+03 -1.105778750797142038e+02
8.340000000000000000e+03 -8.814652010456295272e+01
8.350000000000000000e+03 -8.712728548280473717e+01
8.360000000000000000e+03 -9.315090537457410846e+01
8.370000000000000000e+03 -9.409863486350000983e+01
8.380000000000000000e+03 -6.770584969281424037e+01
8.390000000000000000e+03 -7.259312238950064966e+01
8.400000000000000000e+03 -7.882157469302930508e+01
8.410000000000000000e+03 -8.390227794135188333e+01
8.420000000000000000e+03 -9.732925739134515197e+01
8.430000000000000000e+03 -9.076780201728648478e+01
8.440000000000000000e+03 -8.620167216477088346e+01
8.450000000000000000e+03 -8.084170928710155124e+01
8.460000000000000000e+03 -7.396827839359414725e+01
8.470000000000000000e+03 -8.419769498052133372e+01
8.480000000000000000e+03 -9.154731109756195906e+01
8.490000000000000000e+03 -8.400753028831739755e+01
8.500000000000000000e+03 -8.841191415526756714e+01
8.510000000000000000e+03 -9.229261459746814467e+01
8.520000000000000000e+03 -8.623771121008461193e+01
8.530000000000000000e+03 -8.999631434614282455e+01
8.540000000000000000e+03 -8.455098075699898175e+01
8.550000000000000000e+03 -6.539809028558632065e+01
8.560000000000000000e+03 -7.972272271321105563e+01
8.570000000000000000e+03 -8.905546035075849431e+01
8.580000000000000000e+03 -7.354125294888314102e+01
8.590000000000000000e+03 -7.946179773330848661e+01
8.600000000000000000e+03 -8.960252045354941686e+01
8.610000000000000000e+03 -8.209711711201271100e+01
8.620000000000000000e+03 -8.630405972276076909e+01
8.630000000000000000e+03 -8.623662259027386767e+01
8.640000000000000000e+03 -8.252345500736954875e+01
8.650000000000000000e+03 -6.916351161940657732e+01
8.660000000000000000e+03 -8.656206261790818246e+01
8.670000000000000000e+03 -9.063372989322586193e+01
8.680000000000000000e+03 -8.936021660198858285e+01
8.690000000000000000e+03 -8.421688906665821150e+01
8.700000000000000000e+03 -8.845076069377742556e+01
8.710000000000000000e+03 -1.048819870467596616e+02
8.720000000000000000e+03 -8.886489458809799658e+01
8.730000000000000000e+03 -8.351627627477223825e+01
8.740000000000000000e+03 -8.254769112210357207e+01
8.750000000000000000e+03 -9.266933434776665024e+01
8.760000000000000000e+03 -8.170372428987587909e+01
8.770000000000000000e+03 -1.029223567958532328e+02
8.780000000000000000e+03 -9.382046385396398591e+01
8.790000000000000000e+03 -7.480668753520907899e+01
8.800000000000000000e+03 -7.578289302655298343e+01
8.810000000000000000e+03 -9.055088019604994543e+01
8.820000000000000000e+03 -7.697160856411089469e+01
8.830000000000000000e+03 -8.229215194547523993e+01
8.840000000000000000e+03 -8.053259855662847144e+01
8.850000000000000000e+03 -8.906646114042500528e+01
8.860000000000000000e+03 -9.052263337674999377e+01
8.870000000000000000e+03 -8.156993864471283473e+01
8.880000000000000000e+03 -7.852610035808032762e+01
8.890000000000000000e+03 -8.537867558784498101e+01
8.900000000000000000e+03 -9.022624230932882483e+01
8.910000000000000000e+03 -7.926481484334250638e+01
8.920000000000000000e+03 -6.994794813672018563e+01
8.930000000000000000e+03 -8.394444763507350160e+01
8.940000000000000000e+03 -7.684395356735575433e+01
8.950000000000000000e+03 -8.705234260320162321e+01
8.960000000000000000e+03 -8.505203234884089625e+01
8.970000000000000000e+03 -8.437090012198937927e+01
8.980000000000000000e+03 -7.490048072627200781e+01
8.990000000000000000e+03 -8.240175877168375962e+01
9.000000000000000000e+03 -8.389626188450300504e+01
9.010000000000000000e+03 -8.118840604893522084e+01
9.020000000000000000e+03 -8.220804174115002638e+01
9.030000000000000000e+03 -7.532120363523655726e+01
9.040000000000000000e+03 -7.954768410679858448e+01
9.050000000000000000e+03 -8.335871288111125921e+01
9.060000000000000000e+03 -8.589788994179252768e+01
9.070000000000000000e+03 -9.372724362069621407e+01
9.080000000000000000e+03 -7.910180835062779181e+01
9.090000000000000000e+03 -7.600164831273391997e+01
9.100000000000000000e+03 -1.001757690133345875e+02
9.110000000000000000e+03 -9.034490186870041839e+01
9.120000000000000000e+03 -8.915039945741168026e+01
9.130000000000000000e+03 -8.778435348226076940e+01
9.140000000000000000e+03 -8.466425451309635264e+01
9.150000000000000000e+03 -8.649559951367299959e+01
9.160000000000000000e+03 -7.097852732282200350e+01
9.170000000000000000e+03 -9.280449509163801736e+01
9.180000000000000000e+03 -8.100007482167571027e+01
9.190000000000000000e+03 -8.927037681971206950e+01
9.200000000000000000e+03 -8.352366743032942509e+01
9.210000000000000000e+03 -8.082612483507399759e+01
9.220000000000000000e+03 -8.099445983528343618e+01
9.230000000000000000e+03 -8.934491862885859348e+01
9.240000000000000000e+03 -8.106103753107763055e+01
9.250000000000000000e+03 -7.463978492948747601e+01
9.260000000000000000e+03 -8.822684878744030357e+01
9.270000000000000000e+03 -7.543797243388422658e+01
9.280000000000000000e+03 -8.169461426093329237e+01
9.290000000000000000e+03 -8.971940384375609767e+01
9.300000000000000000e+03 -7.869529479498245905e+01
9.310000000000000000e+03 -8.693293819869636252e+01
9.320000000000000000e+03 -8.699751054220760693e+01
9.330000000000000000e+03 -8.071267919163808813e+01
9.340000000000000000e+03 -8.902417685514436130e+01
9.350000000000000000e+03 -8.623289836460551783e+01
9.360000000000000000e+03 -8.196711298829751513e+01
9.370000000000000000e+03 -8.207855327945047463e+01
9.380000000000000000e+03 -9.116331478326527815e+01
9.390000000000000000e+03 -7.840337279836332129e+01
9.400000000000000000e+03 -8.329666155189859467e+01
9.410000000000000000e+03 -8.360749115575706014e+01
9.420000000000000000e+03 -6.694920162856449508e+01
9.430000000000000000e+03 -8.928498724348790461e+01
9.440000000000000000e+03 -6.915251082974006636e+01
9.450000000000000000e+03 -9.157653194511362926e+01
9.460000000000000000e+03 -6.755699525763925806e+01
9.470000000000000000e+03 -7.548873649453280166e+01
9.480000000000000000e+03 -9.140006094421333671e+01
9.490000000000000000e+03 -7.803828409130595389e+01
9.500000000000000000e+03 -9.230917307774741687e+01
9.510000000000000000e+03 -6.788455522911554851e+01
9.520000000000000000e+03 -8.682149790754341723e+01
9.530000000000000000e+03 -7.803433068251953841e+01
9.540000000000000000e+03 -8.011250590123856341e+01
9.550000000000000000e+03 -8.866476043025879505e+01
9.560000000000000000e+03 -8.236846992378664822e+01
9.570000000000000000e+03 -6.850025567576312824e+01
9.580000000000000000e+03 -7.992400278664052848e+01
9.590000000000000000e+03 -8.999304848671057755e+01
9.600000000000000000e+03 -6.823400218836584941e+01
9.610000000000000000e+03 -8.599598031631892070e+01
9.620000000000000000e+03 -6.900709414133586961e+01
9.630000000000000000e+03 -8.239247685540264854e+01
9.640000000000000000e+03 -9.596349789509180539e+01
9.650000000000000000e+03 -7.779792829624857120e+01
9.660000000000000000e+03 -8.088227469899680955e+01
9.670000000000000000e+03 -8.577791257949213843e+01
9.680000000000000000e+03 -8.068947440093529622e+01
9.690000000000000000e+03 -9.305596626792093673e+01
9.700000000000000000e+03 -8.190345737725847641e+01
9.710000000000000000e+03 -7.280391356232928501e+01
9.720000000000000000e+03 -8.060725495733402113e+01
9.730000000000000000e+03 -8.343440060584804030e+01
9.740000000000000000e+03 -8.420972709421907609e+01
9.750000000000000000e+03 -7.935671727368148254e+01
9.760000000000000000e+03 -8.425865768992323979e+01
9.770000000000000000e+03 -7.905304964226215247e+01
9.780000000000000000e+03 -7.778962040821917867e+01
9.790000000000000000e+03 -9.710265258337091154e+01
9.800000000000000000e+03 -7.395154802597632226e+01
9.810000000000000000e+03 -8.444658784672614615e+01
9.820000000000000000e+03 -8.457080509671052937e+01
9.830000000000000000e+03 -7.283760348068297219e+01
9.840000000000000000e+03 -8.563713684922849723e+01
9.850000000000000000e+03 -7.894613571769073701e+01
9.860000000000000000e+03 -8.840045499936493911e+01
9.870000000000000000e+03 -8.035051256933590480e+01
9.880000000000000000e+03 -8.429034225599397701e+01
9.890000000000000000e+03 -6.525393410433140673e+01
9.900000000000000000e+03 -8.901214474144660471e+01
9.910000000000000000e+03 -1.050409255391289491e+02
9.920000000000000000e+03 -8.191388520912987303e+01
9.930000000000000000e+03 -8.687266303864859651e+01
9.940000000000000000e+03 -7.475328786870289832e+01
9.950000000000000000e+03 -9.500791888437262855e+01
9.960000000000000000e+03 -8.980895714713503253e+01
9.970000000000000000e+03 -8.544748781904019097e+01
9.980000000000000000e+03 -7.546822460546712819e+01
9.990000000000000000e+03 -7.762942140870059404e+01
