0.000000000000000000e+00 -8.752789757316020314e+01
1.000000000000000000e+01 -9.720475366246321869e+01
2.000000000000000000e+01 -8.563845465215729291e+01
3.000000000000000000e+01 -8.973951466236518115e+01
4.000000000000000000e+01 -8.731229355485248789e+01
5.000000000000000000e+01 -9.869994432463661838e+01
6.000000000000000000e+01 -9.110389905991021919e+01
7.000000000000000000e+01 -9.561009752705511744e+01
8.000000000000000000e+01 -9.539139953665367955e+01
9.000000000000000000e+01 -9.527033355454254604e+01
1.000000000000000000e+02 -8.582924959793585629e+01
1.100000000000000000e+02 -9.198012341600379216e+01
1.200000000000000000e+02 -1.067034198774805418e+02
1.300000000000000000e+02 -9.406368443799702561e+01
1.400000000000000000e+02 -9.498780806576353086e+01
1.500000000000000000e+02 -8.579326784840164066e+01
1.600000000000000000e+02 -9.597444138897880350e+01
1.700000000000000000e+02 -8.550890889467821410e+01
1.800000000000000000e+02 -9.084652641833746145e+01
1.900000000000000000e+02 -7.638753538775452512e+01
2.000000000000000000e+02 -9.833010006787966972e+01
2.100000000000000000e+02 -9.297672620485433015e+01
2.200000000000000000e+02 -9.279103058345243937e+01
2.300000000000000000e+02 -9.228774445620952349e+01
2.400000000000000000e+02 -9.629289133151252145e+01
2.500000000000000000e+02 -9.426484991986745854e+01
2.600000000000000000e+02 -8.284391030218621665e+01
2.700000000000000000e+02 -9.703332469016008588e+01
2.800000000000000000e+02 -8.759453256473392457e+01
2.900000000000000000e+02 -9.868751114048227180e+01
3.000000000000000000e+02 -9.819728845096834391e+01
3.100000000000000000e+02 -9.901512840773808932e+01
3.200000000000000000e+02 -9.326990870862277916e+01
3.300000000000000000e+02 -9.486043954790594057e+01
3.400000000000000000e+02 -9.790714262351409047e+01
3.500000000000000000e+02 -9.730335969900524162e+01
3.600000000000000000e+02 -9.102620598289048814e+01
3.700000000000000000e+02 -9.389340138128414992e+01
3.800000000000000000e+02 -9.526311428632388356e+01
3.900000000000000000e+02 -9.188787721098771044e+01
4.000000000000000000e+02 -9.056463118313308769e+01
4.100000000000000000e+02 -9.060548307392591028e+01
4.200000000000000000e+02 -9.712299258509806066e+01
4.300000000000000000e+02 -9.590505619998846498e+01
4.400000000000000000e+02 -9.072018922451110257e+01
4.500000000000000000e+02 -8.838068795543293277e+01
4.600000000000000000e+02 -9.157916755097123485e+01
4.700000000000000000e+02 -1.060463518780245096e+02
4.800000000000000000e+02 -8.037154012041720819e+01
4.900000000000000000e+02 -9.013027187864440748e+01
5.000000000000000000e+02 -8.822008788545775815e+01
5.100000000000000000e+02 -9.634445753307429072e+01
5.200000000000000000e+02 -8.971235646287598797e+01
5.300000000000000000e+02 -8.468390696546934748e+01
5.400000000000000000e+02 -1.016726212531138600e+02
5.500000000000000000e+02 -1.120205828078536143e+02
5.600000000000000000e+02 -9.489178033929960066e+01
5.700000000000000000e+02 -1.066013187983882347e+02
5.800000000000000000e+02 -1.139970580179369080e+02
5.900000000000000000e+02 -1.074425927289788234e+02
6.000000000000000000e+02 -9.792501890672218678e+01
6.100000000000000000e+02 -1.001083318808477003e+02
6.200000000000000000e+02 -9.610364337178080518e+01
6.300000000000000000e+02 -9.118245157362265729e+01
6.400000000000000000e+02 -9.995403434661896824e+01
6.500000000000000000e+02 -9.359277042617900122e+01
6.600000000000000000e+02 -9.307309770599535170e+01
6.700000000000000000e+02 -9.492564214499184061e+01
6.800000000000000000e+02 -8.047243798813974536e+01
6.900000000000000000e+02 -9.230819904949568411e+01
7.000000000000000000e+02 -9.274301672022048137e+01
7.100000000000000000e+02 -9.915756571560760335e+01
7.200000000000000000e+02 -9.401257660267135918e+01
7.300000000000000000e+02 -9.143363627100799818e+01
7.400000000000000000e+02 -8.189721213729156091e+01
7.500000000000000000e+02 -9.982454588491940228e+01
7.600000000000000000e+02 -9.656006155138202018e+01
7.700000000000000000e+02 -8.790295574585283589e+01
7.800000000000000000e+02 -9.067864978436411150e+01
7.900000000000000000e+02 -9.082979605071963647e+01
8.000000000000000000e+02 -9.314259748654471593e+01
8.100000000000000000e+02 -1.012908021784386818e+02
8.200000000000000000e+02 -1.054298492904637499e+02
8.300000000000000000e+02 -1.055198036642993031e+02
8.400000000000000000e+02 -9.867009322351030676e+01
8.500000000000000000e+02 -9.570480745059023775e+01
8.600000000000000000e+02 -8.983697478331694697e+01
8.700000000000000000e+02 -9.954849481922536825e+01
8.800000000000000000e+02 -9.396141147156617990e+01
8.900000000000000000e+02 -8.761166400280833955e+01
9.000000000000000000e+02 -1.001883167890479598e+02
9.100000000000000000e+02 -1.002488211322137630e+02
9.200000000000000000e+02 -1.061031892913015042e+02
9.300000000000000000e+02 -8.279543807271814160e+01
9.400000000000000000e+02 -7.479786398516407075e+01
9.500000000000000000e+02 -1.025788685976722832e+02
9.600000000000000000e+02 -8.146113395941748081e+01
9.700000000000000000e+02 -8.692044771876250309e+01
9.800000000000000000e+02 -1.054736805617912552e+02
9.900000000000000000e+02 -8.903729758865286215e+01
1.000000000000000000e+03 -1.036918964104934275e+02
1.010000000000000000e+03 -1.052000359188367895e+02
1.020000000000000000e+03 -1.063776933709486769e+02
1.030000000000000000e+03 -1.028725667634563621e+02
1.040000000000000000e+03 -1.011066535430836524e+02
1.050000000000000000e+03 -8.727046763580793254e+01
1.060000000000000000e+03 -1.029636097571026312e+02
1.070000000000000000e+03 -1.085206128205174707e+02
1.080000000000000000e+03 -1.045957946280918236e+02
1.090000000000000000e+03 -1.032549015001471560e+02
1.100000000000000000e+03 -1.126867035404727062e+02
1.110000000000000000e+03 -1.007390438217277051e+02
1.120000000000000000e+03 -8.528133005845225512e+01
1.130000000000000000e+03 -1.007503883860712932e+02
1.140000000000000000e+03 -1.062288962315532075e+02
1.150000000000000000e+03 -9.836040953524208419e+01
1.160000000000000000e+03 -1.007126877631516919e+02
1.170000000000000000e+03 -1.142003434436493166e+02
1.180000000000000000e+03 -8.903351606720498523e+01
1.190000000000000000e+03 -8.958269611383788344e+01
1.200000000000000000e+03 -1.065004782264452103e+02
1.210000000000000000e+03 -1.034529730099238805e+02
1.220000000000000000e+03 -7.938353169849361279e+01
1.230000000000000000e+03 -9.480875875478514558e+01
1.240000000000000000e+03 -8.281766883516922917e+01
1.250000000000000000e+03 -9.140017553577236242e+01
1.260000000000000000e+03 -9.582541506646528262e+01
1.270000000000000000e+03 -9.287021335073951889e+01
1.280000000000000000e+03 -9.489768180458945324e+01
1.290000000000000000e+03 -9.578570909126270294e+01
1.300000000000000000e+03 -1.092122301750198829e+02
1.310000000000000000e+03 -1.047892824755074912e+02
1.320000000000000000e+03 -1.011006947820142869e+02
1.330000000000000000e+03 -9.853733890237849380e+01
1.340000000000000000e+03 -9.149683351581093405e+01
1.350000000000000000e+03 -1.133273849469879906e+02
1.360000000000000000e+03 -1.020876718799066367e+02
1.370000000000000000e+03 -8.983382351544372568e+01
1.380000000000000000e+03 -9.918094239364894804e+01
1.390000000000000000e+03 -1.008042464188135909e+02
1.400000000000000000e+03 -9.979778875588678488e+01
1.410000000000000000e+03 -8.868303778392346715e+01
1.420000000000000000e+03 -8.670902629235924053e+01
1.430000000000000000e+03 -9.632950333462137849e+01
1.440000000000000000e+03 -8.638100795464684722e+01
1.450000000000000000e+03 -1.003371139284434292e+02
1.460000000000000000e+03 -8.747363846996131542e+01
1.470000000000000000e+03 -1.051648563102157397e+02
1.480000000000000000e+03 -8.316780334377367012e+01
1.490000000000000000e+03 -8.495365549541693895e+01
1.500000000000000000e+03 -9.354223554864846335e+01
1.510000000000000000e+03 -8.713908841338442812e+01
1.520000000000000000e+03 -9.776476261142408930e+01
1.530000000000000000e+03 -9.918862002810369916e+01
1.540000000000000000e+03 -8.971396074470234794e+01
1.550000000000000000e+03 -8.900188879691377508e+01
1.560000000000000000e+03 -9.409250421509210582e+01
1.570000000000000000e+03 -9.050618948802974728e+01
1.580000000000000000e+03 -9.113587010487852069e+01
1.590000000000000000e+03 -8.818106945960934695e+01
1.600000000000000000e+03 -1.004184739353520115e+02
1.610000000000000000e+03 -1.002941993895881296e+02
1.620000000000000000e+03 -9.434592344787846230e+01
1.630000000000000000e+03 -8.148416686278174836e+01
1.640000000000000000e+03 -9.998308330683209988e+01
1.650000000000000000e+03 -9.892758045664210442e+01
1.660000000000000000e+03 -8.930721800593897797e+01
1.670000000000000000e+03 -8.448130908911109316e+01
1.680000000000000000e+03 -9.146274252700064267e+01
1.690000000000000000e+03 -8.503810947441921542e+01
1.700000000000000000e+03 -1.082056006247545383e+02
1.710000000000000000e+03 -9.494317465352283136e+01
1.720000000000000000e+03 -9.310506875096363899e+01
1.730000000000000000e+03 -1.003825494815973087e+02
1.740000000000000000e+03 -9.260166803216169740e+01
1.750000000000000000e+03 -8.209872139383907097e+01
1.760000000000000000e+03 -8.658744464823247711e+01
1.770000000000000000e+03 -9.505077612744840110e+01
1.780000000000000000e+03 -8.885870664391057971e+01
1.790000000000000000e+03 -8.303287178302036864e+01
1.800000000000000000e+03 -9.298016395162512993e+01
1.810000000000000000e+03 -9.582214920703303562e+01
1.820000000000000000e+03 -9.327666961060532458e+01
1.830000000000000000e+03 -9.501834671624399675e+01
1.840000000000000000e+03 -8.963855949886314534e+01
1.850000000000000000e+03 -9.007412201472158131e+01
1.860000000000000000e+03 -1.013887206656265363e+02
1.870000000000000000e+03 -8.576822959275443736e+01
1.880000000000000000e+03 -9.410384877943569393e+01
1.890000000000000000e+03 -9.192374436896290035e+01
1.900000000000000000e+03 -9.858724352633439025e+01
1.910000000000000000e+03 -1.019619649396549335e+02
1.920000000000000000e+03 -9.489109278994544638e+01
1.930000000000000000e+03 -9.503948885888432585e+01
1.940000000000000000e+03 -9.386154492787487413e+01
1.950000000000000000e+03 -1.037671830647736329e+02
1.960000000000000000e+03 -9.633826958888687386e+01
1.970000000000000000e+03 -1.031195115731577374e+02
1.980000000000000000e+03 -8.779443753945507467e+01
1.990000000000000000e+03 -1.064114405850818770e+02
2.000000000000000000e+03 -1.067606010654345994e+02
2.010000000000000000e+03 -9.680150596625014714e+01
2.020000000000000000e+03 -1.005397691005812106e+02
2.030000000000000000e+03 -1.014250461898378290e+02
2.040000000000000000e+03 -9.196688809093626560e+01
2.050000000000000000e+03 -9.538412297265553264e+01
2.060000000000000000e+03 -1.031961160303667384e+02
2.070000000000000000e+03 -8.603574358730099902e+01
2.080000000000000000e+03 -8.916380666981774539e+01
2.090000000000000000e+03 -9.764140479813242735e+01
2.100000000000000000e+03 -8.380659398956503026e+01
2.110000000000000000e+03 -9.870389773342301964e+01
2.120000000000000000e+03 -1.084649786186102602e+02
2.130000000000000000e+03 -8.823790687288632739e+01
2.140000000000000000e+03 -9.026589098875187744e+01
2.150000000000000000e+03 -1.012200418907400348e+02
2.160000000000000000e+03 -9.979354886820283355e+01
2.170000000000000000e+03 -9.430306620480267554e+01
2.180000000000000000e+03 -8.583446351387155460e+01
2.190000000000000000e+03 -8.580300813091885459e+01
2.200000000000000000e+03 -9.891577752606241347e+01
2.210000000000000000e+03 -1.041005872057602346e+02
2.220000000000000000e+03 -9.491928231346588518e+01
2.230000000000000000e+03 -9.350207120720978082e+01
2.240000000000000000e+03 -8.345571463582690797e+01
2.250000000000000000e+03 -9.321198267553505445e+01
2.260000000000000000e+03 -9.528190730200418557e+01
2.270000000000000000e+03 -1.004074731456855005e+02
2.280000000000000000e+03 -9.140550404326708644e+01
2.290000000000000000e+03 -8.955198557601887899e+01
2.300000000000000000e+03 -1.020265372831661779e+02
2.310000000000000000e+03 -8.096730163579422879e+01
2.320000000000000000e+03 -8.187498137484047334e+01
2.330000000000000000e+03 -1.038933483712614247e+02
2.340000000000000000e+03 -1.009317868240097198e+02
2.350000000000000000e+03 -1.043373906624878202e+02
2.360000000000000000e+03 -1.061575056902799048e+02
2.370000000000000000e+03 -9.559479955392512807e+01
2.380000000000000000e+03 -9.233736260126785567e+01
2.390000000000000000e+03 -1.034843138013175263e+02
2.400000000000000000e+03 -8.922814983021093838e+01
2.410000000000000000e+03 -1.003159717858031144e+02
2.420000000000000000e+03 -9.770546147962804184e+01
2.430000000000000000e+03 -1.021673703092093461e+02
2.440000000000000000e+03 -9.779186351513378384e+01
2.450000000000000000e+03 -9.014104348519286702e+01
2.460000000000000000e+03 -1.000501193688624113e+02
2.470000000000000000e+03 -1.038715759750464684e+02
2.480000000000000000e+03 -9.594327248492368199e+01
2.490000000000000000e+03 -8.394444763507350160e+01
2.500000000000000000e+03 -9.543563187843778906e+01
2.510000000000000000e+03 -8.300067155493400151e+01
2.520000000000000000e+03 -9.210353852507496697e+01
2.530000000000000000e+03 -1.224704162585676244e+02
2.540000000000000000e+03 -1.061797937485104910e+02
2.550000000000000000e+03 -1.007379552019169466e+02
2.560000000000000000e+03 -8.440046474421812661e+01
2.570000000000000000e+03 -1.004191041889266529e+02
2.580000000000000000e+03 -8.942805480493207426e+01
2.590000000000000000e+03 -9.066237778298240357e+01
2.600000000000000000e+03 -8.942857046694768997e+01
2.610000000000000000e+03 -9.926384938660437740e+01
2.620000000000000000e+03 -9.505421387421918666e+01
2.630000000000000000e+03 -9.604984263481802031e+01
2.640000000000000000e+03 -8.232429487778207999e+01
2.650000000000000000e+03 -9.760295933007914471e+01
2.660000000000000000e+03 -8.861130346797308732e+01
2.670000000000000000e+03 -1.036873700439118977e+02
2.680000000000000000e+03 -9.713703005107875299e+01
2.690000000000000000e+03 -9.529090273938773237e+01
2.700000000000000000e+03 -8.345302173418980374e+01
2.710000000000000000e+03 -9.076155677731954086e+01
2.720000000000000000e+03 -9.483156247503134750e+01
2.730000000000000000e+03 -1.030630752303373470e+02
2.740000000000000000e+03 -9.818600118240428287e+01
2.750000000000000000e+03 -8.918059433321506901e+01
2.760000000000000000e+03 -8.826300242431305776e+01
2.770000000000000000e+03 -9.653450763371918697e+01
2.780000000000000000e+03 -8.826386186100575060e+01
2.790000000000000000e+03 -8.525984414113484888e+01
2.800000000000000000e+03 -9.267231372830133296e+01
2.810000000000000000e+03 -9.526563530062246343e+01
2.820000000000000000e+03 -8.596366549667354207e+01
2.830000000000000000e+03 -9.459389958161109746e+01
2.840000000000000000e+03 -1.047479149226990529e+02
2.850000000000000000e+03 -9.191709805853939486e+01
2.860000000000000000e+03 -9.078831390635215826e+01
2.870000000000000000e+03 -8.457664926622085488e+01
2.880000000000000000e+03 -1.036627901545007830e+02
2.890000000000000000e+03 -1.001797224221210030e+02
2.900000000000000000e+03 -9.603288308408215812e+01
2.910000000000000000e+03 -8.871208674413659878e+01
2.920000000000000000e+03 -8.860511552378567046e+01
2.930000000000000000e+03 -9.881573909503256914e+01
2.940000000000000000e+03 -1.021533901390081382e+02
2.950000000000000000e+03 -9.514124616329957007e+01
2.960000000000000000e+03 -9.807232635585030778e+01
2.970000000000000000e+03 -8.985645534835138903e+01
2.980000000000000000e+03 -1.016956541564781276e+02
2.990000000000000000e+03 -8.739313789974544022e+01
3.000000000000000000e+03 -9.547848912151357581e+01
3.010000000000000000e+03 -9.557508980577262037e+01
3.020000000000000000e+03 -8.976432373489436145e+01
3.030000000000000000e+03 -8.887474946217423621e+01
3.040000000000000000e+03 -7.672328865570121081e+01
3.050000000000000000e+03 -9.244490677941389833e+01
3.060000000000000000e+03 -9.391230898852346343e+01
3.070000000000000000e+03 -8.917028109290271232e+01
3.080000000000000000e+03 -9.128655800499792861e+01
3.090000000000000000e+03 -1.026797664653948345e+02
3.100000000000000000e+03 -9.993134521793179204e+01
3.110000000000000000e+03 -1.079954970012800715e+02
3.120000000000000000e+03 -1.163190840742635999e+02
3.130000000000000000e+03 -1.040997850648470546e+02
3.140000000000000000e+03 -8.127824583121173418e+01
3.150000000000000000e+03 -9.462140155577736778e+01
3.160000000000000000e+03 -8.693677701592373808e+01
3.170000000000000000e+03 -8.721259889849972069e+01
3.180000000000000000e+03 -9.326097056701873100e+01
3.190000000000000000e+03 -8.838452677266030832e+01
3.200000000000000000e+03 -9.339412595860713395e+01
3.210000000000000000e+03 -9.493664293465835158e+01
3.220000000000000000e+03 -8.700988643058244065e+01
3.230000000000000000e+03 -8.472756634945831422e+01
3.240000000000000000e+03 -8.004833462818390899e+01
3.250000000000000000e+03 -9.602285632266736570e+01
3.260000000000000000e+03 -8.386194171257466223e+01
3.270000000000000000e+03 -1.015206728458451835e+02
3.280000000000000000e+03 -1.057588989522073888e+02
3.290000000000000000e+03 -9.209425660879384168e+01
3.300000000000000000e+03 -1.098004286475011924e+02
3.310000000000000000e+03 -9.708615139887113799e+01
3.320000000000000000e+03 -1.019756586309585629e+02
3.330000000000000000e+03 -1.109779715080540541e+02
3.340000000000000000e+03 -1.058328678035587700e+02
3.350000000000000000e+03 -1.094184376854874756e+02
3.360000000000000000e+03 -9.957931994860339842e+01
3.370000000000000000e+03 -1.095553745985237271e+02
3.380000000000000000e+03 -9.244490677941389833e+01
3.390000000000000000e+03 -1.130056118492425270e+02
3.400000000000000000e+03 -1.106724704116903126e+02
3.410000000000000000e+03 -9.167874761576497633e+01
3.420000000000000000e+03 -8.973882711301102688e+01
3.430000000000000000e+03 -1.128430637227639153e+02
3.440000000000000000e+03 -1.003227326877856456e+02
3.450000000000000000e+03 -9.774820413114481710e+01
3.460000000000000000e+03 -9.659019913140589608e+01
3.470000000000000000e+03 -1.023812554541316757e+02
3.480000000000000000e+03 -9.587680938068851333e+01
3.490000000000000000e+03 -8.538308736286748513e+01
3.500000000000000000e+03 -9.323507287467883486e+01
3.510000000000000000e+03 -9.810229204853565932e+01
3.520000000000000000e+03 -8.478394539649919182e+01
3.530000000000000000e+03 -9.410688545574988950e+01
3.540000000000000000e+03 -7.911664795752167834e+01
3.550000000000000000e+03 -9.279595802049055919e+01
3.560000000000000000e+03 -9.768810085843558966e+01
3.570000000000000000e+03 -8.866063513413385522e+01
3.580000000000000000e+03 -8.366696417489164617e+01
3.590000000000000000e+03 -9.328211270965906010e+01
3.600000000000000000e+03 -9.458404470753484361e+01
3.610000000000000000e+03 -9.649325467246977439e+01
3.620000000000000000e+03 -9.436047657587478454e+01
3.630000000000000000e+03 -8.444360846619147765e+01
3.640000000000000000e+03 -8.214770928532276173e+01
3.650000000000000000e+03 -8.663121862378046956e+01
3.660000000000000000e+03 -8.840148632339617052e+01
3.670000000000000000e+03 -8.260699225389961953e+01
3.680000000000000000e+03 -7.954264207820143895e+01
3.690000000000000000e+03 -9.350510788352397640e+01
3.700000000000000000e+03 -9.758737487805159105e+01
3.710000000000000000e+03 -9.329615017563978085e+01
3.720000000000000000e+03 -7.857778115120112261e+01
3.730000000000000000e+03 -1.030401569185321193e+02
3.740000000000000000e+03 -1.188017102005654522e+02
3.750000000000000000e+03 -1.106242846611198019e+02
3.760000000000000000e+03 -9.283915903824343729e+01
3.770000000000000000e+03 -1.186856862470514500e+02
3.780000000000000000e+03 -1.205453926584870885e+02
3.790000000000000000e+03 -1.102043065972889053e+02
3.800000000000000000e+03 -1.020146197610274612e+02
3.810000000000000000e+03 -1.079221011077238188e+02
3.820000000000000000e+03 -1.122536047431333230e+02
3.830000000000000000e+03 -9.998102065876963707e+01
3.840000000000000000e+03 -9.819350692952048121e+01
3.850000000000000000e+03 -1.138485473574389886e+02
3.860000000000000000e+03 -1.078115775490430792e+02
3.870000000000000000e+03 -1.015690304837542044e+02
3.880000000000000000e+03 -1.017253333702659006e+02
3.890000000000000000e+03 -1.112798629703084856e+02
3.900000000000000000e+03 -1.039288717545595375e+02
3.910000000000000000e+03 -1.020675037655180404e+02
3.920000000000000000e+03 -9.074580043795344864e+01
3.930000000000000000e+03 -9.339303733879638969e+01
3.940000000000000000e+03 -8.969041217932247889e+01
3.950000000000000000e+03 -9.105794784474072401e+01
3.960000000000000000e+03 -1.088699451882087317e+02
3.970000000000000000e+03 -1.134722286775970730e+02
3.980000000000000000e+03 -9.749575892661016496e+01
3.990000000000000000e+03 -1.058124705060521222e+02
4.000000000000000000e+03 -1.067897073214272439e+02
4.010000000000000000e+03 -1.033241148017989417e+02
4.020000000000000000e+03 -1.029760429412569778e+02
4.030000000000000000e+03 -7.492494602412408256e+01
4.040000000000000000e+03 -9.612507199331869856e+01
4.050000000000000000e+03 -1.060068750859400097e+02
4.060000000000000000e+03 -9.842458080829673861e+01
4.070000000000000000e+03 -8.829669234266675915e+01
4.080000000000000000e+03 -9.892769504820113013e+01
4.090000000000000000e+03 -1.078755196389796822e+02
4.100000000000000000e+03 -1.060444611173005853e+02
4.110000000000000000e+03 -8.754583115214779809e+01
4.120000000000000000e+03 -9.195537163925413893e+01
4.130000000000000000e+03 -9.599810454591771247e+01
4.140000000000000000e+03 -9.589789422754932957e+01
4.150000000000000000e+03 -9.881556720769403057e+01
4.160000000000000000e+03 -7.742453170116181127e+01
4.170000000000000000e+03 -8.797159608970952149e+01
4.180000000000000000e+03 -9.579080841563937554e+01
4.190000000000000000e+03 -9.016327424764395460e+01
4.200000000000000000e+03 -8.797612245629106553e+01
4.210000000000000000e+03 -8.643366277601936076e+01
4.220000000000000000e+03 -9.385077332132640038e+01
4.230000000000000000e+03 -9.334341919373807173e+01
4.240000000000000000e+03 -8.830723476609715306e+01
4.250000000000000000e+03 -9.045622756829433797e+01
4.260000000000000000e+03 -9.785798284469187536e+01
4.270000000000000000e+03 -1.001807537461522344e+02
4.280000000000000000e+03 -8.461824600214734460e+01
4.290000000000000000e+03 -9.541460432735648567e+01
4.300000000000000000e+03 -9.944742506416429251e+01
4.310000000000000000e+03 -8.521480965843755939e+01
4.320000000000000000e+03 -1.023241888577366439e+02
4.330000000000000000e+03 -1.090082571999533059e+02
4.340000000000000000e+03 -9.110235207386335787e+01
4.350000000000000000e+03 -8.477340297306878369e+01
4.360000000000000000e+03 -9.317789168672476308e+01
4.370000000000000000e+03 -1.003830078478334116e+02
4.380000000000000000e+03 -9.238829854925498353e+01
4.390000000000000000e+03 -1.050149132552300131e+02
4.400000000000000000e+03 -1.034811625334443193e+02
4.410000000000000000e+03 -9.329225406263289244e+01
4.420000000000000000e+03 -9.583567101099811225e+01
4.430000000000000000e+03 -9.451855563155137929e+01
4.440000000000000000e+03 -9.434277218000525522e+01
4.450000000000000000e+03 -9.389506295889002274e+01
4.460000000000000000e+03 -9.467715034924360396e+01
4.470000000000000000e+03 -9.083122844520745787e+01
4.480000000000000000e+03 -8.679554291942399402e+01
4.490000000000000000e+03 -9.465973243227161049e+01
4.500000000000000000e+03 -9.356704462117762944e+01
4.510000000000000000e+03 -9.784514859008093879e+01
4.520000000000000000e+03 -8.981823906341615782e+01
4.530000000000000000e+03 -9.481385807916181818e+01
4.540000000000000000e+03 -8.404293908005648461e+01
4.550000000000000000e+03 -9.731550640426202392e+01
4.560000000000000000e+03 -9.449191309407780182e+01
4.570000000000000000e+03 -8.974885387442581930e+01
4.580000000000000000e+03 -9.960647814809260581e+01
4.590000000000000000e+03 -8.647268120186777196e+01
4.600000000000000000e+03 -8.735125468492137202e+01
4.610000000000000000e+03 -8.795274577824970663e+01
4.620000000000000000e+03 -8.700083369741936679e+01
4.630000000000000000e+03 -8.723013140703072565e+01
4.640000000000000000e+03 -9.160220045433548819e+01
4.650000000000000000e+03 -7.561627689972893052e+01
4.660000000000000000e+03 -9.918575523912804215e+01
4.670000000000000000e+03 -9.324956870689564425e+01
4.680000000000000000e+03 -9.318281912376289711e+01
4.690000000000000000e+03 -9.594206927355391201e+01
4.700000000000000000e+03 -9.621972462107432023e+01
4.710000000000000000e+03 -9.250317658717871439e+01
4.720000000000000000e+03 -9.672152105804988764e+01
4.730000000000000000e+03 -9.393717535683214237e+01
4.740000000000000000e+03 -9.612931188100266411e+01
4.750000000000000000e+03 -1.019949100128749535e+02
4.760000000000000000e+03 -1.064793933795844083e+02
4.770000000000000000e+03 -1.076993351169769397e+02
4.780000000000000000e+03 -9.087288247691347465e+01
4.790000000000000000e+03 -9.711038751360517551e+01
4.800000000000000000e+03 -8.039617730560783571e+01
4.810000000000000000e+03 -9.613045779659293544e+01
4.820000000000000000e+03 -7.903660575354189177e+01
4.830000000000000000e+03 -8.827915983413573997e+01
4.840000000000000000e+03 -9.395109823125382320e+01
4.850000000000000000e+03 -7.825497672942442762e+01
4.860000000000000000e+03 -8.773496452032048865e+01
4.870000000000000000e+03 -8.630193977891879342e+01
4.880000000000000000e+03 -9.419580850555418294e+01
4.890000000000000000e+03 -1.003958993982238610e+02
4.900000000000000000e+03 -9.699104040487941347e+01
4.910000000000000000e+03 -1.003593446908945026e+02
4.920000000000000000e+03 -1.129245956170110361e+02
4.930000000000000000e+03 -1.031467843642059705e+02
4.940000000000000000e+03 -1.007919851219977971e+02
4.950000000000000000e+03 -8.613818844107039752e+01
4.960000000000000000e+03 -9.672186483272696478e+01
4.970000000000000000e+03 -8.804441902547064558e+01
4.980000000000000000e+03 -9.890489132795491400e+01
4.990000000000000000e+03 -1.049145883453026045e+02
5.000000000000000000e+03 -1.125806490525939978e+02
5.010000000000000000e+03 -9.807083666558297352e+01
5.020000000000000000e+03 -1.003241650822734812e+02
5.030000000000000000e+03 -1.014582777419554276e+02
5.040000000000000000e+03 -9.785127923848884279e+01
5.050000000000000000e+03 -1.145025786805808394e+02
5.060000000000000000e+03 -1.062512988813428194e+02
5.070000000000000000e+03 -1.024951021680241752e+02
5.080000000000000000e+03 -9.807186798961420493e+01
5.090000000000000000e+03 -9.255336769003217512e+01
5.100000000000000000e+03 -8.562040648161067224e+01
5.110000000000000000e+03 -9.320493529465494476e+01
5.120000000000000000e+03 -9.600985018071789057e+01
5.130000000000000000e+03 -9.033940147386715580e+01
5.140000000000000000e+03 -9.108894486145729275e+01
5.150000000000000000e+03 -8.860775112964327604e+01
5.160000000000000000e+03 -9.104087370244582189e+01
5.170000000000000000e+03 -9.234601426397432533e+01
5.180000000000000000e+03 -9.237105251962154284e+01
5.190000000000000000e+03 -9.060748842620887444e+01
5.200000000000000000e+03 -9.284047684117221877e+01
5.210000000000000000e+03 -1.030210201281747544e+02
5.220000000000000000e+03 -1.002793597826942431e+02
5.230000000000000000e+03 -9.130896065478754053e+01
5.240000000000000000e+03 -8.169043166902883968e+01
5.250000000000000000e+03 -1.121986580905802811e+02
5.260000000000000000e+03 -1.082580835587885275e+02
5.270000000000000000e+03 -9.890305786301048840e+01
5.280000000000000000e+03 -9.412785571105168003e+01
5.290000000000000000e+03 -9.963592817876232743e+01
5.300000000000000000e+03 -1.010919858235283044e+02
5.310000000000000000e+03 -9.972175725647292666e+01
5.320000000000000000e+03 -7.579062795678724740e+01
5.330000000000000000e+03 -9.315944244572156663e+01
5.340000000000000000e+03 -1.028274749849795597e+02
5.350000000000000000e+03 -9.068552527790569684e+01
5.360000000000000000e+03 -9.518032188492749412e+01
5.370000000000000000e+03 -1.038611481431750718e+02
5.380000000000000000e+03 -8.923536909842957243e+01
5.390000000000000000e+03 -7.791899427835970471e+01
5.400000000000000000e+03 -9.885687746472295601e+01
5.410000000000000000e+03 -9.987215867769477029e+01
5.420000000000000000e+03 -8.967190564253975538e+01
5.430000000000000000e+03 -8.298611842693767926e+01
5.440000000000000000e+03 -7.411919547683160658e+01
5.450000000000000000e+03 -9.468408313856468794e+01
5.460000000000000000e+03 -9.911035399328882534e+01
5.470000000000000000e+03 -9.312649737250153237e+01
5.480000000000000000e+03 -8.914822221779017752e+01
5.490000000000000000e+03 -1.064684498856973960e+02
5.500000000000000000e+03 -1.089172142063070368e+02
5.510000000000000000e+03 -9.110395635568973205e+01
5.520000000000000000e+03 -9.573717956601514345e+01
5.530000000000000000e+03 -8.884719019222843883e+01
5.540000000000000000e+03 -9.573213753741798371e+01
5.550000000000000000e+03 -9.136436567357668537e+01
5.560000000000000000e+03 -9.779696283951044222e+01
5.570000000000000000e+03 -9.565885623542074256e+01
5.580000000000000000e+03 -8.675371700037943867e+01
5.590000000000000000e+03 -9.354733487302512174e+01
5.600000000000000000e+03 -9.779736390996703221e+01
5.610000000000000000e+03 -9.223806901537167846e+01
5.620000000000000000e+03 -1.029816579276492661e+02
5.630000000000000000e+03 -7.837180282385159558e+01
5.640000000000000000e+03 -9.408070128451241487e+01
5.650000000000000000e+03 -9.465153913580124367e+01
5.660000000000000000e+03 -9.839054711526597430e+01
5.670000000000000000e+03 -8.709686142388329699e+01
5.680000000000000000e+03 -8.305097724934650216e+01
5.690000000000000000e+03 -8.789533540717761184e+01
5.700000000000000000e+03 -9.227536856783470398e+01
5.710000000000000000e+03 -8.647709297689027608e+01
5.720000000000000000e+03 -1.072463546841465103e+02
5.730000000000000000e+03 -8.611034269222705007e+01
5.740000000000000000e+03 -9.035618913726449364e+01
5.750000000000000000e+03 -9.568263398391867725e+01
5.760000000000000000e+03 -9.584437996948410898e+01
5.770000000000000000e+03 -7.892871780071877197e+01
5.780000000000000000e+03 -9.182685720580629152e+01
5.790000000000000000e+03 -9.963524062940817316e+01
5.800000000000000000e+03 -9.578954790849009271e+01
5.810000000000000000e+03 -9.559680490620807802e+01
5.820000000000000000e+03 -8.235787020457674146e+01
5.830000000000000000e+03 -9.417386422200068807e+01
5.840000000000000000e+03 -9.296967882397423466e+01
5.850000000000000000e+03 -8.090416168677081998e+01
5.860000000000000000e+03 -9.781312024933312443e+01
5.870000000000000000e+03 -9.670650956381746255e+01
5.880000000000000000e+03 -9.425419290487802471e+01
5.890000000000000000e+03 -8.943831074946491810e+01
5.900000000000000000e+03 -8.874130759168826899e+01
5.910000000000000000e+03 -9.284591994022598271e+01
5.920000000000000000e+03 -8.883630399412095358e+01
5.930000000000000000e+03 -9.796231845918519809e+01
5.940000000000000000e+03 -9.082624371238982519e+01
5.950000000000000000e+03 -8.270811930474022233e+01
5.960000000000000000e+03 -9.697413814992306413e+01
5.970000000000000000e+03 -9.008815948070230206e+01
5.980000000000000000e+03 -9.242846289069365184e+01
5.990000000000000000e+03 -8.690618106966375933e+01
6.000000000000000000e+03 -9.497720834655360989e+01
6.010000000000000000e+03 -1.041566224781240493e+02
6.020000000000000000e+03 -9.795166144419576426e+01
6.030000000000000000e+03 -8.938342139269138897e+01
6.040000000000000000e+03 -9.017433233308996421e+01
6.050000000000000000e+03 -8.233844693532179804e+01
6.060000000000000000e+03 -9.091006743781746025e+01
6.070000000000000000e+03 -9.712121641593314791e+01
6.080000000000000000e+03 -9.480153948656649732e+01
6.090000000000000000e+03 -8.392015422455995122e+01
6.100000000000000000e+03 -9.071526178747298275e+01
6.110000000000000000e+03 -8.442286739400773854e+01
6.120000000000000000e+03 -1.006740131119803578e+02
6.130000000000000000e+03 -9.157744867758583496e+01
6.140000000000000000e+03 -8.065578448258160904e+01
6.150000000000000000e+03 -8.813643604736866166e+01
6.160000000000000000e+03 -9.973516446887899178e+01
6.170000000000000000e+03 -1.144472882533507061e+02
6.180000000000000000e+03 -9.943029362608989175e+01
6.190000000000000000e+03 -9.933226054734299737e+01
6.200000000000000000e+03 -9.969391150762956499e+01
6.210000000000000000e+03 -9.763487307926793335e+01
6.220000000000000000e+03 -9.418795898376090747e+01
6.230000000000000000e+03 -1.052800781228165476e+02
6.240000000000000000e+03 -1.053368582403140294e+02
6.250000000000000000e+03 -9.578152649935825025e+01
6.260000000000000000e+03 -9.904629731179321084e+01
6.270000000000000000e+03 -9.852576515491685427e+01
6.280000000000000000e+03 -9.696651781124782588e+01
6.290000000000000000e+03 -9.393190414511693120e+01
6.300000000000000000e+03 -1.035289472135582258e+02
6.310000000000000000e+03 -1.108058549863967528e+02
6.320000000000000000e+03 -9.448205822000154797e+01
6.330000000000000000e+03 -9.768517877368041979e+01
6.340000000000000000e+03 -1.118651393580346252e+02
6.350000000000000000e+03 -1.145141524280424647e+02
6.360000000000000000e+03 -9.688429836764655079e+01
6.370000000000000000e+03 -9.402443682903056299e+01
6.380000000000000000e+03 -9.182261731812231176e+01
6.390000000000000000e+03 -9.399619000973061134e+01
6.400000000000000000e+03 -9.897960502443997655e+01
6.410000000000000000e+03 -1.008424627037488222e+02
6.420000000000000000e+03 -1.001855092958518156e+02
6.430000000000000000e+03 -9.838756773473129158e+01
6.440000000000000000e+03 -9.605259283223465161e+01
6.450000000000000000e+03 -8.790244008383723440e+01
6.460000000000000000e+03 -1.009672529115283055e+02
6.470000000000000000e+03 -1.096433809158558290e+02
6.480000000000000000e+03 -9.776768469617925916e+01
6.490000000000000000e+03 -1.003038250805463321e+02
6.500000000000000000e+03 -9.246667917562888306e+01
6.510000000000000000e+03 -1.153377219627635242e+02
6.520000000000000000e+03 -1.108919705430049163e+02
6.530000000000000000e+03 -9.778470154269464842e+01
6.540000000000000000e+03 -1.084662964215390701e+02
6.550000000000000000e+03 -1.033749934540065709e+02
6.560000000000000000e+03 -1.113391641021045331e+02
6.570000000000000000e+03 -1.093435521016638603e+02
6.580000000000000000e+03 -1.046787016210472530e+02
6.590000000000000000e+03 -9.523486746702393191e+01
6.600000000000000000e+03 -8.763269155388964293e+01
6.610000000000000000e+03 -9.175157055152610042e+01
6.620000000000000000e+03 -8.892688862153114826e+01
6.630000000000000000e+03 -9.437984254935020090e+01
6.640000000000000000e+03 -8.157085537718504042e+01
6.650000000000000000e+03 -9.518175427941531552e+01
6.660000000000000000e+03 -1.000693707507788019e+02
6.670000000000000000e+03 -8.380321353857375755e+01
6.680000000000000000e+03 -9.489779639614847895e+01
6.690000000000000000e+03 -9.516319044685307915e+01
6.700000000000000000e+03 -8.443381088789473665e+01
6.710000000000000000e+03 -9.555784377613919389e+01
6.720000000000000000e+03 -7.528493540680479157e+01
6.730000000000000000e+03 -8.599987642932580911e+01
6.740000000000000000e+03 -9.861216719042256784e+01
6.750000000000000000e+03 -9.280134382376479607e+01
6.760000000000000000e+03 -1.088276036071485606e+02
6.770000000000000000e+03 -8.738591863152679196e+01
6.780000000000000000e+03 -1.012082962559398567e+02
6.790000000000000000e+03 -9.457413253767907690e+01
6.800000000000000000e+03 -9.003143665898434733e+01
6.810000000000000000e+03 -8.206394285567462532e+01
6.820000000000000000e+03 -9.529359564102485081e+01
6.830000000000000000e+03 -8.289140850340255895e+01
6.840000000000000000e+03 -9.833749122343685656e+01
6.850000000000000000e+03 -9.715771382748297924e+01
6.860000000000000000e+03 -9.870160590224250541e+01
6.870000000000000000e+03 -9.024864495911843676e+01
6.880000000000000000e+03 -9.633511832101366679e+01
6.890000000000000000e+03 -9.146566461175581253e+01
6.900000000000000000e+03 -9.156661977525786256e+01
6.910000000000000000e+03 -9.771136294491789442e+01
6.920000000000000000e+03 -1.034752037723749396e+02
6.930000000000000000e+03 -9.244462030051634827e+01
6.940000000000000000e+03 -9.928396020521346088e+01
6.950000000000000000e+03 -1.009438189377074622e+02
6.960000000000000000e+03 -9.641601996168613198e+01
6.970000000000000000e+03 -9.316717737595583060e+01
6.980000000000000000e+03 -8.851779675580773699e+01
6.990000000000000000e+03 -9.417174427815869819e+01
7.000000000000000000e+03 -1.066754595370781686e+02
7.010000000000000000e+03 -8.720916115172893512e+01
7.020000000000000000e+03 -1.024799760822327102e+02
7.030000000000000000e+03 -9.181877850089495041e+01
7.040000000000000000e+03 -8.666977868339277791e+01
7.050000000000000000e+03 -1.049498825454826658e+02
7.060000000000000000e+03 -1.074659121112406552e+02
7.070000000000000000e+03 -8.999052747241201189e+01
7.080000000000000000e+03 -9.564023510707900755e+01
7.090000000000000000e+03 -1.030369483548793852e+02
7.100000000000000000e+03 -8.916529636008507964e+01
7.110000000000000000e+03 -9.655920211468932735e+01
7.120000000000000000e+03 -1.000839238787751242e+02
7.130000000000000000e+03 -9.294618755437386426e+01
7.140000000000000000e+03 -9.112905190711646242e+01
7.150000000000000000e+03 -9.573758063647171923e+01
7.160000000000000000e+03 -9.146085176627671842e+01
7.170000000000000000e+03 -9.494048175188572714e+01
7.180000000000000000e+03 -9.333184544627643220e+01
7.190000000000000000e+03 -8.874153677480632041e+01
7.200000000000000000e+03 -9.631036654426401356e+01
7.210000000000000000e+03 -8.991249062071518949e+01
7.220000000000000000e+03 -8.162076000114093688e+01
7.230000000000000000e+03 -9.948724563092588369e+01
7.240000000000000000e+03 -8.234664023179217907e+01
7.250000000000000000e+03 -1.032797678684558349e+02
7.260000000000000000e+03 -1.044289493181497193e+02
7.270000000000000000e+03 -9.475576015873554070e+01
7.280000000000000000e+03 -9.291421650940556276e+01
7.290000000000000000e+03 -8.761853949634989647e+01
7.300000000000000000e+03 -8.777300891791718129e+01
7.310000000000000000e+03 -9.272164539446210085e+01
7.320000000000000000e+03 -9.970777708627173297e+01
7.330000000000000000e+03 -8.890270980257662359e+01
7.340000000000000000e+03 -9.242886396115025605e+01
7.350000000000000000e+03 -9.678202540121570507e+01
7.360000000000000000e+03 -9.735160274535525105e+01
7.370000000000000000e+03 -9.896516648800268001e+01
7.380000000000000000e+03 -9.842389325894258434e+01
7.390000000000000000e+03 -9.110452931348486061e+01
7.400000000000000000e+03 -9.200086448818751705e+01
7.410000000000000000e+03 -9.522002786013004538e+01
7.420000000000000000e+03 -9.643114604747758278e+01
7.430000000000000000e+03 -9.686516157728917165e+01
7.440000000000000000e+03 -1.103234245228966017e+02
7.450000000000000000e+03 -9.279240568216074792e+01
7.460000000000000000e+03 -9.366433285479084248e+01
7.470000000000000000e+03 -9.462317772494228052e+01
7.480000000000000000e+03 -8.755511306842892338e+01
7.490000000000000000e+03 -9.760358958365378612e+01
7.500000000000000000e+03 -9.136786071612698379e+01
7.510000000000000000e+03 -1.010346327482356941e+02
7.520000000000000000e+03 -9.776155404777135516e+01
7.530000000000000000e+03 -8.983554238882911136e+01
7.540000000000000000e+03 -9.142441165050639995e+01
7.550000000000000000e+03 -9.073365373269668055e+01
7.560000000000000000e+03 -9.438070198604290795e+01
7.570000000000000000e+03 -9.475043165124083089e+01
7.580000000000000000e+03 -9.563954755772483907e+01
7.590000000000000000e+03 -1.041029363327202901e+02
7.600000000000000000e+03 -7.352687170822535734e+01
7.610000000000000000e+03 -9.434454834917015376e+01
7.620000000000000000e+03 -9.149024450116692719e+01
7.630000000000000000e+03 -9.802958370433356095e+01
7.640000000000000000e+03 -9.523681552352738322e+01
7.650000000000000000e+03 -8.837346868721428450e+01
7.660000000000000000e+03 -9.233421133339463438e+01
7.670000000000000000e+03 -9.337143682991997196e+01
7.680000000000000000e+03 -8.582987985151049770e+01
7.690000000000000000e+03 -1.034572128976078460e+02
7.700000000000000000e+03 -9.358320203100031165e+01
7.710000000000000000e+03 -7.424977255834191681e+01
7.720000000000000000e+03 -1.009033681173712296e+02
7.730000000000000000e+03 -1.090338684133956662e+02
7.740000000000000000e+03 -8.786388002422492605e+01
7.750000000000000000e+03 -9.328010735737611014e+01
7.760000000000000000e+03 -9.517682684237718149e+01
7.770000000000000000e+03 -9.634142085676009515e+01
7.780000000000000000e+03 -8.555233909554914362e+01
7.790000000000000000e+03 -9.459269637024131328e+01
7.800000000000000000e+03 -9.525721282103404519e+01
7.810000000000000000e+03 -9.087717966037695305e+01
7.820000000000000000e+03 -1.016007723456044687e+02
7.830000000000000000e+03 -1.023788490313921216e+02
7.840000000000000000e+03 -1.003209565186207470e+02
7.850000000000000000e+03 -9.509775866664914190e+01
7.860000000000000000e+03 -1.076718331428106552e+02
7.870000000000000000e+03 -1.159570893392999551e+02
7.880000000000000000e+03 -1.093148469161278200e+02
7.890000000000000000e+03 -8.026840771729365542e+01
7.900000000000000000e+03 -9.277195108887458730e+01
7.910000000000000000e+03 -1.157116915156454127e+02
7.920000000000000000e+03 -9.263461310538171745e+01
7.930000000000000000e+03 -9.339464162062276387e+01
7.940000000000000000e+03 -1.046956611717831152e+02
7.950000000000000000e+03 -1.014585642208529919e+02
7.960000000000000000e+03 -8.908989511424586283e+01
7.970000000000000000e+03 -1.007732494020970222e+02
7.980000000000000000e+03 -9.290785667787960733e+01
7.990000000000000000e+03 -9.655983236826396876e+01
8.000000000000000000e+03 -9.564413122008589596e+01
8.010000000000000000e+03 -8.966096214865274305e+01
8.020000000000000000e+03 -9.807272742630691198e+01
8.030000000000000000e+03 -1.008080279402614678e+02
8.040000000000000000e+03 -9.048476086649183969e+01
8.050000000000000000e+03 -9.633821229310736101e+01
8.060000000000000000e+03 -1.057833642500594777e+02
8.070000000000000000e+03 -9.966744085749452609e+01
8.080000000000000000e+03 -9.130283000637963653e+01
8.090000000000000000e+03 -9.676861818880963995e+01
8.100000000000000000e+03 -1.149140196732642778e+02
8.110000000000000000e+03 -1.040550370610473436e+02
8.120000000000000000e+03 -9.933002601194198178e+01
8.130000000000000000e+03 -7.953473526062863641e+01
8.140000000000000000e+03 -9.197811806372082799e+01
8.150000000000000000e+03 -9.130013710474253230e+01
8.160000000000000000e+03 -8.866155186660606091e+01
8.170000000000000000e+03 -7.880381300138024869e+01
8.180000000000000000e+03 -9.239746587397708311e+01
8.190000000000000000e+03 -9.736300460547836622e+01
8.200000000000000000e+03 -9.587428836638993346e+01
8.210000000000000000e+03 -8.043508113989720698e+01
8.220000000000000000e+03 -8.802619896758548634e+01
8.230000000000000000e+03 -1.068362314943918676e+02
8.240000000000000000e+03 -1.001323388124636722e+02
8.250000000000000000e+03 -9.431005628990327239e+01
8.260000000000000000e+03 -9.250764565798073136e+01
8.270000000000000000e+03 -8.934543429087420918e+01
8.280000000000000000e+03 -1.000523539042634127e+02
8.290000000000000000e+03 -1.129185222643826449e+02
8.300000000000000000e+03 -1.037073089751824426e+02
8.310000000000000000e+03 -9.811042804922651328e+01
8.320000000000000000e+03 -9.546536838800507496e+01
8.330000000000000000e+03 -1.186165875369586900e+02
8.340000000000000000e+03 -9.508171584838547119e+01
8.350000000000000000e+03 -9.764919702414620417e+01
8.360000000000000000e+03 -1.057563779379088089e+02
8.370000000000000000e+03 -9.530127327547960192e+01
8.380000000000000000e+03 -9.123350211316881087e+01
8.390000000000000000e+03 -1.070575077948713982e+02
8.400000000000000000e+03 -8.920351264502029665e+01
8.410000000000000000e+03 -9.227926468084157818e+01
8.420000000000000000e+03 -9.196912262633728119e+01
8.430000000000000000e+03 -9.743743182306585027e+01
8.440000000000000000e+03 -9.592150008870871147e+01
8.450000000000000000e+03 -1.061241595466032948e+02
8.460000000000000000e+03 -1.148486451888398534e+02
8.470000000000000000e+03 -1.007378979061374480e+02
8.480000000000000000e+03 -1.044513519679393454e+02
8.490000000000000000e+03 -1.047050576796232662e+02
8.500000000000000000e+03 -1.046117801505759672e+02
8.510000000000000000e+03 -9.482061898114436360e+01
8.520000000000000000e+03 -9.536836663328942620e+01
8.530000000000000000e+03 -1.044224175992852395e+02
8.540000000000000000e+03 -9.892505944234352455e+01
8.550000000000000000e+03 -1.019656318695437704e+02
8.560000000000000000e+03 -1.162094199522755389e+02
8.570000000000000000e+03 -1.029911117312689157e+02
8.580000000000000000e+03 -8.278077035316280785e+01
8.590000000000000000e+03 -9.741617508886650967e+01
8.600000000000000000e+03 -1.028722802845587836e+02
8.610000000000000000e+03 -1.055779588805050793e+02
8.620000000000000000e+03 -1.023657282978836207e+02
8.630000000000000000e+03 -9.026365645335087606e+01
8.640000000000000000e+03 -9.113483878084727507e+01
8.650000000000000000e+03 -7.598107912788873364e+01
8.660000000000000000e+03 -8.782967444385562317e+01
8.670000000000000000e+03 -8.778870796150376066e+01
8.680000000000000000e+03 -9.763430012147280479e+01
8.690000000000000000e+03 -8.745186607374635912e+01
8.700000000000000000e+03 -8.756645763277252570e+01
8.710000000000000000e+03 -9.247240875358018286e+01
8.720000000000000000e+03 -8.953588546197569542e+01
8.730000000000000000e+03 -9.017083729053966579e+01
8.740000000000000000e+03 -8.455716870118639861e+01
8.750000000000000000e+03 -8.669080623447408129e+01
8.760000000000000000e+03 -9.066140375473068502e+01
8.770000000000000000e+03 -9.011663548312029093e+01
8.780000000000000000e+03 -9.229645341469550601e+01
8.790000000000000000e+03 -8.805874297034891640e+01
8.800000000000000000e+03 -9.470442314029182285e+01
8.810000000000000000e+03 -9.385610182882112440e+01
8.820000000000000000e+03 -9.373641094541829943e+01
8.830000000000000000e+03 -8.241453573051516912e+01
8.840000000000000000e+03 -7.980299410030887941e+01
8.850000000000000000e+03 -9.048378683824012114e+01
8.860000000000000000e+03 -8.372271296835786814e+01
8.870000000000000000e+03 -9.518043647648650563e+01
8.880000000000000000e+03 -8.642363601460458256e+01
8.890000000000000000e+03 -9.060863434179913156e+01
8.900000000000000000e+03 -9.625370101832557168e+01
8.910000000000000000e+03 -9.015170050018230086e+01
8.920000000000000000e+03 -9.489647859321966905e+01
8.930000000000000000e+03 -9.685719746393687046e+01
8.940000000000000000e+03 -9.514789247372307557e+01
8.950000000000000000e+03 -1.008029286158847952e+02
8.960000000000000000e+03 -1.023068855323236903e+02
8.970000000000000000e+03 -1.047237933995240411e+02
8.980000000000000000e+03 -1.028733116085900150e+02
8.990000000000000000e+03 -1.168707278394155367e+02
9.000000000000000000e+03 -1.074820122252838246e+02
9.010000000000000000e+03 -1.006156860084360432e+02
9.020000000000000000e+03 -1.031729112396639323e+02
9.030000000000000000e+03 -1.060576391465885990e+02
9.040000000000000000e+03 -1.061314934063809687e+02
9.050000000000000000e+03 -1.175707103777268685e+02
9.060000000000000000e+03 -9.972198643959097808e+01
9.070000000000000000e+03 -9.808023317342312453e+01
9.080000000000000000e+03 -9.825412586424532435e+01
9.090000000000000000e+03 -9.622969408670958558e+01
9.100000000000000000e+03 -9.301935426481206548e+01
9.110000000000000000e+03 -9.879385210725855870e+01
9.120000000000000000e+03 -9.399802347467502273e+01
9.130000000000000000e+03 -8.595971208788715501e+01
9.140000000000000000e+03 -9.901369601325026792e+01
9.150000000000000000e+03 -9.800443085712730351e+01
9.160000000000000000e+03 -1.104855715789186235e+02
9.170000000000000000e+03 -1.039936159854093205e+02
9.180000000000000000e+03 -8.283697751286513267e+01
9.190000000000000000e+03 -9.998766696919314256e+01
9.200000000000000000e+03 -9.773726063725781898e+01
9.210000000000000000e+03 -8.337968313641304974e+01
9.220000000000000000e+03 -9.123161135244488662e+01
9.230000000000000000e+03 -8.247738920064102786e+01
9.240000000000000000e+03 -9.947807830620379832e+01
9.250000000000000000e+03 -8.784720695238661392e+01
9.260000000000000000e+03 -9.552031504055811695e+01
9.270000000000000000e+03 -9.549264117905329385e+01
9.280000000000000000e+03 -9.578335996430267585e+01
9.290000000000000000e+03 -8.457624819576426489e+01
9.300000000000000000e+03 -8.506675736417577127e+01
9.310000000000000000e+03 -8.230366839715735239e+01
9.320000000000000000e+03 -9.338776612708119274e+01
9.330000000000000000e+03 -1.033710973409996825e+02
9.340000000000000000e+03 -9.023993600063244003e+01
9.350000000000000000e+03 -9.805588246713006129e+01
9.360000000000000000e+03 -1.094194690095187070e+02
9.370000000000000000e+03 -9.972364801719686511e+01
9.380000000000000000e+03 -8.336043175449665910e+01
9.390000000000000000e+03 -9.396547947191160688e+01
9.400000000000000000e+03 -8.666823169734591659e+01
9.410000000000000000e+03 -8.628755853826100974e+01
9.420000000000000000e+03 -1.006618091109440769e+02
9.430000000000000000e+03 -1.049459864324757774e+02
9.440000000000000000e+03 -9.058090318451479561e+01
9.450000000000000000e+03 -8.918105269945117186e+01
9.460000000000000000e+03 -9.670966083169068384e+01
9.470000000000000000e+03 -9.803433925403314220e+01
9.480000000000000000e+03 -9.148984343071035141e+01
9.490000000000000000e+03 -9.645692914825848163e+01
9.500000000000000000e+03 -9.201215175675159230e+01
9.510000000000000000e+03 -1.034100011752890680e+02
9.520000000000000000e+03 -1.046316044902874864e+02
9.530000000000000000e+03 -9.585486509713500425e+01
9.540000000000000000e+03 -9.709978779439525454e+01
9.550000000000000000e+03 -1.011259622207795417e+02
9.560000000000000000e+03 -1.015230219728052106e+02
9.570000000000000000e+03 -8.713261399029944698e+01
9.580000000000000000e+03 -7.963471639587896789e+01
9.590000000000000000e+03 -9.164866733152061329e+01
9.600000000000000000e+03 -8.732283597828288180e+01
9.610000000000000000e+03 -9.046837427355110606e+01
9.620000000000000000e+03 -9.271276454863757976e+01
9.630000000000000000e+03 -9.078166759592863855e+01
9.640000000000000000e+03 -9.367218237658413216e+01
9.650000000000000000e+03 -9.617681008221900640e+01
9.660000000000000000e+03 -9.559182017339044535e+01
9.670000000000000000e+03 -1.008005794889247539e+02
9.680000000000000000e+03 -8.912387151149711428e+01
9.690000000000000000e+03 -1.010711301597855396e+02
9.700000000000000000e+03 -1.010103966335016565e+02
9.710000000000000000e+03 -9.600400601120756505e+01
9.720000000000000000e+03 -1.024607819960958324e+02
9.730000000000000000e+03 -9.503112367507542046e+01
9.740000000000000000e+03 -1.052725723757003493e+02
9.750000000000000000e+03 -1.008473328450074291e+02
9.760000000000000000e+03 -9.576955168144002073e+01
9.770000000000000000e+03 -8.799199338721616925e+01
9.780000000000000000e+03 -9.955651622835719650e+01
9.790000000000000000e+03 -9.439468215624410163e+01
9.800000000000000000e+03 -9.166471014978425558e+01
9.810000000000000000e+03 -9.361127696296172473e+01
9.820000000000000000e+03 -8.382710587863071794e+01
9.830000000000000000e+03 -8.705062372981623753e+01
9.840000000000000000e+03 -1.001989738040373936e+02
9.850000000000000000e+03 -8.987994661795174522e+01
9.860000000000000000e+03 -8.368976789513784809e+01
9.870000000000000000e+03 -9.174097083231617944e+01
9.880000000000000000e+03 -1.068258036625204994e+02
9.890000000000000000e+03 -9.316064565709133660e+01
9.900000000000000000e+03 -9.595329924633847440e+01
9.910000000000000000e+03 -8.490587081530301816e+01
9.920000000000000000e+03 -8.884352326233961605e+01
9.930000000000000000e+03 -1.176911461062633890e+02
9.940000000000000000e+03 -1.158006718612292332e+02
9.950000000000000000e+03 -1.077345147255979754e+02
9.960000000000000000e+03 -1.015655927369834330e+02
9.970000000000000000e+03 -1.024471456005717158e+02
9.980000000000000000e+03 -1.114621781407191179e+02
9.990000000000000000e+03 -1.101931912160633686e+02
