0.000000000000000000e+00 -1.729239337821976790e+02
1.000000000000000000e+01 -1.723840356518458634e+02
2.000000000000000000e+01 -1.572082744195543000e+02
3.000000000000000000e+01 -1.554823536532817343e+02
4.000000000000000000e+01 -1.619517920054423996e+02
5.000000000000000000e+01 -1.542645891555106630e+02
6.000000000000000000e+01 -1.712594340915630937e+02
7.000000000000000000e+01 -1.650192361532342886e+02
8.000000000000000000e+01 -1.758436121146253015e+02
9.000000000000000000e+01 -1.678375582517032854e+02
1.000000000000000000e+02 -1.737119799336205688e+02
1.100000000000000000e+02 -1.707444023295199997e+02
1.200000000000000000e+02 1.772404259233747439e+02
1.300000000000000000e+02 -1.684172769488166637e+02
1.400000000000000000e+02 -1.762365465705260306e+02
1.500000000000000000e+02 -1.542078663337927082e+02
1.600000000000000000e+02 -1.616452595850473983e+02
1.700000000000000000e+02 -1.665714361160231931e+02
1.800000000000000000e+02 -1.619486980333487054e+02
1.900000000000000000e+02 -1.653189503758672174e+02
2.000000000000000000e+02 -1.627462552841707861e+02
2.100000000000000000e+02 -1.637838245553732008e+02
2.200000000000000000e+02 -1.666425974741784444e+02
2.300000000000000000e+02 -1.680249154507110632e+02
2.400000000000000000e+02 -1.716140376709695659e+02
2.500000000000000000e+02 -1.693620843529873810e+02
2.600000000000000000e+02 -1.582043615463892365e+02
2.700000000000000000e+02 -1.668939540589023238e+02
2.800000000000000000e+02 -1.514738263269874778e+02
2.900000000000000000e+02 -1.724667134616832413e+02
3.000000000000000000e+02 -1.665128798293607986e+02
3.100000000000000000e+02 1.763192816761429071e+02
3.200000000000000000e+02 -1.722656052755923497e+02
3.300000000000000000e+02 -1.669211122583915312e+02
3.400000000000000000e+02 -1.751467235484076923e+02
3.500000000000000000e+02 -1.683955045526016647e+02
3.600000000000000000e+02 -1.579542654688146399e+02
3.700000000000000000e+02 -1.649606798665718941e+02
3.800000000000000000e+02 -1.631542585300834389e+02
3.900000000000000000e+02 -1.635381402528211083e+02
4.000000000000000000e+02 -1.525133436546933012e+02
4.100000000000000000e+02 -1.690654641024481464e+02
4.200000000000000000e+02 -1.611156746950079821e+02
4.300000000000000000e+02 -1.615003585586588031e+02
4.400000000000000000e+02 -1.597083184628281458e+02
4.500000000000000000e+02 -1.585128420232876749e+02
4.600000000000000000e+02 -1.559146503097079233e+02
4.700000000000000000e+02 -1.765835871070367489e+02
4.800000000000000000e+02 -1.600707142682483664e+02
4.900000000000000000e+02 -1.691757584780108346e+02
5.000000000000000000e+02 -1.637265860716396446e+02
5.100000000000000000e+02 -1.748034645333447941e+02
5.200000000000000000e+02 -1.587252374779426702e+02
5.300000000000000000e+02 -1.626148760617472817e+02
5.400000000000000000e+02 -1.602856880329814544e+02
5.500000000000000000e+02 -1.733301608589454190e+02
5.600000000000000000e+02 -1.771614723392057158e+02
5.700000000000000000e+02 -1.606182327372753775e+02
5.800000000000000000e+02 -1.655327782250100483e+02
5.900000000000000000e+02 -1.715866502883623070e+02
6.000000000000000000e+02 -1.678239218561791688e+02
6.100000000000000000e+02 -1.705439243970037353e+02
6.200000000000000000e+02 -1.602855734414224571e+02
6.300000000000000000e+02 -1.578011138501761650e+02
6.400000000000000000e+02 -1.675561786785145273e+02
6.500000000000000000e+02 -1.546280162849621433e+02
6.600000000000000000e+02 -1.697893962765959373e+02
6.700000000000000000e+02 -1.608425457140691037e+02
6.800000000000000000e+02 -1.596709616145855932e+02
6.900000000000000000e+02 -1.562989331029021685e+02
7.000000000000000000e+02 -1.648461456033252546e+02
7.100000000000000000e+02 -1.625048681650821720e+02
7.200000000000000000e+02 -1.555046990072918049e+02
7.300000000000000000e+02 -1.595355143918166618e+02
7.400000000000000000e+02 -1.561464690336178762e+02
7.500000000000000000e+02 -1.662689716959736188e+02
7.600000000000000000e+02 -1.656276600358836788e+02
7.700000000000000000e+02 -1.626381954440091135e+02
7.800000000000000000e+02 -1.728328907885513672e+02
7.900000000000000000e+02 -1.620401420974515645e+02
8.000000000000000000e+02 -1.614381353421075858e+02
8.100000000000000000e+02 -1.722154714685183876e+02
8.200000000000000000e+02 -1.660730201300388842e+02
8.300000000000000000e+02 -1.737011510312926248e+02
8.400000000000000000e+02 -1.682754125987422640e+02
8.500000000000000000e+02 -1.654271821033674428e+02
8.600000000000000000e+02 -1.650508634235254988e+02
8.700000000000000000e+02 -1.683795763258970624e+02
8.800000000000000000e+02 -1.654302187796816099e+02
8.900000000000000000e+02 -1.593581839542236764e+02
9.000000000000000000e+02 -1.797215623594092619e+02
9.100000000000000000e+02 -1.774882301697688263e+02
9.200000000000000000e+02 -1.694192082451619399e+02
9.300000000000000000e+02 -1.556417505118870963e+02
9.400000000000000000e+02 -1.658688752676337685e+02
9.500000000000000000e+02 -1.616643390796252788e+02
9.600000000000000000e+02 -1.617096600412201042e+02
9.700000000000000000e+02 -1.694094679626446975e+02
9.800000000000000000e+02 -1.682204086504096949e+02
9.900000000000000000e+02 -1.657290162698423330e+02
1.000000000000000000e+03 -1.623758380696187089e+02
1.010000000000000000e+03 -1.626590511077518784e+02
1.020000000000000000e+03 -1.729374555861627414e+02
1.030000000000000000e+03 1.766099431656127763e+02
1.040000000000000000e+03 -1.660292461544908917e+02
1.050000000000000000e+03 -1.631818750958087492e+02
1.060000000000000000e+03 -1.610324812231550027e+02
1.070000000000000000e+03 -1.706663081820436787e+02
1.080000000000000000e+03 -1.692562017524471969e+02
1.090000000000000000e+03 -1.720839203587563588e+02
1.100000000000000000e+03 -1.610955065806193716e+02
1.110000000000000000e+03 -1.595728712400592144e+02
1.120000000000000000e+03 -1.532566990980960497e+02
1.130000000000000000e+03 -1.650442171131019791e+02
1.140000000000000000e+03 -1.624807466419071602e+02
1.150000000000000000e+03 -1.606966133636493055e+02
1.160000000000000000e+03 -1.618746718862177829e+02
1.170000000000000000e+03 1.754282177131554477e+02
1.180000000000000000e+03 -1.450065652144482726e+02
1.190000000000000000e+03 -1.611760071508352610e+02
1.200000000000000000e+03 -1.743978677101717096e+02
1.210000000000000000e+03 -1.624778245571519903e+02
1.220000000000000000e+03 -1.561761482474056493e+02
1.230000000000000000e+03 -1.670196037033745142e+02
1.240000000000000000e+03 -1.554874529776583927e+02
1.250000000000000000e+03 -1.579292845089469211e+02
1.260000000000000000e+03 -1.599612793293783852e+02
1.270000000000000000e+03 -1.648563442520785713e+02
1.280000000000000000e+03 -1.644932608973041681e+02
1.290000000000000000e+03 -1.637469260733667795e+02
1.300000000000000000e+03 -1.704979158860547273e+02
1.310000000000000000e+03 -1.718471169020287732e+02
1.320000000000000000e+03 -1.569282699450738789e+02
1.330000000000000000e+03 -1.722197113562023674e+02
1.340000000000000000e+03 -1.576039017770921191e+02
1.350000000000000000e+03 -1.717419218508427718e+02
1.360000000000000000e+03 -1.616477233035664653e+02
1.370000000000000000e+03 -1.690351546350857177e+02
1.380000000000000000e+03 -1.658099752062943253e+02
1.390000000000000000e+03 -1.628663472380301869e+02
1.400000000000000000e+03 -1.716966581850274167e+02
1.410000000000000000e+03 -1.596898692218249209e+02
1.420000000000000000e+03 -1.442007573713763122e+02
1.430000000000000000e+03 -1.701481824479068621e+02
1.440000000000000000e+03 -1.535765814351175607e+02
1.450000000000000000e+03 -1.684198552588947280e+02
1.460000000000000000e+03 -1.610721871983575681e+02
1.470000000000000000e+03 -1.686170673319787738e+02
1.480000000000000000e+03 -1.575851660571913442e+02
1.490000000000000000e+03 -1.571688549232492846e+02
1.500000000000000000e+03 -1.633991406917223799e+02
1.510000000000000000e+03 -1.637603905815523433e+02
1.520000000000000000e+03 -1.580280051370479839e+02
1.530000000000000000e+03 -1.625135771235681545e+02
1.540000000000000000e+03 -1.663644264646424347e+02
1.550000000000000000e+03 -1.544340700713103729e+02
1.560000000000000000e+03 1.737643482760955465e+02
1.570000000000000000e+03 -1.560392686301488823e+02
1.580000000000000000e+03 -1.630478029717481547e+02
1.590000000000000000e+03 -1.577254261254393839e+02
1.600000000000000000e+03 -1.684491906980054239e+02
1.610000000000000000e+03 -1.621620675162554051e+02
1.620000000000000000e+03 -1.706245968545581491e+02
1.630000000000000000e+03 -1.592162050125902510e+02
1.640000000000000000e+03 -1.719006884558735351e+02
1.650000000000000000e+03 -1.598767680545966243e+02
1.660000000000000000e+03 -1.620247868285420623e+02
1.670000000000000000e+03 -1.643004605992426548e+02
1.680000000000000000e+03 -1.621192102731796183e+02
1.690000000000000000e+03 -1.691877332959290641e+02
1.700000000000000000e+03 -1.596250676951956109e+02
1.710000000000000000e+03 -1.540250355013664887e+02
1.720000000000000000e+03 -1.624154294532622771e+02
1.730000000000000000e+03 -1.646270465424672125e+02
1.740000000000000000e+03 -1.534607293689421397e+02
1.750000000000000000e+03 -1.457653905183195491e+02
1.760000000000000000e+03 -1.662391205948472930e+02
1.770000000000000000e+03 -1.671095007814305404e+02
1.780000000000000000e+03 -1.534263519012342840e+02
1.790000000000000000e+03 -1.696892432540070672e+02
1.800000000000000000e+03 -1.609509493289078819e+02
1.810000000000000000e+03 -1.664432654572524370e+02
1.820000000000000000e+03 -1.609708309643988855e+02
1.830000000000000000e+03 -1.776392618445653113e+02
1.840000000000000000e+03 -1.650772767778810248e+02
1.850000000000000000e+03 -1.713226886321455424e+02
1.860000000000000000e+03 -1.701941909588558701e+02
1.870000000000000000e+03 -1.642740472448871287e+02
1.880000000000000000e+03 -1.762010231872279178e+02
1.890000000000000000e+03 -1.677084135646807965e+02
1.900000000000000000e+03 -1.537738508039811336e+02
1.910000000000000000e+03 -1.790734897973367765e+02
1.920000000000000000e+03 -1.603685950259369122e+02
1.930000000000000000e+03 -1.620353865477519548e+02
1.940000000000000000e+03 -1.617220932253744365e+02
1.950000000000000000e+03 -1.740626874000201667e+02
1.960000000000000000e+03 -1.630397815626163265e+02
1.970000000000000000e+03 -1.733149774773744412e+02
1.980000000000000000e+03 -1.651482089529182247e+02
1.990000000000000000e+03 -1.710787232029788356e+02
2.000000000000000000e+03 -1.662421572711615170e+02
2.010000000000000000e+03 -1.652724834986820781e+02
2.020000000000000000e+03 -1.672522818639771458e+02
2.030000000000000000e+03 -1.725570116101958718e+02
2.040000000000000000e+03 -1.643344369964939347e+02
2.050000000000000000e+03 -1.662599762585900862e+02
2.060000000000000000e+03 -1.735311544534773134e+02
2.070000000000000000e+03 -1.586224488494962088e+02
2.080000000000000000e+03 -1.556200927072311515e+02
2.090000000000000000e+03 -1.616685789673092017e+02
2.100000000000000000e+03 -1.563365191342627725e+02
2.110000000000000000e+03 -1.641463922481320026e+02
2.120000000000000000e+03 -1.746982121863792941e+02
2.130000000000000000e+03 -1.501663939342784317e+02
2.140000000000000000e+03 -1.596432877530807843e+02
2.150000000000000000e+03 -1.743260760984418027e+02
2.160000000000000000e+03 -1.711723445067032117e+02
2.170000000000000000e+03 -1.671670830398412022e+02
2.180000000000000000e+03 -1.511137796485272702e+02
2.190000000000000000e+03 -1.636491221777379224e+02
2.200000000000000000e+03 -1.602178498300379772e+02
2.210000000000000000e+03 -1.616908097297603035e+02
2.220000000000000000e+03 -1.742938758703554640e+02
2.230000000000000000e+03 -1.682472230752218252e+02
2.240000000000000000e+03 -1.654935879118230844e+02
2.250000000000000000e+03 -1.644304647229578507e+02
2.260000000000000000e+03 -1.626995019280881252e+02
2.270000000000000000e+03 -1.637572966094586491e+02
2.280000000000000000e+03 -1.538274223578258386e+02
2.290000000000000000e+03 -1.714655270104716465e+02
2.300000000000000000e+03 -1.664539224722418567e+02
2.310000000000000000e+03 -1.582490522544094347e+02
2.320000000000000000e+03 -1.604037173387784208e+02
2.330000000000000000e+03 -1.686516166870251539e+02
2.340000000000000000e+03 -1.759905184932968325e+02
2.350000000000000000e+03 -1.641275419366721735e+02
2.360000000000000000e+03 -1.680443387199659924e+02
2.370000000000000000e+03 -1.691125612332079129e+02
2.380000000000000000e+03 -1.684155580754312496e+02
2.390000000000000000e+03 -1.693032988832069350e+02
2.400000000000000000e+03 -1.608787566467213708e+02
2.410000000000000000e+03 -1.662501213845138182e+02
2.420000000000000000e+03 -1.582905343987769129e+02
2.430000000000000000e+03 -1.672127477761131331e+02
2.440000000000000000e+03 -1.715785715834509517e+02
2.450000000000000000e+03 -1.648114243609403218e+02
2.460000000000000000e+03 -1.559639246800891783e+02
2.470000000000000000e+03 -1.686063530212098271e+02
2.480000000000000000e+03 -1.531528791456183285e+02
2.490000000000000000e+03 -1.569478078058878339e+02
2.500000000000000000e+03 -1.651792632654143347e+02
2.510000000000000000e+03 -1.427809106592626165e+02
2.520000000000000000e+03 -1.603070593587398491e+02
2.530000000000000000e+03 1.785339354416620665e+02
2.540000000000000000e+03 -1.572571477194789509e+02
2.550000000000000000e+03 -1.671357995442270408e+02
2.560000000000000000e+03 -1.658149026433324593e+02
2.570000000000000000e+03 -1.518790220797039865e+02
2.580000000000000000e+03 -1.584973721628191470e+02
2.590000000000000000e+03 -1.561315721309444768e+02
2.600000000000000000e+03 -1.612286619722077887e+02
2.610000000000000000e+03 -1.562192919693789861e+02
2.620000000000000000e+03 -1.636882551951453593e+02
2.630000000000000000e+03 -1.538989847864376941e+02
2.640000000000000000e+03 -1.629961794744068584e+02
2.650000000000000000e+03 -1.553433540921830058e+02
2.660000000000000000e+03 -1.503681323739440074e+02
2.670000000000000000e+03 -1.641790508424544441e+02
2.680000000000000000e+03 -1.612461371849592808e+02
2.690000000000000000e+03 -1.594459037926582425e+02
2.700000000000000000e+03 -1.641273127535541221e+02
2.710000000000000000e+03 -1.648915811564791341e+02
2.720000000000000000e+03 -1.672394476093662092e+02
2.730000000000000000e+03 -1.660720461017871514e+02
2.740000000000000000e+03 -1.622991763166301951e+02
2.750000000000000000e+03 -1.614547511181663992e+02
2.760000000000000000e+03 -1.566298162295902330e+02
2.770000000000000000e+03 -1.686757382102001657e+02
2.780000000000000000e+03 -1.724788601669400521e+02
2.790000000000000000e+03 -1.581829329248513716e+02
2.800000000000000000e+03 -1.671971060283060524e+02
2.810000000000000000e+03 -1.511751434283857805e+02
2.820000000000000000e+03 -1.580399226591866864e+02
2.830000000000000000e+03 -1.669492444861324429e+02
2.840000000000000000e+03 -1.684009476516554003e+02
2.850000000000000000e+03 -1.496672331031604415e+02
2.860000000000000000e+03 -1.683764823538033397e+02
2.870000000000000000e+03 -1.699003209057332811e+02
2.880000000000000000e+03 1.792094526821213094e+02
2.890000000000000000e+03 -1.670016128286074206e+02
2.900000000000000000e+03 -1.596497621761657797e+02
2.910000000000000000e+03 -1.580476575894209645e+02
2.920000000000000000e+03 -1.758363928464066532e+02
2.930000000000000000e+03 -1.734448670095306113e+02
2.940000000000000000e+03 -1.556316091589133066e+02
2.950000000000000000e+03 -1.564968327253403686e+02
2.960000000000000000e+03 -1.622723045960385662e+02
2.970000000000000000e+03 -1.700246527472766616e+02
2.980000000000000000e+03 -1.744874210135506587e+02
2.990000000000000000e+03 -1.508836225022232043e+02
3.000000000000000000e+03 -1.662245674668509992e+02
3.010000000000000000e+03 -1.701050387259335253e+02
3.020000000000000000e+03 -1.581545142182128529e+02
3.030000000000000000e+03 -1.541920526986471032e+02
3.040000000000000000e+03 -1.446228553790491844e+02
3.050000000000000000e+03 -1.688416094918905515e+02
3.060000000000000000e+03 -1.624012773957225022e+02
3.070000000000000000e+03 -1.519672002843745986e+02
3.080000000000000000e+03 -1.585154203333657676e+02
3.090000000000000000e+03 -1.700528995665765990e+02
3.100000000000000000e+03 -1.571364828078243931e+02
3.110000000000000000e+03 -1.694716911791958864e+02
3.120000000000000000e+03 -1.659230770750531292e+02
3.130000000000000000e+03 -1.541686760206057727e+02
3.140000000000000000e+03 -1.581919856580144312e+02
3.150000000000000000e+03 -1.629508585128120046e+02
3.160000000000000000e+03 -1.653360818139416324e+02
3.170000000000000000e+03 -1.598914930699314709e+02
3.180000000000000000e+03 -1.693325197307586336e+02
3.190000000000000000e+03 -1.559516633832733703e+02
3.200000000000000000e+03 -1.644216411729128424e+02
3.210000000000000000e+03 -1.671942985351099082e+02
3.220000000000000000e+03 -1.517470698994853535e+02
3.230000000000000000e+03 -1.635792213267319823e+02
3.240000000000000000e+03 -1.571881636009452166e+02
3.250000000000000000e+03 -1.633511268284903792e+02
3.260000000000000000e+03 -1.653807152261823035e+02
3.270000000000000000e+03 -1.568243354010371320e+02
3.280000000000000000e+03 -1.609528973854113190e+02
3.290000000000000000e+03 -1.533333608510845636e+02
3.300000000000000000e+03 -1.706639017593041103e+02
3.310000000000000000e+03 -1.588189733732260720e+02
3.320000000000000000e+03 -1.655195428999425076e+02
3.330000000000000000e+03 -1.757353803871251046e+02
3.340000000000000000e+03 -1.748198511262855277e+02
3.350000000000000000e+03 -1.622231448172163368e+02
3.360000000000000000e+03 -1.682953515300127947e+02
3.370000000000000000e+03 -1.758924281187704537e+02
3.380000000000000000e+03 -1.615101561369555725e+02
3.390000000000000000e+03 -1.720243327480627329e+02
3.400000000000000000e+03 -1.793953774866412800e+02
3.410000000000000000e+03 -1.554685453704190650e+02
3.420000000000000000e+03 -1.721455133217329205e+02
3.430000000000000000e+03 -1.684748592072272970e+02
3.440000000000000000e+03 -1.650032506307501023e+02
3.450000000000000000e+03 -1.586450806824038864e+02
3.460000000000000000e+03 -1.701576935473060530e+02
3.470000000000000000e+03 -1.713917300464588038e+02
3.480000000000000000e+03 -1.564299685506485957e+02
3.490000000000000000e+03 -1.543029773277844470e+02
3.500000000000000000e+03 -1.633459129125546951e+02
3.510000000000000000e+03 -1.622281295500339695e+02
3.520000000000000000e+03 -1.589946995289926974e+02
3.530000000000000000e+03 -1.614002628318494601e+02
3.540000000000000000e+03 -1.583556797000833001e+02
3.550000000000000000e+03 -1.656266860076319745e+02
3.560000000000000000e+03 -1.654107382146471821e+02
3.570000000000000000e+03 -1.556425526528003047e+02
3.580000000000000000e+03 -1.524350203240989288e+02
3.590000000000000000e+03 -1.751188205037848036e+02
3.600000000000000000e+03 -1.766932512290248098e+02
3.610000000000000000e+03 -1.565848390426724563e+02
3.620000000000000000e+03 -1.652963758387390385e+02
3.630000000000000000e+03 -1.541396843561721539e+02
3.640000000000000000e+03 -1.561964882491327842e+02
3.650000000000000000e+03 -1.632562450176167488e+02
3.660000000000000000e+03 -1.604454859620434490e+02
3.670000000000000000e+03 -1.526316594393878177e+02
3.680000000000000000e+03 -1.525834163930377940e+02
3.690000000000000000e+03 -1.526961171913400506e+02
3.700000000000000000e+03 -1.614862065011190850e+02
3.710000000000000000e+03 -1.603956386338670654e+02
3.720000000000000000e+03 -1.517079941778574153e+02
3.730000000000000000e+03 -1.777804386452855283e+02
3.740000000000000000e+03 -1.651292440498993983e+02
3.750000000000000000e+03 -1.691248225300237209e+02
3.760000000000000000e+03 -1.619045229873440803e+02
3.770000000000000000e+03 -1.699817955042008748e+02
3.780000000000000000e+03 -1.725100290709951310e+02
3.790000000000000000e+03 -1.675046697727322851e+02
3.800000000000000000e+03 -1.696394532216102107e+02
3.810000000000000000e+03 -1.718452834370843618e+02
3.820000000000000000e+03 -1.752550125716874163e+02
3.830000000000000000e+03 -1.568421543884657012e+02
3.840000000000000000e+03 -1.655842871307923190e+02
3.850000000000000000e+03 -1.700721509484930039e+02
3.860000000000000000e+03 -1.753021097024471544e+02
3.870000000000000000e+03 -1.709810911946885312e+02
3.880000000000000000e+03 -1.649129524822375288e+02
3.890000000000000000e+03 -1.712021956078295375e+02
3.900000000000000000e+03 -1.619996339813358190e+02
3.910000000000000000e+03 -1.699655807985986655e+02
3.920000000000000000e+03 -1.511389324957335134e+02
3.930000000000000000e+03 -1.660182453648243950e+02
3.940000000000000000e+03 -1.557268347444640426e+02
3.950000000000000000e+03 -1.515498578264013076e+02
3.960000000000000000e+03 -1.761479672953987858e+02
3.970000000000000000e+03 -1.593980045209852960e+02
3.980000000000000000e+03 -1.704383282753611013e+02
3.990000000000000000e+03 -1.681364130376435355e+02
4.000000000000000000e+03 -1.770551313724294289e+02
4.010000000000000000e+03 -1.572211086741652366e+02
4.020000000000000000e+03 -1.675191083091695816e+02
4.030000000000000000e+03 -1.659226760045965818e+02
4.040000000000000000e+03 -1.626933139839007083e+02
4.050000000000000000e+03 -1.621865901098870211e+02
4.060000000000000000e+03 -1.635785910731573551e+02
4.070000000000000000e+03 -1.671679424765339093e+02
4.080000000000000000e+03 -1.673294592789812896e+02
4.090000000000000000e+03 -1.676272254451107528e+02
4.100000000000000000e+03 -1.572625335227531878e+02
4.110000000000000000e+03 -1.549936779498146677e+02
4.120000000000000000e+03 -1.676588527154019914e+02
4.130000000000000000e+03 -1.662616951319754719e+02
4.140000000000000000e+03 -1.599951411350706110e+02
4.150000000000000000e+03 -1.671211318246716928e+02
4.160000000000000000e+03 -1.568210695416048850e+02
4.170000000000000000e+03 -1.777024590893682330e+02
4.180000000000000000e+03 -1.642486652145628341e+02
4.190000000000000000e+03 -1.713233188857201696e+02
4.200000000000000000e+03 -1.687631142739576262e+02
4.210000000000000000e+03 -1.528666294311709635e+02
4.220000000000000000e+03 -1.731259014049812777e+02
4.230000000000000000e+03 -1.593624238419076562e+02
4.240000000000000000e+03 -1.575059832899042647e+02
4.250000000000000000e+03 -1.593876339848934265e+02
4.260000000000000000e+03 -1.619419371313661600e+02
4.270000000000000000e+03 -1.793996746701047584e+02
4.280000000000000000e+03 -1.558470412898824975e+02
4.290000000000000000e+03 -1.758904227664874895e+02
4.300000000000000000e+03 -1.609107849874691851e+02
4.310000000000000000e+03 -1.577910870887613726e+02
4.320000000000000000e+03 -1.726014731350980185e+02
4.330000000000000000e+03 -1.642204183952628966e+02
4.340000000000000000e+03 -1.732585411345540365e+02
4.350000000000000000e+03 -1.547130432217595626e+02
4.360000000000000000e+03 -1.726669049153019557e+02
4.370000000000000000e+03 -1.675515377203740002e+02
4.380000000000000000e+03 -1.669412803727801418e+02
4.390000000000000000e+03 -1.723895360466791260e+02
4.400000000000000000e+03 -1.671828966749868073e+02
4.410000000000000000e+03 -1.577654185795394994e+02
4.420000000000000000e+03 -1.687239812565501893e+02
4.430000000000000000e+03 -1.665574559458219994e+02
4.440000000000000000e+03 -1.687596765271868264e+02
4.450000000000000000e+03 -1.671159752045155074e+02
4.460000000000000000e+03 -1.574950970917967936e+02
4.470000000000000000e+03 -1.658639478305956345e+02
4.480000000000000000e+03 -1.671761357730042619e+02
4.490000000000000000e+03 -1.539950125129016385e+02
4.500000000000000000e+03 -1.676161100638852304e+02
4.510000000000000000e+03 -1.597045369413802689e+02
4.520000000000000000e+03 -1.562071452641222038e+02
4.530000000000000000e+03 -1.577661061288936537e+02
4.540000000000000000e+03 -1.627667098774569752e+02
4.550000000000000000e+03 -1.608785274636033193e+02
4.560000000000000000e+03 -1.608102308944237393e+02
4.570000000000000000e+03 -1.625622785361542810e+02
4.580000000000000000e+03 -1.641815718567530098e+02
4.590000000000000000e+03 -1.533353089075880007e+02
4.600000000000000000e+03 -1.632970969084095714e+02
4.610000000000000000e+03 -1.673927711153432369e+02
4.620000000000000000e+03 -1.637716778501164185e+02
4.630000000000000000e+03 -1.574115598452667086e+02
4.640000000000000000e+03 -1.764988466491369081e+02
4.650000000000000000e+03 -1.456761236938381785e+02
4.660000000000000000e+03 -1.700036824919748710e+02
4.670000000000000000e+03 -1.584392742423928553e+02
4.680000000000000000e+03 -1.617732583564796300e+02
4.690000000000000000e+03 -1.654704977126793324e+02
4.700000000000000000e+03 1.795222876382627533e+02
4.710000000000000000e+03 -1.652407416368318707e+02
4.720000000000000000e+03 -1.699065088499206979e+02
4.730000000000000000e+03 -1.595724701696026102e+02
4.740000000000000000e+03 -1.594284858756862491e+02
4.750000000000000000e+03 -1.746144457567311576e+02
4.760000000000000000e+03 -1.662617524277549705e+02
4.770000000000000000e+03 -1.715944998101556109e+02
4.780000000000000000e+03 -1.601530483034086956e+02
4.790000000000000000e+03 -1.644271988635256037e+02
4.800000000000000000e+03 -1.587002565180749798e+02
4.810000000000000000e+03 -1.715132543948060402e+02
4.820000000000000000e+03 -1.542783401425938052e+02
4.830000000000000000e+03 -1.618359399392669502e+02
4.840000000000000000e+03 -1.653820903248906120e+02
4.850000000000000000e+03 -1.698186171241476075e+02
4.860000000000000000e+03 -1.602184227878331058e+02
4.870000000000000000e+03 -1.621742715172916860e+02
4.880000000000000000e+03 -1.675480999736031720e+02
4.890000000000000000e+03 -1.604576899630797300e+02
4.900000000000000000e+03 -1.652603940892048513e+02
4.910000000000000000e+03 -1.566498697524197894e+02
4.920000000000000000e+03 -1.738669650172034835e+02
4.930000000000000000e+03 -1.727215650889574476e+02
4.940000000000000000e+03 -1.656543598691368118e+02
4.950000000000000000e+03 -1.541764682466195495e+02
4.960000000000000000e+03 -1.638501157722698167e+02
4.970000000000000000e+03 -1.506981560639393649e+02
4.980000000000000000e+03 -1.616309356401691275e+02
4.990000000000000000e+03 -1.699395112189202166e+02
5.000000000000000000e+03 -1.706307275029660389e+02
5.010000000000000000e+03 -1.668374031245229219e+02
5.020000000000000000e+03 -1.739759415898373618e+02
5.030000000000000000e+03 -1.643191963191434297e+02
5.040000000000000000e+03 -1.626238714991308427e+02
5.050000000000000000e+03 -1.710203960994345209e+02
5.060000000000000000e+03 -1.601908062221077955e+02
5.070000000000000000e+03 -1.733825864971998669e+02
5.080000000000000000e+03 -1.591499710914731338e+02
5.090000000000000000e+03 -1.657058114791395553e+02
5.100000000000000000e+03 -1.644673632049642720e+02
5.110000000000000000e+03 -1.619932741498098778e+02
5.120000000000000000e+03 -1.688599441413347222e+02
5.130000000000000000e+03 -1.599317147071496663e+02
5.140000000000000000e+03 -1.616985446599945817e+02
5.150000000000000000e+03 -1.713906414266480738e+02
5.160000000000000000e+03 -1.582271652666354669e+02
5.170000000000000000e+03 -1.681334336571088386e+02
5.180000000000000000e+03 -1.696126387967980804e+02
5.190000000000000000e+03 -1.626674162915607837e+02
5.200000000000000000e+03 -1.621380605846394189e+02
5.210000000000000000e+03 -1.633645913366759714e+02
5.220000000000000000e+03 -1.623822551969241772e+02
5.230000000000000000e+03 -1.642654528779601719e+02
5.240000000000000000e+03 -1.647643845259600823e+02
5.250000000000000000e+03 -1.631523104735800018e+02
5.260000000000000000e+03 -1.708906211588373765e+02
5.270000000000000000e+03 -1.631559774034688246e+02
5.280000000000000000e+03 -1.642129699439261969e+02
5.290000000000000000e+03 -1.659835814182189608e+02
5.300000000000000000e+03 -1.756647346909854548e+02
5.310000000000000000e+03 -1.544149332809529938e+02
5.320000000000000000e+03 -1.646298540356633850e+02
5.330000000000000000e+03 -1.550557292790273323e+02
5.340000000000000000e+03 -1.620130984895213828e+02
5.350000000000000000e+03 -1.615622380005329433e+02
5.360000000000000000e+03 -1.612322716063170844e+02
5.370000000000000000e+03 -1.687892984451951008e+02
5.380000000000000000e+03 -1.582417183946317891e+02
5.390000000000000000e+03 -1.541117240157697665e+02
5.400000000000000000e+03 -1.767844088142301189e+02
5.410000000000000000e+03 -1.556475946813974360e+02
5.420000000000000000e+03 -1.655513420575722989e+02
5.430000000000000000e+03 -1.660929017655299162e+02
5.440000000000000000e+03 -1.498317865819220174e+02
5.450000000000000000e+03 -1.636888854487200149e+02
5.460000000000000000e+03 -1.526388787076064943e+02
5.470000000000000000e+03 -1.735948100645163379e+02
5.480000000000000000e+03 -1.571185492288368266e+02
5.490000000000000000e+03 -1.778485060313470854e+02
5.500000000000000000e+03 -1.724218508663245188e+02
5.510000000000000000e+03 -1.664967224195381164e+02
5.520000000000000000e+03 -1.612922602874673146e+02
5.530000000000000000e+03 -1.729600301232908919e+02
5.540000000000000000e+03 -1.589870218945379463e+02
5.550000000000000000e+03 -1.735943516982802350e+02
5.560000000000000000e+03 -1.660941622726792275e+02
5.570000000000000000e+03 -1.610844484951733477e+02
5.580000000000000000e+03 -1.695356332691325179e+02
5.590000000000000000e+03 -1.584381283268026266e+02
5.600000000000000000e+03 1.745914701491464029e+02
5.610000000000000000e+03 -1.572164677160246811e+02
5.620000000000000000e+03 -1.747505232330747162e+02
5.630000000000000000e+03 -1.586107605104755294e+02
5.640000000000000000e+03 -1.624596617950463724e+02
5.650000000000000000e+03 -1.715507831303871171e+02
5.660000000000000000e+03 -1.632218675499088647e+02
5.670000000000000000e+03 -1.582590217200447285e+02
5.680000000000000000e+03 -1.628117443601542220e+02
5.690000000000000000e+03 -1.644439292311434144e+02
5.700000000000000000e+03 -1.570144427974615553e+02
5.710000000000000000e+03 -1.586645612474383142e+02
5.720000000000000000e+03 -1.689449137823526144e+02
5.730000000000000000e+03 -1.575110826142809231e+02
5.740000000000000000e+03 -1.668295536027296464e+02
5.750000000000000000e+03 -1.572518765077637397e+02
5.760000000000000000e+03 -1.683237702366512849e+02
5.770000000000000000e+03 -1.576698492193116863e+02
5.780000000000000000e+03 -1.596945101799654765e+02
5.790000000000000000e+03 -1.636889427444995420e+02
5.800000000000000000e+03 -1.710523671444028366e+02
5.810000000000000000e+03 -1.670328963242215536e+02
5.820000000000000000e+03 -1.674149445820147832e+02
5.830000000000000000e+03 -1.631983762803085085e+02
5.840000000000000000e+03 -1.675775500042729220e+02
5.850000000000000000e+03 -1.754565218282349122e+02
5.860000000000000000e+03 -1.636432780082275826e+02
5.870000000000000000e+03 -1.639165788765050138e+02
5.880000000000000000e+03 -1.602777239196291532e+02
5.890000000000000000e+03 -1.651191599927051072e+02
5.900000000000000000e+03 -1.722000016080498597e+02
5.910000000000000000e+03 -1.600567913938267282e+02
5.920000000000000000e+03 -1.755967246007034532e+02
5.930000000000000000e+03 -1.567282503787937173e+02
5.940000000000000000e+03 -1.423992634719259911e+02
5.950000000000000000e+03 -1.530722066880639147e+02
5.960000000000000000e+03 -1.638764145350663455e+02
5.970000000000000000e+03 -1.643543186319849383e+02
5.980000000000000000e+03 -1.619409631031144272e+02
5.990000000000000000e+03 -1.564607363842470988e+02
6.000000000000000000e+03 -1.756022249955366874e+02
6.010000000000000000e+03 -1.612723213561967555e+02
6.020000000000000000e+03 -1.636440801491407910e+02
6.030000000000000000e+03 -1.549375280858918131e+02
6.040000000000000000e+03 -1.600573643516218283e+02
6.050000000000000000e+03 -1.703818919325407251e+02
6.060000000000000000e+03 -1.536814900074060404e+02
6.070000000000000000e+03 -1.637126059014384509e+02
6.080000000000000000e+03 1.768492676366389276e+02
6.090000000000000000e+03 -1.525956776898536020e+02
6.100000000000000000e+03 -1.715247135507086682e+02
6.110000000000000000e+03 -1.634781515716709066e+02
6.120000000000000000e+03 -1.706673968018544372e+02
6.130000000000000000e+03 -1.653393476733738794e+02
6.140000000000000000e+03 -1.586362571323588497e+02
6.150000000000000000e+03 -1.497428635321177239e+02
6.160000000000000000e+03 -1.760891818256183683e+02
6.170000000000000000e+03 -1.665991099775280304e+02
6.180000000000000000e+03 -1.670190307455793857e+02
6.190000000000000000e+03 -1.583837546320446847e+02
6.200000000000000000e+03 -1.747775668410048979e+02
6.210000000000000000e+03 -1.597091206037413258e+02
6.220000000000000000e+03 -1.534533382133849386e+02
6.230000000000000000e+03 -1.737425185841010773e+02
6.240000000000000000e+03 -1.646704767433381562e+02
6.250000000000000000e+03 -1.538813376863476492e+02
6.260000000000000000e+03 -1.723764153131706394e+02
6.270000000000000000e+03 -1.737311167239779479e+02
6.280000000000000000e+03 -1.470271008789771372e+02
6.290000000000000000e+03 -1.632088614079594322e+02
6.300000000000000000e+03 -1.676174278668140403e+02
6.310000000000000000e+03 -1.691041960493989791e+02
6.320000000000000000e+03 -1.647299497624727280e+02
6.330000000000000000e+03 -1.624088404386182560e+02
6.340000000000000000e+03 1.780639954580957749e+02
6.350000000000000000e+03 -1.562858696651731805e+02
6.360000000000000000e+03 -1.634084799037829896e+02
6.370000000000000000e+03 -1.632480517211463678e+02
6.380000000000000000e+03 -1.591789054601272539e+02
6.390000000000000000e+03 -1.667704816540516219e+02
6.400000000000000000e+03 -1.611232950336832346e+02
6.410000000000000000e+03 -1.630479175633071804e+02
6.420000000000000000e+03 -1.694668210379372795e+02
6.430000000000000000e+03 -1.704582672066316889e+02
6.440000000000000000e+03 -1.670868689485228629e+02
6.450000000000000000e+03 -1.538434078803100249e+02
6.460000000000000000e+03 -1.710088223519728672e+02
6.470000000000000000e+03 -1.707206245810220651e+02
6.480000000000000000e+03 -1.610331687725091285e+02
6.490000000000000000e+03 -1.568202674006917050e+02
6.500000000000000000e+03 -1.614856335433239565e+02
6.510000000000000000e+03 -1.697075779034512664e+02
6.520000000000000000e+03 -1.645387537462375747e+02
6.530000000000000000e+03 1.781668413823217634e+02
6.540000000000000000e+03 -1.579268207904278825e+02
6.550000000000000000e+03 -1.648671158586270451e+02
6.560000000000000000e+03 -1.688412657172134459e+02
6.570000000000000000e+03 -1.670709980175977591e+02
6.580000000000000000e+03 -1.633718679006741183e+02
6.590000000000000000e+03 -1.603788509704697276e+02
6.600000000000000000e+03 -1.597877877090127754e+02
6.610000000000000000e+03 -1.601827848129759673e+02
6.620000000000000000e+03 -1.738166593227909686e+02
6.630000000000000000e+03 -1.697512372874402331e+02
6.640000000000000000e+03 -1.603794239282648562e+02
6.650000000000000000e+03 -1.676072865138401937e+02
6.660000000000000000e+03 -1.678917600591226744e+02
6.670000000000000000e+03 -1.666350344312826905e+02
6.680000000000000000e+03 -1.505216850630390582e+02
6.690000000000000000e+03 -1.616001105107910689e+02
6.700000000000000000e+03 -1.715295836919672752e+02
6.710000000000000000e+03 -1.613383260941958213e+02
6.720000000000000000e+03 -1.595925809882117221e+02
6.730000000000000000e+03 -1.592795168489522553e+02
6.740000000000000000e+03 -1.767137058223109705e+02
6.750000000000000000e+03 -1.701994621705710813e+02
6.760000000000000000e+03 -1.670242446615150698e+02
6.770000000000000000e+03 -1.670485380720286344e+02
6.780000000000000000e+03 -1.645914085676101024e+02
6.790000000000000000e+03 -1.660032338705919415e+02
6.800000000000000000e+03 -1.589255435231204103e+02
6.810000000000000000e+03 -1.683803211710307153e+02
6.820000000000000000e+03 -1.671191264723887571e+02
6.830000000000000000e+03 -1.594241886922227707e+02
6.840000000000000000e+03 -1.600495148298285528e+02
6.850000000000000000e+03 1.792407934735149695e+02
6.860000000000000000e+03 -1.635895345670443533e+02
6.870000000000000000e+03 -1.640068770250176158e+02
6.880000000000000000e+03 -1.686809521261358498e+02
6.890000000000000000e+03 -1.657271255091184230e+02
6.900000000000000000e+03 -1.628395901089975837e+02
6.910000000000000000e+03 -1.646584446296403996e+02
6.920000000000000000e+03 -1.581085630030433720e+02
6.930000000000000000e+03 -1.688040807563094745e+02
6.940000000000000000e+03 -1.760949686993492094e+02
6.950000000000000000e+03 -1.600135330802943088e+02
6.960000000000000000e+03 -1.550176275856511268e+02
6.970000000000000000e+03 -1.726757857611264910e+02
6.980000000000000000e+03 -1.541965217694491344e+02
6.990000000000000000e+03 -1.490666014465248281e+02
7.000000000000000000e+03 -1.692808962334173373e+02
7.010000000000000000e+03 -1.600954660449980338e+02
7.020000000000000000e+03 -1.671237674305292842e+02
7.030000000000000000e+03 -1.655626293261363742e+02
7.040000000000000000e+03 -1.659245094695409932e+02
7.050000000000000000e+03 -1.722958001513957242e+02
7.060000000000000000e+03 -1.712087273266940315e+02
7.070000000000000000e+03 -1.567615965224703132e+02
7.080000000000000000e+03 -1.701736790697901824e+02
7.090000000000000000e+03 -1.625253800541478597e+02
7.100000000000000000e+03 -1.677273784676996513e+02
7.110000000000000000e+03 -1.711911375223835137e+02
7.120000000000000000e+03 -1.659525271057228792e+02
7.130000000000000000e+03 -1.604169526638459331e+02
7.140000000000000000e+03 -1.549466381148343999e+02
7.150000000000000000e+03 -1.685187477743343152e+02
7.160000000000000000e+03 -1.673437259280800333e+02
7.170000000000000000e+03 -1.679255072732558745e+02
7.180000000000000000e+03 -1.742488986834376874e+02
7.190000000000000000e+03 -1.727303886390024559e+02
7.200000000000000000e+03 -1.603476247706351216e+02
7.210000000000000000e+03 -1.623800779573026887e+02
7.220000000000000000e+03 -1.599186512694206499e+02
7.230000000000000000e+03 -1.726204380381168733e+02
7.240000000000000000e+03 -1.538810512074500991e+02
7.250000000000000000e+03 -1.703232783500988319e+02
7.260000000000000000e+03 -1.667841180495757385e+02
7.270000000000000000e+03 -1.525663995465224332e+02
7.280000000000000000e+03 -1.661479630096420124e+02
7.290000000000000000e+03 -1.647619781032205424e+02
7.300000000000000000e+03 -1.581250641875431313e+02
7.310000000000000000e+03 -1.653759596764827222e+02
7.320000000000000000e+03 -1.622563763693339354e+02
7.330000000000000000e+03 -1.593340624310486930e+02
7.340000000000000000e+03 -1.679496287964308863e+02
7.350000000000000000e+03 -1.618577123354818923e+02
7.360000000000000000e+03 -1.769643175619011970e+02
7.370000000000000000e+03 -1.703305549140970072e+02
7.380000000000000000e+03 -1.618520400533101053e+02
7.390000000000000000e+03 -1.510712661801285321e+02
7.400000000000000000e+03 -1.602514251568326245e+02
7.410000000000000000e+03 -1.623332100096609736e+02
7.420000000000000000e+03 -1.682437853284510538e+02
7.430000000000000000e+03 -1.574596883000577066e+02
7.440000000000000000e+03 -1.736667162678052421e+02
7.450000000000000000e+03 -1.629550984004959844e+02
7.460000000000000000e+03 -1.625874313833605243e+02
7.470000000000000000e+03 -1.634323149480604229e+02
7.480000000000000000e+03 -1.549479559177632098e+02
7.490000000000000000e+03 -1.753619837920383304e+02
7.500000000000000000e+03 -1.592761363979609541e+02
7.510000000000000000e+03 -1.677804343595287264e+02
7.520000000000000000e+03 -1.521104397331573352e+02
7.530000000000000000e+03 -1.598965923943081293e+02
7.540000000000000000e+03 -1.684387628661340557e+02
7.550000000000000000e+03 -1.541824270076889150e+02
7.560000000000000000e+03 -1.633850459299621320e+02
7.570000000000000000e+03 -1.630377762103333623e+02
7.580000000000000000e+03 -1.630119931095524635e+02
7.590000000000000000e+03 -1.697554771751241844e+02
7.600000000000000000e+03 -1.539548481714629418e+02
7.610000000000000000e+03 -1.560791464926900005e+02
7.620000000000000000e+03 -1.689038327084417404e+02
7.630000000000000000e+03 -1.650473110851956733e+02
7.640000000000000000e+03 -1.643100289944213444e+02
7.650000000000000000e+03 -1.560113082897464949e+02
7.660000000000000000e+03 -1.701218263893308631e+02
7.670000000000000000e+03 -1.750549357096277276e+02
7.680000000000000000e+03 -1.518173145251683991e+02
7.690000000000000000e+03 -1.758287725077314292e+02
7.700000000000000000e+03 -1.548061488634683371e+02
7.710000000000000000e+03 -1.582451561414025605e+02
7.720000000000000000e+03 -1.579295709878444995e+02
7.730000000000000000e+03 -1.692480084559768443e+02
7.740000000000000000e+03 -1.637860017949946894e+02
7.750000000000000000e+03 -1.648577193507869083e+02
7.760000000000000000e+03 -1.652290532978111912e+02
7.770000000000000000e+03 -1.688090081933476085e+02
7.780000000000000000e+03 -1.632247323388845359e+02
7.790000000000000000e+03 1.799083466006219112e+02
7.800000000000000000e+03 -1.682901949098566377e+02
7.810000000000000000e+03 -1.604672010624789209e+02
7.820000000000000000e+03 -1.699037586525040524e+02
7.830000000000000000e+03 -1.620318915052016564e+02
7.840000000000000000e+03 -1.662541320890797465e+02
7.850000000000000000e+03 -1.651851074349246460e+02
7.860000000000000000e+03 1.727481503306515265e+02
7.870000000000000000e+03 -1.675428860576674879e+02
7.880000000000000000e+03 -1.709378901769356958e+02
7.890000000000000000e+03 -1.584385866930387294e+02
7.900000000000000000e+03 -1.634894961360144805e+02
7.910000000000000000e+03 -1.728373598593533700e+02
7.920000000000000000e+03 -1.550584794764439494e+02
7.930000000000000000e+03 -1.621457955148736971e+02
7.940000000000000000e+03 -1.719963724076603739e+02
7.950000000000000000e+03 -1.580087537551315791e+02
7.960000000000000000e+03 -1.638995620299896245e+02
7.970000000000000000e+03 -1.614888421069767048e+02
7.980000000000000000e+03 -1.507313303202774364e+02
7.990000000000000000e+03 -1.695747662865399263e+02
8.000000000000000000e+03 -1.677777987536711635e+02
8.010000000000000000e+03 -1.565261681644510645e+02
8.020000000000000000e+03 -1.687766360779227170e+02
8.030000000000000000e+03 -1.598303011774114850e+02
8.040000000000000000e+03 -1.742658009383940509e+02
8.050000000000000000e+03 -1.716218298969833427e+02
8.060000000000000000e+03 -1.737557539091685896e+02
8.070000000000000000e+03 -1.607829008075960076e+02
8.080000000000000000e+03 -1.630802323829525449e+02
8.090000000000000000e+03 1.764058555989871877e+02
8.100000000000000000e+03 -1.703017924327814399e+02
8.110000000000000000e+03 -1.624433897936646360e+02
8.120000000000000000e+03 -1.596947966588630550e+02
8.130000000000000000e+03 -1.584148089445407948e+02
8.140000000000000000e+03 -1.609762167676731508e+02
8.150000000000000000e+03 -1.657258077061896131e+02
8.160000000000000000e+03 -1.537674909724551924e+02
8.170000000000000000e+03 -1.557055780102647020e+02
8.180000000000000000e+03 -1.665917188219708009e+02
8.190000000000000000e+03 -1.598791744773361359e+02
8.200000000000000000e+03 -1.617022115898834045e+02
8.210000000000000000e+03 -1.608469574890916363e+02
8.220000000000000000e+03 -1.637470406649257768e+02
8.230000000000000000e+03 -1.754435156862854512e+02
8.240000000000000000e+03 -1.626446698670940805e+02
8.250000000000000000e+03 -1.658669272111303314e+02
8.260000000000000000e+03 -1.675048416600708094e+02
8.270000000000000000e+03 -1.724986272108720584e+02
8.280000000000000000e+03 -1.797564554891327191e+02
8.290000000000000000e+03 -1.732604891910575020e+02
8.300000000000000000e+03 -1.587898098214539289e+02
8.310000000000000000e+03 -1.628882342258042115e+02
8.320000000000000000e+03 -1.605549209009134302e+02
8.330000000000000000e+03 -1.659158005110549823e+02
8.340000000000000000e+03 -1.586623840078168257e+02
8.350000000000000000e+03 -1.668473152943786886e+02
8.360000000000000000e+03 -1.646800451385168174e+02
8.370000000000000000e+03 -1.666845379847819970e+02
8.380000000000000000e+03 -1.608771523648950108e+02
8.390000000000000000e+03 -1.738514378609554285e+02
8.400000000000000000e+03 -1.584818450065711204e+02
8.410000000000000000e+03 -1.582784449892996577e+02
8.420000000000000000e+03 -1.505584689534864538e+02
8.430000000000000000e+03 -1.654904366439498631e+02
8.440000000000000000e+03 -1.587666623265306214e+02
8.450000000000000000e+03 -1.685538127913963251e+02
8.460000000000000000e+03 -1.694318133166547966e+02
8.470000000000000000e+03 -1.611396243308444411e+02
8.480000000000000000e+03 -1.710122028029641683e+02
8.490000000000000000e+03 -1.628073898809112450e+02
8.500000000000000000e+03 -1.677606100198172214e+02
8.510000000000000000e+03 -1.520312569658702557e+02
8.520000000000000000e+03 -1.584556035395541187e+02
8.530000000000000000e+03 -1.581017448052813279e+02
8.540000000000000000e+03 -1.618153134586422084e+02
8.550000000000000000e+03 -1.672433437223731119e+02
8.560000000000000000e+03 -1.639600663731554278e+02
8.570000000000000000e+03 -1.670272813378292938e+02
8.580000000000000000e+03 -1.525799213504874956e+02
8.590000000000000000e+03 -1.642343412696845633e+02
8.600000000000000000e+03 -1.704239470347033318e+02
8.610000000000000000e+03 -1.667182279031356984e+02
8.620000000000000000e+03 -1.583687431378122881e+02
8.630000000000000000e+03 -1.611323477668462942e+02
8.640000000000000000e+03 -1.631951104208762615e+02
8.650000000000000000e+03 -1.457162307394973197e+02
8.660000000000000000e+03 -1.655143862797863505e+02
8.670000000000000000e+03 -1.684814482218712897e+02
8.680000000000000000e+03 -1.630582880993990216e+02
8.690000000000000000e+03 -1.579043608448587293e+02
8.700000000000000000e+03 -1.562557320851493330e+02
8.710000000000000000e+03 -1.621307267248617450e+02
8.720000000000000000e+03 -1.579592502016322726e+02
8.730000000000000000e+03 -1.632301181421587728e+02
8.740000000000000000e+03 -1.618185220222949567e+02
8.750000000000000000e+03 -1.681285635158502316e+02
8.760000000000000000e+03 -1.687562387804160551e+02
8.770000000000000000e+03 -1.726097237273479266e+02
8.780000000000000000e+03 -1.605768078886874548e+02
8.790000000000000000e+03 -1.659393490764348655e+02
8.800000000000000000e+03 1.779427002928665900e+02
8.810000000000000000e+03 -1.585539803929780476e+02
8.820000000000000000e+03 -1.706105020927979297e+02
8.830000000000000000e+03 -1.666546295878762010e+02
8.840000000000000000e+03 -1.553670172491218864e+02
8.850000000000000000e+03 -1.594531803566563894e+02
8.860000000000000000e+03 -1.670323233664264251e+02
8.870000000000000000e+03 -1.603936332815841013e+02
8.880000000000000000e+03 -1.641108688648338898e+02
8.890000000000000000e+03 -1.579970654161109280e+02
8.900000000000000000e+03 -1.588390841918351555e+02
8.910000000000000000e+03 -1.669904974473818982e+02
8.920000000000000000e+03 -1.722776946850696049e+02
8.930000000000000000e+03 -1.737638899098594436e+02
8.940000000000000000e+03 -1.579409728479676005e+02
8.950000000000000000e+03 -1.662281771009602949e+02
8.960000000000000000e+03 -1.729432997556730811e+02
8.970000000000000000e+03 1.796664438195176672e+02
8.980000000000000000e+03 -1.620752071145135744e+02
8.990000000000000000e+03 -1.684435184158336369e+02
9.000000000000000000e+03 -1.760242657074300610e+02
9.010000000000000000e+03 -1.697544458510929530e+02
9.020000000000000000e+03 -1.671862198301985529e+02
9.030000000000000000e+03 -1.625384434918768477e+02
9.040000000000000000e+03 -1.704809563353188651e+02
9.050000000000000000e+03 -1.790533216829481660e+02
9.060000000000000000e+03 -1.396946734957904255e+02
9.070000000000000000e+03 -1.658302579122419615e+02
9.080000000000000000e+03 -1.646979787175044123e+02
9.090000000000000000e+03 -1.687129231711041655e+02
9.100000000000000000e+03 -1.594856670636403067e+02
9.110000000000000000e+03 -1.718347410136539679e+02
9.120000000000000000e+03 -1.606358798373654224e+02
9.130000000000000000e+03 -1.409826826192445139e+02
9.140000000000000000e+03 -1.647563058210487554e+02
9.150000000000000000e+03 -1.665757905952661986e+02
9.160000000000000000e+03 -1.663410497866010758e+02
9.170000000000000000e+03 -1.641671906160952119e+02
9.180000000000000000e+03 -1.635669600299162028e+02
9.190000000000000000e+03 -1.688673925926714219e+02
9.200000000000000000e+03 -1.688111854329690971e+02
9.210000000000000000e+03 -1.576446390763259444e+02
9.220000000000000000e+03 -1.739763999560734646e+02
9.230000000000000000e+03 -1.603818876467839516e+02
9.240000000000000000e+03 -1.628411943908239721e+02
9.250000000000000000e+03 -1.719275028806856369e+02
9.260000000000000000e+03 -1.694092960753061448e+02
9.270000000000000000e+03 -1.676265378957566270e+02
9.280000000000000000e+03 -1.654363494280894997e+02
9.290000000000000000e+03 -1.678101135733165279e+02
9.300000000000000000e+03 -1.531252625798930467e+02
9.310000000000000000e+03 -1.603895079854591756e+02
9.320000000000000000e+03 -1.781584761985128580e+02
9.330000000000000000e+03 -1.630814928901018561e+02
9.340000000000000000e+03 -1.646578143760657440e+02
9.350000000000000000e+03 -1.665666805663236119e+02
9.360000000000000000e+03 -1.710397620729099515e+02
9.370000000000000000e+03 -1.531440555955733203e+02
9.380000000000000000e+03 -1.578507892910139958e+02
9.390000000000000000e+03 -1.555550047017043198e+02
9.400000000000000000e+03 -1.625395321116876062e+02
9.410000000000000000e+03 -1.572355472106025331e+02
9.420000000000000000e+03 -1.702744050501742095e+02
9.430000000000000000e+03 -1.717325826387821337e+02
9.440000000000000000e+03 -1.602306840846489138e+02
9.450000000000000000e+03 -1.669474110211880316e+02
9.460000000000000000e+03 -1.736306199267120007e+02
9.470000000000000000e+03 -1.522481787871067809e+02
9.480000000000000000e+03 -1.575770873522800173e+02
9.490000000000000000e+03 -1.645901480604608196e+02
9.500000000000000000e+03 -1.570650922665510905e+02
9.510000000000000000e+03 -1.716458941243788274e+02
9.520000000000000000e+03 -1.622985460630555679e+02
9.530000000000000000e+03 -1.505073038223812603e+02
9.540000000000000000e+03 -1.652149012402714732e+02
9.550000000000000000e+03 -1.633049464302028468e+02
9.560000000000000000e+03 -1.615770203116473169e+02
9.570000000000000000e+03 -1.610859954812202091e+02
9.580000000000000000e+03 -1.568811728143141124e+02
9.590000000000000000e+03 -1.663067296146727472e+02
9.600000000000000000e+03 -1.570531174486328609e+02
9.610000000000000000e+03 -1.676398305166036380e+02
9.620000000000000000e+03 -1.694473977686823787e+02
9.630000000000000000e+03 -1.711991016357358149e+02
9.640000000000000000e+03 -1.591785616854501768e+02
9.650000000000000000e+03 -1.606768463197172707e+02
9.660000000000000000e+03 -1.695064697173603463e+02
9.670000000000000000e+03 -1.608981226201968013e+02
9.680000000000000000e+03 -1.674658805300019253e+02
9.690000000000000000e+03 -1.632229561697196232e+02
9.700000000000000000e+03 -1.642334818329918562e+02
9.710000000000000000e+03 -1.577902849478481926e+02
9.720000000000000000e+03 -1.724330235433295684e+02
9.730000000000000000e+03 -1.614903317972440391e+02
9.740000000000000000e+03 -1.701977432971856956e+02
9.750000000000000000e+03 -1.642232258884590124e+02
9.760000000000000000e+03 -1.573908187730829695e+02
9.770000000000000000e+03 -1.596108583418763658e+02
9.780000000000000000e+03 -1.626322366829397765e+02
9.790000000000000000e+03 -1.697223029187861414e+02
9.800000000000000000e+03 -1.669496455565890471e+02
9.810000000000000000e+03 -1.572531943106925496e+02
9.820000000000000000e+03 -1.586912610806914188e+02
9.830000000000000000e+03 -1.614949727553845946e+02
9.840000000000000000e+03 -1.748024905050930897e+02
9.850000000000000000e+03 -1.574287485791206507e+02
9.860000000000000000e+03 -1.651691219124404881e+02
9.870000000000000000e+03 -1.655926523146012244e+02
9.880000000000000000e+03 -1.711063397687041459e+02
9.890000000000000000e+03 -1.678110303057887336e+02
9.900000000000000000e+03 -1.676411483195324195e+02
9.910000000000000000e+03 -1.535893583939489986e+02
9.920000000000000000e+03 -1.707984895453803631e+02
9.930000000000000000e+03 -1.659351664845304128e+02
9.940000000000000000e+03 -1.719514525165221244e+02
9.950000000000000000e+03 -1.611627145299882216e+02
9.960000000000000000e+03 -1.674048032290409935e+02
9.970000000000000000e+03 -1.592231378019113492e+02
9.980000000000000000e+03 -1.652813070487271148e+02
9.990000000000000000e+03 -1.748509627345611364e+02
