0.000000000000000000e+00 -8.675726933870925306e-01
1.000000000000000000e+01 -7.477385705354809176e+00
2.000000000000000000e+01 -7.530327005624895875e+00
3.000000000000000000e+01 -1.696642622941393697e+01
4.000000000000000000e+01 -1.533750721785700577e+01
5.000000000000000000e+01 -1.669604744589170409e+01
6.000000000000000000e+01 -1.660895786103181848e+01
7.000000000000000000e+01 -1.906522792875765759e+01
8.000000000000000000e+01 3.682514340864826874e+00
9.000000000000000000e+01 2.629417913414374031e+00
1.000000000000000000e+02 8.020148624682237326e+00
1.100000000000000000e+02 -4.801500914755324700e+00
1.200000000000000000e+02 -1.407917730819069391e+01
1.300000000000000000e+02 -1.538609403888410121e+01
1.400000000000000000e+02 -2.636975226732149480e+01
1.500000000000000000e+02 -2.090808938101643477e+01
1.600000000000000000e+02 -1.686295005161331062e+01
1.700000000000000000e+02 4.378658061948777380e+00
1.800000000000000000e+02 -4.496859255084266316e+00
1.900000000000000000e+02 -9.555446332514792473e+00
2.000000000000000000e+02 -9.490129143869877382e+00
2.100000000000000000e+02 -7.337469411783861695e+00
2.200000000000000000e+02 -2.585357458968813749e+00
2.300000000000000000e+02 -2.208717922761615782e+01
2.400000000000000000e+02 -1.967743333285494245e+01
2.500000000000000000e+02 -1.458360935102386868e+01
2.600000000000000000e+02 5.787389392836932878e+00
2.700000000000000000e+02 8.111936463462196656e+00
2.800000000000000000e+02 1.954026723670062182e+01
2.900000000000000000e+02 4.523788271455414289e+00
3.000000000000000000e+02 -9.426416237051329361e+00
3.100000000000000000e+02 -3.172954325765229200e+01
3.200000000000000000e+02 -5.615387462738659075e+00
3.300000000000000000e+02 -4.484483366709440588e+00
3.400000000000000000e+02 7.213595936476578707e+00
3.500000000000000000e+02 -2.400263443251801121e+01
3.600000000000000000e+02 -3.726993054500832869e+01
3.700000000000000000e+02 -2.542064767968728844e+01
3.800000000000000000e+02 -1.209301911136969387e+01
3.900000000000000000e+02 -4.610133011181630103e+00
4.000000000000000000e+02 -8.691827047914101101e+00
4.100000000000000000e+02 -1.269027031701406472e+01
4.200000000000000000e+02 -2.649368303840829242e+01
4.300000000000000000e+02 -1.720070867184293206e+01
4.400000000000000000e+02 -1.521586827795073305e+01
4.500000000000000000e+02 -6.699423611126176681e+00
4.600000000000000000e+02 -2.761198206294463109e+00
4.700000000000000000e+02 -2.489129197276592009e+01
4.800000000000000000e+02 -2.372669795838300644e+01
4.900000000000000000e+02 -3.180952816585255860e+01
5.000000000000000000e+02 -2.469602795618533264e+01
5.100000000000000000e+02 -3.270116508663514310e+01
5.200000000000000000e+02 -8.880043683614577077e+00
5.300000000000000000e+02 -2.073832198631917123e+01
5.400000000000000000e+02 -1.403557521998123647e+01
5.500000000000000000e+02 -2.156870971880227472e+01
5.600000000000000000e+02 -2.874191213072213102e+01
5.700000000000000000e+02 -3.550327247950195186e+01
5.800000000000000000e+02 -3.462830863055766883e+01
5.900000000000000000e+02 -2.186017334918532384e+01
6.000000000000000000e+02 -7.570835121740645768e+00
6.100000000000000000e+02 -1.497797620141241559e+01
6.200000000000000000e+02 -1.452992320562011308e+01
6.300000000000000000e+02 -1.666631093632441107e+01
6.400000000000000000e+02 -2.327635313141018258e+01
6.500000000000000000e+02 -4.261717375962576604e+00
6.600000000000000000e+02 -1.877382159415411778e+01
6.700000000000000000e+02 -4.949495913237616840e+00
6.800000000000000000e+02 8.055270937523756558e+00
6.900000000000000000e+02 -4.175487227795387390e+00
7.000000000000000000e+02 -6.106526884724800652e+00
7.100000000000000000e+02 -2.136823178628599962e+01
7.200000000000000000e+02 -3.877755439133606075e+01
7.300000000000000000e+02 -3.238775717269858490e+01
7.400000000000000000e+02 -2.079596154050933521e+01
7.500000000000000000e+02 -6.563403430562119389e+00
7.600000000000000000e+02 -2.378731689310784958e+01
7.700000000000000000e+02 -1.354243044571213916e+00
7.800000000000000000e+02 -2.675426424363378786e+01
7.900000000000000000e+02 1.374926820975436614e+00
8.000000000000000000e+02 -3.896095818155743729e+01
8.100000000000000000e+02 -3.016731653344858799e+01
8.200000000000000000e+02 -1.565790521689416437e+01
8.300000000000000000e+02 -1.457679115326181218e+01
8.400000000000000000e+02 -3.121542822808140372e+01
8.500000000000000000e+02 -3.158183473806756680e+01
8.600000000000000000e+02 -2.453691757647750649e+01
8.700000000000000000e+02 -3.744113033419341718e+01
8.800000000000000000e+02 -2.173458100049264985e+01
8.900000000000000000e+02 -3.584538557897456457e+00
9.000000000000000000e+02 -2.474822441132175044e+01
9.100000000000000000e+02 -2.801041691367860764e+01
9.200000000000000000e+02 -3.099122984284671745e+01
9.300000000000000000e+02 -2.504833970441127633e+01
9.400000000000000000e+02 1.474220406871608047e+00
9.500000000000000000e+02 6.949290505582728983e+00
9.600000000000000000e+02 9.984133354831673302e+00
9.700000000000000000e+02 1.413372289028714590e+00
9.800000000000000000e+02 -2.062648062470963661e-01
9.900000000000000000e+02 3.771781165346209441e+00
1.000000000000000000e+03 -1.332350327219264940e+01
1.010000000000000000e+03 -3.345116684046139710e+01
1.020000000000000000e+03 -9.726818009038421309e+00
1.030000000000000000e+03 -2.673953922829893060e+01
1.040000000000000000e+03 -6.498487312373797398e-01
1.050000000000000000e+03 -1.907605683108562600e+00
1.060000000000000000e+03 -1.274321161728415319e+01
1.070000000000000000e+03 -1.364722442644156608e+01
1.080000000000000000e+03 -1.854114343355149330e+01
1.090000000000000000e+03 -2.785520264697766990e+01
1.100000000000000000e+03 -5.442640687506715480e+00
1.110000000000000000e+03 1.555924188457263746e+01
1.120000000000000000e+03 1.618382317704474715e+01
1.130000000000000000e+03 8.921812306879614241e+00
1.140000000000000000e+03 1.273083572890932658e+01
1.150000000000000000e+03 -1.877067032628089827e+00
1.160000000000000000e+03 -5.579119234306878283e+00
1.170000000000000000e+03 -2.872552553778138673e+01
1.180000000000000000e+03 -1.220640745902608515e+01
1.190000000000000000e+03 -3.853771425829429997e+00
1.200000000000000000e+03 -7.180536271697528505e+00
1.210000000000000000e+03 -1.594094636768879170e+01
1.220000000000000000e+03 -1.487266655866737075e+01
1.230000000000000000e+03 -3.356741997709343650e+01
1.240000000000000000e+03 -2.461896513274023945e+01
1.250000000000000000e+03 -2.907634759573998906e+01
1.260000000000000000e+03 -2.581117571284845624e+01
1.270000000000000000e+03 -1.645282686185866794e+01
1.280000000000000000e+03 -1.696923372261008112e+01
1.290000000000000000e+03 -1.599182501989640848e+01
1.300000000000000000e+03 -3.522326800502151656e+01
1.310000000000000000e+03 -1.541021556205910947e+01
1.320000000000000000e+03 -4.930359122880247469e+00
1.330000000000000000e+03 -1.622135191262581344e+01
1.340000000000000000e+03 -2.213737033046961677e+00
1.350000000000000000e+03 -3.477206374135598566e+01
1.360000000000000000e+03 -3.782965301507162792e+01
1.370000000000000000e+03 -3.203750807253511113e+01
1.380000000000000000e+03 -9.404357361938792792e+00
1.390000000000000000e+03 -9.090090011309536422e+00
1.400000000000000000e+03 -5.181257341368033842e+00
1.410000000000000000e+03 -2.738050711371177837e+00
1.420000000000000000e+03 -5.951198026464834534e+00
1.430000000000000000e+03 -8.816559959914080480e+00
1.440000000000000000e+03 3.340916903407830318e+00
1.450000000000000000e+03 1.380656398926744854e+00
1.460000000000000000e+03 -1.385944799375802283e+01
1.470000000000000000e+03 -2.484465320824226708e+01
1.480000000000000000e+03 -2.514259126171029735e+01
1.490000000000000000e+03 -1.518664743039906107e+01
1.500000000000000000e+03 -1.797821239983545638e+01
1.510000000000000000e+03 -2.197636919003785749e+01
1.520000000000000000e+03 -1.865951651402552258e+01
1.530000000000000000e+03 -8.008460285661568534e+00
1.540000000000000000e+03 -2.115194021862411589e+01
1.550000000000000000e+03 -2.541950176409702422e+01
1.560000000000000000e+03 -1.466067217446896720e+01
1.570000000000000000e+03 -5.809390972169955702e+00
1.580000000000000000e+03 -1.066858873689495546e+01
1.590000000000000000e+03 -1.360809140903412917e+01
1.600000000000000000e+03 -2.748959827790468680e+01
1.610000000000000000e+03 -1.217615528744317643e+01
1.620000000000000000e+03 -1.748317686484242728e+01
1.630000000000000000e+03 -2.082701585300542613e-01
1.640000000000000000e+03 -4.894434669125544701e+00
1.650000000000000000e+03 -2.395462056928604966e+01
1.660000000000000000e+03 -7.202996217266656842e+00
1.670000000000000000e+03 -4.671405117792919981e+01
1.680000000000000000e+03 -2.555706893070793484e+01
1.690000000000000000e+03 -3.165087615238083174e+01
1.700000000000000000e+03 -2.248773402219211448e+01
1.710000000000000000e+03 -1.317292996363227076e+01
1.720000000000000000e+03 -1.876763364996670447e+01
1.730000000000000000e+03 -2.354524222466507410e+01
1.740000000000000000e+03 -1.134622592119617934e+01
1.750000000000000000e+03 -1.048071587587155840e+01
1.760000000000000000e+03 -1.914383773824960500e+01
1.770000000000000000e+03 -2.281065303552784584e+01
1.780000000000000000e+03 5.632518900813071383e+00
1.790000000000000000e+03 -7.740659812217422220e-02
1.800000000000000000e+03 -1.326059250628728670e+01
1.810000000000000000e+03 -2.279042762535972955e+01
1.820000000000000000e+03 -1.080953635449713701e+01
1.830000000000000000e+03 -1.479147843909733240e+01
1.840000000000000000e+03 -5.804807309808909466e+00
1.850000000000000000e+03 -2.551615974413559229e+01
1.860000000000000000e+03 -2.246733672468545961e+01
1.870000000000000000e+03 -2.203475358936168860e+01
1.880000000000000000e+03 -3.088454510139335696e+01
1.890000000000000000e+03 -2.293143253874142573e+01
1.900000000000000000e+03 -3.201728266236699483e+01
1.910000000000000000e+03 -1.743161066328065090e+01
1.920000000000000000e+03 6.844095454396709854e+00
1.930000000000000000e+03 1.642669998640070295e-01
1.940000000000000000e+03 1.905227908258769887e+01
1.950000000000000000e+03 1.282680615959373993e+00
1.960000000000000000e+03 -6.775455110540036685e+00
1.970000000000000000e+03 -9.678173892231814790e+00
1.980000000000000000e+03 -1.530502051087308857e+01
1.990000000000000000e+03 -1.860038726956801725e+01
2.000000000000000000e+03 -8.870761767333457115e+00
2.010000000000000000e+03 -1.546332874966773652e+01
2.020000000000000000e+03 -2.531419212135197938e+01
2.030000000000000000e+03 -1.928661882079620682e+01
2.040000000000000000e+03 -6.169036580173573592e-01
2.050000000000000000e+03 7.421465024550040646e+00
2.060000000000000000e+03 -1.906156099886882060e+01
2.070000000000000000e+03 -1.743241280419383443e+01
2.080000000000000000e+03 -1.303622223371405653e+01
2.090000000000000000e+03 -1.577444483242377338e+01
2.100000000000000000e+03 -2.303777350551770553e+01
2.110000000000000000e+03 -1.516126540007476642e+01
2.120000000000000000e+03 -1.926473183302221059e+01
2.130000000000000000e+03 -2.065002919008951210e+01
2.140000000000000000e+03 -1.988421380111765302e+01
2.150000000000000000e+03 -4.221363958451512133e+01
2.160000000000000000e+03 -4.463587595921019613e+01
2.170000000000000000e+03 -3.081527450396203704e+01
2.180000000000000000e+03 -3.492235057101880358e+01
2.190000000000000000e+03 -3.378268022072408883e+01
2.200000000000000000e+03 -3.485737715705097628e+01
2.210000000000000000e+03 -5.158396325342314981e+01
2.220000000000000000e+03 -3.304121553804528588e+01
2.230000000000000000e+03 -3.422918623046953712e+01
2.240000000000000000e+03 -3.202696564910470300e+01
2.250000000000000000e+03 -3.357320685082425626e+01
2.260000000000000000e+03 -4.241566450307825420e+01
2.270000000000000000e+03 -4.786346181074114270e+01
2.280000000000000000e+03 -2.829437479694544422e+01
2.290000000000000000e+03 -2.504043288683847024e+01
2.300000000000000000e+03 -4.302895852698628687e+01
2.310000000000000000e+03 -3.836846252561265658e+01
2.320000000000000000e+03 -3.006280903161673024e+01
2.330000000000000000e+03 -2.714777165732964193e+01
2.340000000000000000e+03 -3.958038285387337396e+01
2.350000000000000000e+03 -3.616733056405857383e+01
2.360000000000000000e+03 -4.307439408014015925e+01
2.370000000000000000e+03 -3.258571409091628368e+01
2.380000000000000000e+03 -3.111705137465744286e+01
2.390000000000000000e+03 -2.236855880080490522e+01
2.400000000000000000e+03 -1.067523504731847339e+01
2.410000000000000000e+03 -2.681465399524057958e+01
2.420000000000000000e+03 -3.418025563476536632e+01
2.430000000000000000e+03 -3.436073734023157300e+01
2.440000000000000000e+03 -3.292954606377429627e+01
2.450000000000000000e+03 -1.828411456665580559e+01
2.460000000000000000e+03 -3.444060765687281389e+01
2.470000000000000000e+03 -2.782884658840164960e+01
2.480000000000000000e+03 -2.625235321509918762e+01
2.490000000000000000e+03 -2.582240568563301863e+01
2.500000000000000000e+03 -2.215942920558215334e+01
2.510000000000000000e+03 -8.731647614675694058e+00
2.520000000000000000e+03 -2.018140700945201260e+01
2.530000000000000000e+03 -5.531959078189660062e+01
2.540000000000000000e+03 -2.313511903491043142e+01
2.550000000000000000e+03 -4.361732888680612774e+01
2.560000000000000000e+03 -1.366871034375897054e+01
2.570000000000000000e+03 -4.735673793672744836e+01
2.580000000000000000e+03 -1.718546799449245199e+01
2.590000000000000000e+03 -2.724781008835948271e+01
2.600000000000000000e+03 -2.538185843695692867e+01
2.610000000000000000e+03 -3.962564651968870777e+01
2.620000000000000000e+03 -4.655024254430129815e+01
2.630000000000000000e+03 -4.728683708572148703e+01
2.640000000000000000e+03 -2.858967724455586890e+01
2.650000000000000000e+03 -4.244316647724453162e+01
2.660000000000000000e+03 -3.181199188437162206e+01
2.670000000000000000e+03 -4.083338425604497246e+01
2.680000000000000000e+03 -3.638505452620828606e+01
2.690000000000000000e+03 -4.199482700255466483e+01
2.700000000000000000e+03 -2.178947035726618253e+01
2.710000000000000000e+03 -2.936884255015427669e+01
2.720000000000000000e+03 -3.761290308117363423e+01
2.730000000000000000e+03 -2.807476007407180063e+01
2.740000000000000000e+03 -4.009020069998078384e+01
2.750000000000000000e+03 -3.924892676939019509e+01
2.760000000000000000e+03 -2.799328547560419622e+01
2.770000000000000000e+03 -2.541543376375159724e+01
2.780000000000000000e+03 -1.612618362285458673e+01
2.790000000000000000e+03 -1.512820573529571888e+01
2.800000000000000000e+03 -3.706166038647827321e+01
2.810000000000000000e+03 -4.404618779646154536e+01
2.820000000000000000e+03 -2.730951764289507011e+01
2.830000000000000000e+03 -5.423532545039103070e+01
2.840000000000000000e+03 -2.620302154893842328e+01
2.850000000000000000e+03 -2.907262337007163921e+01
2.860000000000000000e+03 -2.528548693581592488e+01
2.870000000000000000e+03 -2.581140489596650767e+01
2.880000000000000000e+03 -2.671175077523508534e+01
2.890000000000000000e+03 -3.923540496542510425e+01
2.900000000000000000e+03 -2.623568014326088260e+01
2.910000000000000000e+03 -3.113097424907912369e+01
2.920000000000000000e+03 -2.526892845553664202e+01
2.930000000000000000e+03 -4.261935099924725989e+01
2.940000000000000000e+03 -4.669061720410834937e+01
2.950000000000000000e+03 -3.725365854362661366e+01
2.960000000000000000e+03 -3.294375541709353428e+01
2.970000000000000000e+03 -8.344041666269692570e+00
2.980000000000000000e+03 -1.628128329799649876e+01
2.990000000000000000e+03 -3.309117745778069519e+01
3.000000000000000000e+03 -2.928776902214326228e+01
3.010000000000000000e+03 -3.810536030608858482e+01
3.020000000000000000e+03 -1.890772183087619496e+01
3.030000000000000000e+03 -2.467402637685231070e+01
3.040000000000000000e+03 -3.593757448821111211e+01
3.050000000000000000e+03 -3.709706917821736027e+01
3.060000000000000000e+03 -3.085973602886419087e+01
3.070000000000000000e+03 -2.759777270962538864e+01
3.080000000000000000e+03 -2.822143726962529087e+01
3.090000000000000000e+03 -1.716615931679654139e+01
3.100000000000000000e+03 -4.268604328660048708e+01
3.110000000000000000e+03 -4.933590604844784622e+01
3.120000000000000000e+03 -4.433541689144358600e+01
3.130000000000000000e+03 -4.772096720709210871e+01
3.140000000000000000e+03 -3.154419141092747125e+01
3.150000000000000000e+03 -3.345231275605165422e+01
3.160000000000000000e+03 -3.497248437809275146e+01
3.170000000000000000e+03 -3.721853623078509088e+01
3.180000000000000000e+03 -3.591305189457951741e+01
3.190000000000000000e+03 -1.803184124945970623e+01
3.200000000000000000e+03 -3.692369214941077615e+01
3.210000000000000000e+03 -4.601108925908319236e+01
3.220000000000000000e+03 -3.288588667978532243e+01
3.230000000000000000e+03 -4.037868494982914314e+01
3.240000000000000000e+03 -1.375602911173690934e+01
3.250000000000000000e+03 -3.582556123926303826e+01
3.260000000000000000e+03 -3.847044901314594512e+01
3.270000000000000000e+03 -4.370075154177717280e+01
3.280000000000000000e+03 -4.371868512076476776e+01
3.290000000000000000e+03 -3.316354202730571643e+01
3.300000000000000000e+03 -3.574643576775547160e+01
3.310000000000000000e+03 -2.752580921055695740e+01
3.320000000000000000e+03 -2.694895530241924320e+01
3.330000000000000000e+03 -3.180076191158705257e+01
3.340000000000000000e+03 -2.780088624799926578e+01
3.350000000000000000e+03 -3.456052772339369739e+01
3.360000000000000000e+03 -2.294988177974463639e+01
3.370000000000000000e+03 -3.911685999761254351e+01
3.380000000000000000e+03 -3.210574734593519253e+01
3.390000000000000000e+03 -4.722765054548446528e+01
3.400000000000000000e+03 -3.571320421563788017e+01
3.410000000000000000e+03 -3.114833487027159009e+01
3.420000000000000000e+03 -2.547903207901111600e+01
3.430000000000000000e+03 -4.183766467935027578e+01
3.440000000000000000e+03 -3.171155238288518774e+01
3.450000000000000000e+03 -2.417383422170309970e+01
3.460000000000000000e+03 -3.074107646949260086e+01
3.470000000000000000e+03 -2.142420976287028012e+01
3.480000000000000000e+03 -3.508226309163981682e+01
3.490000000000000000e+03 -2.749360898247060447e+01
3.500000000000000000e+03 -2.835006629463216044e+01
3.510000000000000000e+03 -3.571922027248675846e+01
3.520000000000000000e+03 -1.477291460653509425e+01
3.530000000000000000e+03 -3.369536145274614825e+01
3.540000000000000000e+03 -3.972769030300150916e+01
3.550000000000000000e+03 -4.351098792002984794e+01
3.560000000000000000e+03 -1.263497988978394027e+01
3.570000000000000000e+03 -2.411132452625432876e+01
3.580000000000000000e+03 -2.689652966416477398e+01
3.590000000000000000e+03 -2.357910403035730695e+01
3.600000000000000000e+03 -3.454419842623246240e+01
3.610000000000000000e+03 -3.031284781341181755e+01
3.620000000000000000e+03 -3.368367311372548301e+01
3.630000000000000000e+03 -2.373168269120064622e+01
3.640000000000000000e+03 -1.838071525091486080e+01
3.650000000000000000e+03 -2.134869392547204114e+01
3.660000000000000000e+03 -2.803385088749945808e+01
3.670000000000000000e+03 -1.029118143724228140e+01
3.680000000000000000e+03 -1.655246422243191873e+01
3.690000000000000000e+03 -3.499225142202476491e+01
3.700000000000000000e+03 -2.521868005690367198e+01
3.710000000000000000e+03 -8.199828189235262244e+00
3.720000000000000000e+03 -9.539804584707720636e+00
3.730000000000000000e+03 -2.095902532900356618e+01
3.740000000000000000e+03 -1.903474657405669390e+01
3.750000000000000000e+03 -3.076622931669884053e+01
3.760000000000000000e+03 -2.096910938619787146e+01
3.770000000000000000e+03 -4.607417191232710252e+01
3.780000000000000000e+03 -3.077511016252336873e+01
3.790000000000000000e+03 -1.120877334614429621e+00
3.800000000000000000e+03 -1.215289320096086456e+01
3.810000000000000000e+03 -1.433930014718008650e+01
3.820000000000000000e+03 -2.564329907887512405e+01
3.830000000000000000e+03 -5.921289629559005618e+00
3.840000000000000000e+03 -6.454312266369210960e+00
3.850000000000000000e+03 -1.390820670212365506e+01
3.860000000000000000e+03 6.580420277077504210e+00
3.870000000000000000e+03 9.969580226835349279e+00
3.880000000000000000e+03 -9.777524773907498856e-01
3.890000000000000000e+03 -1.690351546350857248e+01
3.900000000000000000e+03 -2.591024011562657492e+01
3.910000000000000000e+03 -2.647494731850751393e+01
3.920000000000000000e+03 -2.400326468609265618e+01
3.930000000000000000e+03 1.105350178366384162e+00
3.940000000000000000e+03 1.313288021375262460e+01
3.950000000000000000e+03 9.233214868533215380e+00
3.960000000000000000e+03 -1.010067297036128231e+01
3.970000000000000000e+03 -3.398057984316226765e+01
3.980000000000000000e+03 -2.246137796361609773e+01
3.990000000000000000e+03 -2.984095977334207817e+01
4.000000000000000000e+03 4.337175917581305384e+00
4.010000000000000000e+03 -1.490629918124155040e+01
4.020000000000000000e+03 -1.835246843161491270e+01
4.030000000000000000e+03 -1.859402743804206892e+01
4.040000000000000000e+03 -1.543387871899801134e+01
4.050000000000000000e+03 -2.908969751236654133e+01
4.060000000000000000e+03 -1.663502744071026740e+01
4.070000000000000000e+03 -1.633640183788808287e+01
4.080000000000000000e+03 -1.534638806368153396e+01
4.090000000000000000e+03 -2.430108814800165717e+01
4.100000000000000000e+03 -2.102726460240364759e+01
4.110000000000000000e+03 -2.021509692780570688e+00
4.120000000000000000e+03 -2.389044929623139524e+01
4.130000000000000000e+03 -3.261562248782211348e+00
4.140000000000000000e+03 -1.872351589974163133e+01
4.150000000000000000e+03 -1.933938823372775673e+01
4.160000000000000000e+03 -1.676291162058346984e+01
4.170000000000000000e+03 -2.116689441707702812e+01
4.180000000000000000e+03 -2.406703488869071705e+01
4.190000000000000000e+03 -7.903437121814088862e+00
4.200000000000000000e+03 -3.282818982981564826e+00
4.210000000000000000e+03 -1.931933471089817544e+01
4.220000000000000000e+03 -1.936356705268227429e+01
4.230000000000000000e+03 -2.697324871293279358e+01
4.240000000000000000e+03 -2.340532593109412574e+01
4.250000000000000000e+03 -1.513874815872612345e+01
4.260000000000000000e+03 -1.867040271213300429e+01
4.270000000000000000e+03 -2.918583983038949015e+01
4.280000000000000000e+03 -3.421073698946632380e+00
4.290000000000000000e+03 -1.504764786930032372e+01
4.300000000000000000e+03 -9.992269355522530816e+00
4.310000000000000000e+03 -1.851375605094424159e+01
4.320000000000000000e+03 -2.387188546366915887e+01
4.330000000000000000e+03 -6.415924094095444730e+00
4.340000000000000000e+03 -2.500502409509938673e+01
4.350000000000000000e+03 -2.380307323247394535e+01
4.360000000000000000e+03 -1.323647098311227843e+01
4.370000000000000000e+03 -1.467522530246528767e+01
4.380000000000000000e+03 -1.645941587650267124e+01
4.390000000000000000e+03 -2.447074095113989500e+01
4.400000000000000000e+03 4.840347453265194666e+00
4.410000000000000000e+03 -2.068503691137200562e+01
4.420000000000000000e+03 -3.115228827905799136e+00
4.430000000000000000e+03 -2.724758090524142862e+00
4.440000000000000000e+03 -2.255047290075894040e+01
4.450000000000000000e+03 -2.061525065192507356e+01
4.460000000000000000e+03 -3.206180148304865440e+01
4.470000000000000000e+03 -2.966586387115009416e+01
4.480000000000000000e+03 -1.091713782842270497e+01
4.490000000000000000e+03 -1.872122406856110999e+01
4.500000000000000000e+03 -1.731782124516767141e+01
4.510000000000000000e+03 -9.103554519495110853e+00
4.520000000000000000e+03 -2.125942710099065636e+01
4.530000000000000000e+03 -1.813669252596864467e+01
4.540000000000000000e+03 -1.523586450500079792e+01
4.550000000000000000e+03 -3.048937611009162385e+00
4.560000000000000000e+03 -8.741788967649508635e+00
4.570000000000000000e+03 -2.124682202949777832e+01
4.580000000000000000e+03 -9.305808621176291595e+00
4.590000000000000000e+03 -2.189185791525606106e+01
4.600000000000000000e+03 -3.143997038799317423e+01
4.610000000000000000e+03 -1.620914791158952895e+01
4.620000000000000000e+03 -1.378565102974517309e+01
4.630000000000000000e+03 3.372945244155643341e+00
4.640000000000000000e+03 6.549251373022388023e+00
4.650000000000000000e+03 4.176117481370030582e+00
4.660000000000000000e+03 -1.724018546392744611e+01
4.670000000000000000e+03 -1.316164269506819195e+01
4.680000000000000000e+03 -2.392224845386115817e+01
4.690000000000000000e+03 -3.069478147964602854e+01
4.700000000000000000e+03 -2.413384176760296995e+01
4.710000000000000000e+03 -1.306561496860426708e+01
4.720000000000000000e+03 -1.177353784480474808e+01
4.730000000000000000e+03 2.635147491365682271e+00
4.740000000000000000e+03 -2.243078201735611188e+01
4.750000000000000000e+03 -2.425846008804392717e+00
4.760000000000000000e+03 -2.682531101023001341e+01
4.770000000000000000e+03 -1.171039789578133039e+01
4.780000000000000000e+03 -1.964752493594911087e+01
4.790000000000000000e+03 -3.455267820160040060e+01
4.800000000000000000e+03 -7.552672359634998500e+00
4.810000000000000000e+03 -2.427089327219826487e+01
4.820000000000000000e+03 -1.737505972890124184e+01
4.830000000000000000e+03 -3.085056870414210195e+01
4.840000000000000000e+03 -1.590760022401217633e+01
4.850000000000000000e+03 -6.453624717015054024e+00
4.860000000000000000e+03 -9.685278568891435569e+00
4.870000000000000000e+03 -1.473131787060859565e+00
4.880000000000000000e+03 -8.488083255965580776e+00
4.890000000000000000e+03 -9.275785632711437856e+00
4.900000000000000000e+03 -1.496582949615564218e+01
4.910000000000000000e+03 -6.761417644559331919e+00
4.920000000000000000e+03 -3.161947806520766591e+01
4.930000000000000000e+03 -1.891539946533094607e+01
4.940000000000000000e+03 -2.104542736450929752e+01
4.950000000000000000e+03 1.377218652155959733e+00
4.960000000000000000e+03 -2.043373762242762837e+01
4.970000000000000000e+03 -4.047603047922187613e+00
4.980000000000000000e+03 -8.381226627173681720e+00
4.990000000000000000e+03 -6.272455462194687748e+00
5.000000000000000000e+03 -2.577015193471708798e+01
5.010000000000000000e+03 -1.446403305918006588e+01
5.020000000000000000e+03 -1.804014913748910098e+00
5.030000000000000000e+03 -7.096196884254272419e+00
5.040000000000000000e+03 3.123021053919578183e+00
5.050000000000000000e+03 -3.513205312403668845e+00
5.060000000000000000e+03 4.691836792767285047e+00
5.070000000000000000e+03 -1.039694944622343264e+01
5.080000000000000000e+03 -2.399604541787400791e+01
5.090000000000000000e+03 -2.660099803343629432e+01
5.100000000000000000e+03 -3.111848376914527492e+01
5.110000000000000000e+03 -1.433695102022004875e+01
5.120000000000000000e+03 -2.498772076968643674e+01
5.130000000000000000e+03 -5.083969107754820804e+00
5.140000000000000000e+03 -5.234141345858609462e+00
5.150000000000000000e+03 -3.215135478642760347e+01
5.160000000000000000e+03 -3.495128493967290950e+01
5.170000000000000000e+03 -2.308699058011944416e+01
5.180000000000000000e+03 -1.539468840581106157e+01
5.190000000000000000e+03 -2.484585641961204772e+01
5.200000000000000000e+03 -2.816437067323026255e+01
5.210000000000000000e+03 -4.601315190714566938e+01
5.220000000000000000e+03 -2.603755133770464170e+01
5.230000000000000000e+03 -1.431689749739047102e+01
5.240000000000000000e+03 -5.275795377564620026e+00
5.250000000000000000e+03 -5.104309109481964590e+00
5.260000000000000000e+03 -1.079429567714665694e+01
5.270000000000000000e+03 -2.267027837572079463e+01
5.280000000000000000e+03 -1.930346377997305396e+01
5.290000000000000000e+03 -3.195551781205189101e+01
5.300000000000000000e+03 -9.614632872751805337e+00
5.310000000000000000e+03 -1.601972806451927767e+01
5.320000000000000000e+03 -8.257696926543477645e+00
5.330000000000000000e+03 -2.444598917439024532e+01
5.340000000000000000e+03 -3.648457729522250759e+01
5.350000000000000000e+03 -1.449388416030638460e+01
5.360000000000000000e+03 -1.254634331887720222e+01
5.370000000000000000e+03 -9.820382016983284501e+00
5.380000000000000000e+03 -4.959866449329484617e+00
5.390000000000000000e+03 -1.244292443685608873e+01
5.400000000000000000e+03 1.202409228861545776e+00
5.410000000000000000e+03 -6.999309721097650261e+00
5.420000000000000000e+03 -2.141727697354919968e+01
5.430000000000000000e+03 -1.094458250680947131e+01
5.440000000000000000e+03 -8.270130110697815340e+00
5.450000000000000000e+03 -1.875909657881925696e+01
5.460000000000000000e+03 -2.378170190671556838e+01
5.470000000000000000e+03 -1.554537630593046948e+01
5.480000000000000000e+03 -2.023629636622554795e+00
5.490000000000000000e+03 -3.647403487179210657e+01
5.500000000000000000e+03 -3.733370074760638602e+01
5.510000000000000000e+03 -2.273152756402027919e+01
5.520000000000000000e+03 1.263108377677705185e+01
5.530000000000000000e+03 8.420760715037709510e-01
5.540000000000000000e+03 -9.792708155478466736e+00
5.550000000000000000e+03 -2.010107832657466886e+01
5.560000000000000000e+03 -2.508942077832215745e+01
5.570000000000000000e+03 -1.527018467692913539e+01
5.580000000000000000e+03 -1.572889468771087351e+01
5.590000000000000000e+03 -1.288639377028734545e+00
5.600000000000000000e+03 1.453267340303674082e+01
5.610000000000000000e+03 6.126408520215839815e+00
5.620000000000000000e+03 2.264329206357013347e-01
5.630000000000000000e+03 1.543319116964385618e+00
5.640000000000000000e+03 -1.166484775106843053e+01
5.650000000000000000e+03 -9.866906189947906469e+00
5.660000000000000000e+03 -7.146559874446270832e+00
5.670000000000000000e+03 -4.895580584715806260e+00
5.680000000000000000e+03 2.236827232190733650e+00
5.690000000000000000e+03 8.802236015035809658e+00
5.700000000000000000e+03 4.956543294117725651e+00
5.710000000000000000e+03 -8.257066672968832677e+00
5.720000000000000000e+03 -2.541377218614571731e+01
5.730000000000000000e+03 -1.722563233593112386e+01
5.740000000000000000e+03 -3.386352456561704827e+01
5.750000000000000000e+03 -3.369559063586419967e+01
5.760000000000000000e+03 -1.540013150486480598e+01
5.770000000000000000e+03 -1.877330593213850207e+01
5.780000000000000000e+03 -1.042548274442094680e+01
5.790000000000000000e+03 -4.943537152168255844e+00
5.800000000000000000e+03 -1.708159074623523210e+01
5.810000000000000000e+03 -1.529063927021530489e+01
5.820000000000000000e+03 -2.175578043891248647e+00
5.830000000000000000e+03 -1.449457170966053887e+01
5.840000000000000000e+03 -3.346016227784494479e+00
5.850000000000000000e+03 -1.492709754920479881e+01
5.860000000000000000e+03 -2.362723248514829777e+01
5.870000000000000000e+03 -2.224434155082054332e+01
5.880000000000000000e+03 -1.929057222958260809e+01
5.890000000000000000e+03 -3.038383728422853380e+01
5.900000000000000000e+03 -2.869246587300233742e+01
5.910000000000000000e+03 -3.221065591822364382e+01
5.920000000000000000e+03 -7.060902684074212843e+00
5.930000000000000000e+03 -3.106548517309567004e+01
5.940000000000000000e+03 -3.618486307258957879e+01
5.950000000000000000e+03 -3.429771198276718280e+01
5.960000000000000000e+03 -3.979249182963080500e+01
5.970000000000000000e+03 -3.873160317616657267e+01
5.980000000000000000e+03 -3.979455447769327492e+01
5.990000000000000000e+03 -4.587145944440980827e+01
6.000000000000000000e+03 -2.644108551281528463e+01
6.010000000000000000e+03 -3.537670610255754866e+01
6.020000000000000000e+03 -4.203413190730064031e+01
6.030000000000000000e+03 -3.086219974738325433e+01
6.040000000000000000e+03 -3.310842348741413588e+01
6.050000000000000000e+03 -3.020816842424142123e+01
6.060000000000000000e+03 -4.415613839734714929e+01
6.070000000000000000e+03 -4.427382392846702430e+01
6.080000000000000000e+03 -3.295710533372007944e+01
6.090000000000000000e+03 -4.360833344942257384e+01
6.100000000000000000e+03 -2.975392748426170186e+01
6.110000000000000000e+03 -4.066275742465501253e+01
6.120000000000000000e+03 -3.847170952029522795e+01
6.130000000000000000e+03 -3.181909656103123751e+01
6.140000000000000000e+03 -2.410026644080830138e+01
6.150000000000000000e+03 -3.152230442315347503e+01
6.160000000000000000e+03 -4.642424912515203062e+01
6.170000000000000000e+03 -3.487215946816534995e+01
6.180000000000000000e+03 -2.904804348066052810e+01
6.190000000000000000e+03 -2.646698320515519498e+01
6.200000000000000000e+03 -3.282813253403613629e+01
6.210000000000000000e+03 -1.744994531272483940e+01
6.220000000000000000e+03 -3.257030152622726860e+01
6.230000000000000000e+03 -4.596508074813419142e+01
6.240000000000000000e+03 -4.446284270508068204e+01
6.250000000000000000e+03 -3.573640900634067918e+01
6.260000000000000000e+03 -3.720295177875753012e+01
6.270000000000000000e+03 -2.217111754460282214e+01
6.280000000000000000e+03 -2.660747245652127546e+01
6.290000000000000000e+03 -3.673656413352104977e+01
6.300000000000000000e+03 -3.375655334526611995e+01
6.310000000000000000e+03 -2.909410928738904900e+01
6.320000000000000000e+03 -3.141716666774696876e+01
6.330000000000000000e+03 -4.024266476926509029e+01
6.340000000000000000e+03 -4.079745980229026259e+01
6.350000000000000000e+03 -3.856435679576788544e+01
6.360000000000000000e+03 -2.155106261871224405e+01
6.370000000000000000e+03 -3.634328590294325068e+01
6.380000000000000000e+03 -2.955780403098842513e+01
6.390000000000000000e+03 -3.399301302731660712e+01
6.400000000000000000e+03 -4.086936600557918098e+01
6.410000000000000000e+03 -3.969680787784395903e+01
6.420000000000000000e+03 -4.013070881609652929e+01
6.430000000000000000e+03 -3.714456737943370257e+01
6.440000000000000000e+03 -3.779728089964673643e+01
6.450000000000000000e+03 -4.007415788171711313e+01
6.460000000000000000e+03 -2.785554642165474704e+01
6.470000000000000000e+03 -2.560210341340521722e+01
6.480000000000000000e+03 -2.573061784685306108e+01
6.490000000000000000e+03 -2.839607480558116492e+01
6.500000000000000000e+03 -5.205653884284704702e+01
6.510000000000000000e+03 -4.501557509004338442e+01
6.520000000000000000e+03 -3.849869583244588966e+01
6.530000000000000000e+03 -7.668868200487529485e+00
6.540000000000000000e+03 -3.463661651858706847e+01
6.550000000000000000e+03 -2.502782781534559220e+01
6.560000000000000000e+03 -4.167884077854001390e+01
6.570000000000000000e+03 -2.896685536109049153e+01
6.580000000000000000e+03 -3.925540119247516913e+01
6.590000000000000000e+03 -4.732814734275041957e+01
6.600000000000000000e+03 -3.377614850185959483e+01
6.610000000000000000e+03 -5.238461447633896029e+01
6.620000000000000000e+03 -3.872071697805908030e+01
6.630000000000000000e+03 -2.865350474293344618e+01
6.640000000000000000e+03 -3.181365346197749844e+01
6.650000000000000000e+03 -2.845829802213237159e+01
6.660000000000000000e+03 -1.768250888176844171e+01
6.670000000000000000e+03 -1.985419081265279928e+01
6.680000000000000000e+03 -2.021859197035600175e+01
6.690000000000000000e+03 -3.120545876244612771e+01
6.700000000000000000e+03 -3.156218228569458262e+01
6.710000000000000000e+03 -1.373207947590044053e+00
6.720000000000000000e+03 -6.534297174569473121e+00
6.730000000000000000e+03 9.030387809056904302e+00
6.740000000000000000e+03 -2.176689582013802848e+01
6.750000000000000000e+03 -1.941301331040206435e+01
6.760000000000000000e+03 -1.894800076387389254e+01
6.770000000000000000e+03 -1.956244070337218233e+01
6.780000000000000000e+03 -4.098367108570778461e-01
6.790000000000000000e+03 -1.700997102184387932e+00
6.800000000000000000e+03 -4.825049480135201740e+00
6.810000000000000000e+03 -2.398372682527869415e+01
6.820000000000000000e+03 -5.926274362376643623e+00
6.830000000000000000e+03 -1.114958680590727980e+01
6.840000000000000000e+03 1.018564261137918336e+01
6.850000000000000000e+03 6.548907598345309333e-01
6.860000000000000000e+03 1.634046983823351340e+01
6.870000000000000000e+03 -1.098050696056417586e+01
6.880000000000000000e+03 -1.184555863965269218e+01
6.890000000000000000e+03 -1.027164357642831938e+01
6.900000000000000000e+03 -2.426951817348994922e+01
6.910000000000000000e+03 -2.033312623360265192e+01
6.920000000000000000e+03 -2.574184781963762703e+01
6.930000000000000000e+03 -2.026517343910013835e+01
6.940000000000000000e+03 -2.218286317940300378e+01
6.950000000000000000e+03 -1.462182563595909635e+01
6.960000000000000000e+03 -9.379605585189141337e+00
6.970000000000000000e+03 -1.177382432370231236e+01
6.980000000000000000e+03 -2.779435452913477533e+01
6.990000000000000000e+03 -1.683647940147826816e+01
7.000000000000000000e+03 3.479859168727054808e+00
7.010000000000000000e+03 -3.026202645698371541e+01
7.020000000000000000e+03 -1.786069875605412705e+01
7.030000000000000000e+03 -3.562135908107840976e+00
7.040000000000000000e+03 1.281534700369112434e+00
7.050000000000000000e+03 -2.116981650183219799e+01
7.060000000000000000e+03 -1.931561048522982560e+01
7.070000000000000000e+03 -2.323383966301147296e+01
7.080000000000000000e+03 -2.016227021909464412e+01
7.090000000000000000e+03 -2.916830732185848518e+01
7.100000000000000000e+03 -1.813073376489928279e+01
7.110000000000000000e+03 -3.118855650748977126e+01
7.120000000000000000e+03 -1.663938191995326221e+01
7.130000000000000000e+03 -2.928077893704266899e+01
7.140000000000000000e+03 -2.479704041546689908e+01
7.150000000000000000e+03 -1.856429092847477946e+01
7.160000000000000000e+03 -1.305644764388217283e+01
7.170000000000000000e+03 -1.962603901863170464e+01
7.180000000000000000e+03 -2.918457932324020376e+01
7.190000000000000000e+03 -1.711029593177128660e+01
7.200000000000000000e+03 -1.126744422436569160e+01
7.210000000000000000e+03 5.977725972379391628e+00
7.220000000000000000e+03 2.078530452551989782e+01
7.230000000000000000e+03 3.077814683883756341e+00
7.240000000000000000e+03 -6.050434316581494026e-02
7.250000000000000000e+03 -9.932910927946977608e+00
7.260000000000000000e+03 -2.768847192859459838e+01
7.270000000000000000e+03 -1.078942553588804643e+01
7.280000000000000000e+03 -2.719945245045044047e+01
7.290000000000000000e+03 -1.469252862787824121e+01
7.300000000000000000e+03 -2.493626915968368962e+01
7.310000000000000000e+03 -2.853713701474237396e+01
7.320000000000000000e+03 -3.755085175196096969e+01
7.330000000000000000e+03 -2.156349580286658707e+01
7.340000000000000000e+03 -1.298809377892306571e+01
7.350000000000000000e+03 -1.053314151412602762e+01
7.360000000000000000e+03 -1.919924275703875471e+00
7.370000000000000000e+03 -3.045259221964423091e+01
7.380000000000000000e+03 -1.753474306640420011e+01
7.390000000000000000e+03 -1.821822442021575839e+01
7.400000000000000000e+03 -3.169831705781766207e+00
7.410000000000000000e+03 -2.957722730024335611e+00
7.420000000000000000e+03 -1.771705823681482883e+01
7.430000000000000000e+03 -1.168008842841891060e+01
7.440000000000000000e+03 -9.884782473155988569e+00
7.450000000000000000e+03 -2.658684597589656562e+01
7.460000000000000000e+03 -9.636004198510184082e+00
7.470000000000000000e+03 -2.685986036527640053e+01
7.480000000000000000e+03 -1.006841544649541653e+01
7.490000000000000000e+03 -1.564300831422076143e+01
7.500000000000000000e+03 -1.198369876405873313e+01
7.510000000000000000e+03 -1.260071701363511742e+01
7.520000000000000000e+03 -1.259034647754324787e+01
7.530000000000000000e+03 -3.237784500284281997e+00
7.540000000000000000e+03 -2.117652010803522700e+01
7.550000000000000000e+03 -2.006778947867756813e+01
7.560000000000000000e+03 -1.757141236529257355e+01
7.570000000000000000e+03 -1.959126048046726609e+01
7.580000000000000000e+03 -2.130268541452303666e+01
7.590000000000000000e+03 -3.990645313508232306e+01
7.600000000000000000e+03 -1.785663075570870006e+01
7.610000000000000000e+03 -9.417649982785826879e+00
7.620000000000000000e+03 -7.258229348717268881e-01
7.630000000000000000e+03 -1.126830366105838799e+01
7.640000000000000000e+03 -8.834837313578754348e+00
7.650000000000000000e+03 -5.412674994821373708e+00
7.660000000000000000e+03 8.779546886348631674e+00
7.670000000000000000e+03 -5.684085102374845100e+00
7.680000000000000000e+03 -2.210047184846319368e+01
7.690000000000000000e+03 -2.459902620146968388e+01
7.700000000000000000e+03 -5.114908828691885567e+00
7.710000000000000000e+03 -1.015080677743522841e+01
7.720000000000000000e+03 7.504142834387418581e+00
7.730000000000000000e+03 -6.605000166488617097e+00
7.740000000000000000e+03 1.944830751058212215e+01
7.750000000000000000e+03 -6.915600587229035756e-02
7.760000000000000000e+03 -2.490034470592898685e+01
7.770000000000000000e+03 -2.846637672704371624e+01
7.780000000000000000e+03 -1.708239288714841564e+01
7.790000000000000000e+03 -2.219369208173097618e+01
7.800000000000000000e+03 -3.228525502314968065e+01
7.810000000000000000e+03 -2.572632066338957912e+01
7.820000000000000000e+03 1.951666137554123326e+00
7.830000000000000000e+03 7.822249002244051397e+00
7.840000000000000000e+03 -1.805103533559658580e+00
7.850000000000000000e+03 4.346343242303398746e+00
7.860000000000000000e+03 -1.482768937174960122e+01
7.870000000000000000e+03 -6.428128095131731889e+00
7.880000000000000000e+03 -1.131477053824349710e+01
7.890000000000000000e+03 -6.358857497700415529e+00
7.900000000000000000e+03 -1.068486073827667049e+01
7.910000000000000000e+03 -1.638705130697764645e+01
7.920000000000000000e+03 -1.272797093993367312e+01
7.930000000000000000e+03 -6.798602605463321957e+00
7.940000000000000000e+03 -1.376513914067948896e+01
7.950000000000000000e+03 -2.003662057462245372e+01
7.960000000000000000e+03 -2.792596293467632407e+01
7.970000000000000000e+03 -7.398202938067727885e+00
7.980000000000000000e+03 -9.409399390535945429e+00
7.990000000000000000e+03 -3.052146174661895528e-01
8.000000000000000000e+03 -9.764232153060461883e+00
8.010000000000000000e+03 8.104373420566467701e+00
8.020000000000000000e+03 -4.153371056903337077e+00
8.030000000000000000e+03 -1.203429093736878563e+01
8.040000000000000000e+03 -2.842730100541579219e+01
8.050000000000000000e+03 -2.581449886806021610e+01
8.060000000000000000e+03 -1.869618581291389248e+01
8.070000000000000000e+03 -2.612464092256453085e+01
8.080000000000000000e+03 -1.811062294629018865e+01
8.090000000000000000e+03 -2.648967233384237829e+01
8.100000000000000000e+03 -1.064458180527897291e+01
8.110000000000000000e+03 -8.957221098618699529e+00
8.120000000000000000e+03 -4.592829685768678338e+00
8.130000000000000000e+03 -8.153647790947719187e+00
8.140000000000000000e+03 -1.657721599918156841e+01
8.150000000000000000e+03 -1.718082703635189290e+01
8.160000000000000000e+03 -2.928954519130816792e+01
8.170000000000000000e+03 -3.502364950919793785e+01
8.180000000000000000e+03 -2.039202629494210228e+01
8.190000000000000000e+03 -2.021566988560083544e+00
8.200000000000000000e+03 -7.590430278334120651e+00
8.210000000000000000e+03 -1.009912598431442987e+01
8.220000000000000000e+03 5.016818454165488106e+00
8.230000000000000000e+03 -1.712570849646030680e-01
8.240000000000000000e+03 -1.629308622857619326e+01
8.250000000000000000e+03 -2.020461180015480807e+01
8.260000000000000000e+03 -1.658747194371440870e+01
8.270000000000000000e+03 -9.041331302943904191e+00
8.280000000000000000e+03 -1.776495750848776822e+01
8.290000000000000000e+03 -5.470601027909100189e+00
8.300000000000000000e+03 -1.856423363269526305e+01
8.310000000000000000e+03 -3.380164512374291608e+00
8.320000000000000000e+03 3.029170567077149379e+00
8.330000000000000000e+03 5.698924709268733402e+00
8.340000000000000000e+03 -1.408668305530690645e+01
8.350000000000000000e+03 -3.384748174735338289e+00
8.360000000000000000e+03 -1.345110097316828401e+01
8.370000000000000000e+03 -9.199811429077088931e+00
8.380000000000000000e+03 -2.231745096547923524e+01
8.390000000000000000e+03 7.937929181080964014e+00
8.400000000000000000e+03 -1.786339165769124193e+01
8.410000000000000000e+03 -2.097506814726722979e+01
8.420000000000000000e+03 -2.408290581961583854e+01
8.430000000000000000e+03 -2.377809227260624070e+01
8.440000000000000000e+03 -1.034773237162169401e+01
8.450000000000000000e+03 6.262428700779898438e-02
8.460000000000000000e+03 1.879519291991249830e+01
8.470000000000000000e+03 8.722308402615061240e+00
8.480000000000000000e+03 5.681506792296755926e+00
8.490000000000000000e+03 -1.359858030963496001e+00
8.500000000000000000e+03 -2.997829775683493292e+00
8.510000000000000000e+03 5.614356138707424115e+00
8.520000000000000000e+03 -2.435380026515369423e+01
8.530000000000000000e+03 -3.140834311770195342e+01
8.540000000000000000e+03 -3.094344516273280732e+01
8.550000000000000000e+03 -1.841772832448031494e+01
8.560000000000000000e+03 -9.617440365947945935e+00
8.570000000000000000e+03 2.574299373522788703e-01
8.580000000000000000e+03 -5.725108880506211584e+00
8.590000000000000000e+03 -2.072331049208674614e+01
8.600000000000000000e+03 -1.611753196014810996e+01
8.610000000000000000e+03 -1.053847002162074453e+01
8.620000000000000000e+03 -1.864628118895799602e+01
8.630000000000000000e+03 -9.442344463755967254e+00
8.640000000000000000e+03 -5.508187059269681995e+00
8.650000000000000000e+03 -4.278184182994635876e+01
8.660000000000000000e+03 -2.064808113358606789e+01
8.670000000000000000e+03 -1.368515423247922591e+01
8.680000000000000000e+03 -2.292335383383008107e+01
8.690000000000000000e+03 -1.100863918830509824e+01
8.700000000000000000e+03 -1.351481387998683203e+01
8.710000000000000000e+03 -1.147565708711623245e+01
8.720000000000000000e+03 -1.553391715002785389e+01
8.730000000000000000e+03 -2.948864802511613092e+01
8.740000000000000000e+03 -1.042427953305117150e+01
8.750000000000000000e+03 7.552729655414511800e-01
8.760000000000000000e+03 -9.377600232906183608e-01
8.770000000000000000e+03 -9.894350868334674587e+00
8.780000000000000000e+03 -2.630443507867657971e+01
8.790000000000000000e+03 -2.539217167726928537e+01
8.800000000000000000e+03 -2.066876490999029059e+01
8.810000000000000000e+03 -4.258640592602723274e+01
8.820000000000000000e+03 -2.097546921772381978e+01
8.830000000000000000e+03 -3.349465433711181817e+01
8.840000000000000000e+03 -2.913364337525307235e+01
8.850000000000000000e+03 -2.736366215453493567e+01
8.860000000000000000e+03 -2.069936085625027644e+01
8.870000000000000000e+03 -1.622570639186880825e+01
8.880000000000000000e+03 -2.720248912676463249e+01
8.890000000000000000e+03 -2.941783044163796035e+01
8.900000000000000000e+03 -2.057537278938396597e+01
8.910000000000000000e+03 -2.593842963914701016e+01
8.920000000000000000e+03 -2.281220002157470006e+01
8.930000000000000000e+03 -2.496669321860513691e+01
8.940000000000000000e+03 -1.131454135512544568e+01
8.950000000000000000e+03 -1.626455293037868088e+01
8.960000000000000000e+03 -8.655100453246214798e+00
8.970000000000000000e+03 -1.588657267293087472e+01
8.980000000000000000e+03 -1.631634831505850869e+01
8.990000000000000000e+03 -2.345540244238856431e+01
9.000000000000000000e+03 -4.520797431764831487e+01
9.010000000000000000e+03 -2.899263846187137972e+01
9.020000000000000000e+03 -3.612315551805398428e+01
9.030000000000000000e+03 -1.012966463479490287e+01
9.040000000000000000e+03 -1.463488907368807901e+01
9.050000000000000000e+03 1.040668972874065545e+01
9.060000000000000000e+03 -1.713241210266333425e+01
9.070000000000000000e+03 -4.408852937752171464e+00
9.080000000000000000e+03 -5.457480294400604670e+00
9.090000000000000000e+03 -1.256828760243071130e+01
9.100000000000000000e+03 -3.707632810603362117e+01
9.110000000000000000e+03 -1.715303858328804765e+01
9.120000000000000000e+03 -2.954886588938438052e+01
9.130000000000000000e+03 -2.961968347286255110e+01
9.140000000000000000e+03 -1.417377264016679206e+01
9.150000000000000000e+03 -8.740757643618273676e+00
9.160000000000000000e+03 -8.318258565488804379e+00
9.170000000000000000e+03 -1.728350107323933216e+01
9.180000000000000000e+03 -1.193121583002475106e+01
9.190000000000000000e+03 -3.763341497023932902e+01
9.200000000000000000e+03 -1.261400963448215151e+01
9.210000000000000000e+03 -3.491324054207622396e+01
9.220000000000000000e+03 -1.265743983535306860e+01
9.230000000000000000e+03 -2.515135751597579983e+01
9.240000000000000000e+03 -2.379877604901046340e+01
9.250000000000000000e+03 -1.930902147058581875e+01
9.260000000000000000e+03 -2.088895259065906629e+01
9.270000000000000000e+03 -7.660503016678618771e+00
9.280000000000000000e+03 -2.442948798989047532e+01
9.290000000000000000e+03 5.351998764317019708e-01
9.300000000000000000e+03 -1.090287117932394700e+01
9.310000000000000000e+03 -3.701192764986091532e+01
9.320000000000000000e+03 -2.577399075194446354e+01
9.330000000000000000e+03 -2.932111516581987942e+01
9.340000000000000000e+03 -8.348854511748792007e+00
9.350000000000000000e+03 -1.257327233524835108e+01
9.360000000000000000e+03 -1.231859259531269934e+01
9.370000000000000000e+03 -1.612102700269840483e+01
9.380000000000000000e+03 -1.254903622051431533e+01
9.390000000000000000e+03 -3.632758685935666421e+01
9.400000000000000000e+03 -2.318765926472392636e+01
9.410000000000000000e+03 -1.914188968174616079e+01
9.420000000000000000e+03 -4.021590764023247999e+00
9.430000000000000000e+03 -2.304052370293433327e+01
9.440000000000000000e+03 -2.489753721273284270e+01
9.450000000000000000e+03 -2.988232732615052356e+01
9.460000000000000000e+03 -2.857180096134778680e+01
9.470000000000000000e+03 -2.887077033884705379e+00
9.480000000000000000e+03 -1.708267936604597992e+01
9.490000000000000000e+03 -1.094320740810115744e+01
9.500000000000000000e+03 -7.139226014668596854e+00
9.510000000000000000e+03 -8.330004200288986027e+00
9.520000000000000000e+03 4.483337451119179029e+00
9.530000000000000000e+03 4.314773267791690792e+00
9.540000000000000000e+03 -8.185103173900401430e+00
9.550000000000000000e+03 -2.992386676629750664e+00
9.560000000000000000e+03 -8.901816079829547590e+00
9.570000000000000000e+03 -1.332166980724823091e+01
9.580000000000000000e+03 -1.174150950405693372e+01
9.590000000000000000e+03 -1.614509123009390379e+01
9.600000000000000000e+03 -3.244350596616481397e+01
9.610000000000000000e+03 -2.352031856057688586e+01
9.620000000000000000e+03 -1.890313816851514517e+01
9.630000000000000000e+03 -1.457381177272713302e+01
9.640000000000000000e+03 -1.076965849195603120e+01
9.650000000000000000e+03 -9.485201706831752233e+00
9.660000000000000000e+03 -8.284683238694139362e+00
9.670000000000000000e+03 -3.509618596606149765e+01
9.680000000000000000e+03 -1.188411869926499520e+01
9.690000000000000000e+03 -3.655253008972502471e+01
9.700000000000000000e+03 -3.245347543180009353e+01
9.710000000000000000e+03 -2.524887493270706784e+01
9.720000000000000000e+03 -1.485289951473535730e+01
9.730000000000000000e+03 -1.987137954650672356e+01
9.740000000000000000e+03 -1.190634946171607211e+01
9.750000000000000000e+03 -3.110295661289722702e+01
9.760000000000000000e+03 -2.400292091141557904e+01
9.770000000000000000e+03 -2.240946798737724421e+01
9.780000000000000000e+03 -2.208007455095653526e+01
9.790000000000000000e+03 -5.175183988739648022e+00
9.800000000000000000e+03 1.398292039860871405e+01
9.810000000000000000e+03 7.216346133893205561e+00
9.820000000000000000e+03 1.414861979296054839e+00
9.830000000000000000e+03 -1.553815703771182122e+01
9.840000000000000000e+03 -1.114219565035009296e+01
9.850000000000000000e+03 -3.438875497641347323e+01
9.860000000000000000e+03 -2.018833979877309659e+01
9.870000000000000000e+03 -1.727244298779330833e+01
9.880000000000000000e+03 2.149393872653770021e+00
9.890000000000000000e+03 1.593808157871313469e+01
9.900000000000000000e+03 1.198071938352405397e+01
9.910000000000000000e+03 -2.303112719509418937e+01
9.920000000000000000e+03 -1.232237411676056382e+01
9.930000000000000000e+03 -2.066572823367609502e+01
9.940000000000000000e+03 -1.354220126259408552e+01
9.950000000000000000e+03 -3.317196450689414178e+01
9.960000000000000000e+03 -1.241421925132003423e+01
9.970000000000000000e+03 -2.069907437735271216e+01
9.980000000000000000e+03 -1.882086142913436078e+01
9.990000000000000000e+03 -2.781452264352337878e+01
