0.000000000000000000e+00 -4.344200380149609941e+01
1.000000000000000000e+01 -5.558607345241194508e+01
2.000000000000000000e+01 -4.331578119922877335e+01
3.000000000000000000e+01 -4.664615567920619554e+01
4.000000000000000000e+01 -4.507161036240718488e+01
5.000000000000000000e+01 -5.172330658919896251e+01
6.000000000000000000e+01 -4.063926615505464213e+01
7.000000000000000000e+01 -6.301538799875527985e+01
8.000000000000000000e+01 -4.486139214737368519e+01
9.000000000000000000e+01 -4.517325307526338918e+01
1.000000000000000000e+02 -4.250453025710304189e+01
1.100000000000000000e+02 -4.947244189102752188e+01
1.200000000000000000e+02 -6.057682232689897717e+01
1.300000000000000000e+02 -4.276259044802996812e+01
1.400000000000000000e+02 -6.214924769985601216e+01
1.500000000000000000e+02 -5.317512434628095974e+01
1.600000000000000000e+02 -5.722891533839055711e+01
1.700000000000000000e+02 -4.309020771528577143e+01
1.800000000000000000e+02 -5.621369142119825568e+01
1.900000000000000000e+02 -4.041942224906294712e+01
2.000000000000000000e+02 -5.296719796242798139e+01
2.100000000000000000e+02 -4.269727325938504947e+01
2.200000000000000000e+02 -3.394660344591101619e+01
2.300000000000000000e+02 -5.409517997370203091e+01
2.400000000000000000e+02 -6.287209125419306588e+01
2.500000000000000000e+02 -5.045701256618033170e+01
2.600000000000000000e+02 -3.482913033775101752e+01
2.700000000000000000e+02 -5.168554867049984125e+01
2.800000000000000000e+02 -3.550436109931269613e+01
2.900000000000000000e+02 -5.525593517085756190e+01
3.000000000000000000e+02 -5.787320637901516562e+01
3.100000000000000000e+02 -5.590183049330853748e+01
3.200000000000000000e+02 -4.884912110570469679e+01
3.300000000000000000e+02 -5.638970405586243828e+01
3.400000000000000000e+02 -4.838594202412094347e+01
3.500000000000000000e+02 -6.856648959688025968e+01
3.600000000000000000e+02 -5.372762754812561070e+01
3.700000000000000000e+02 -5.581737651430626102e+01
3.800000000000000000e+02 -4.957333975875006615e+01
3.900000000000000000e+02 -3.945920228020320764e+01
4.000000000000000000e+02 -5.263883585003850385e+01
4.100000000000000000e+02 -4.785205995061804174e+01
4.200000000000000000e+02 -6.244042485134149700e+01
4.300000000000000000e+02 -5.694232184926612206e+01
4.400000000000000000e+02 -4.624938240607810513e+01
4.500000000000000000e+02 -4.481188859387437873e+01
4.600000000000000000e+02 -3.740102328853426172e+01
4.700000000000000000e+02 -6.489887215868883175e+01
4.800000000000000000e+02 -5.080571468029695126e+01
4.900000000000000000e+02 -5.310550997417255559e+01
5.000000000000000000e+02 -4.650360377977764870e+01
5.100000000000000000e+02 -6.132676678494571831e+01
5.200000000000000000e+02 -3.856916964124697955e+01
5.300000000000000000e+02 -5.692467474917609138e+01
5.400000000000000000e+02 -5.418673862936393704e+01
5.500000000000000000e+02 -5.774755673454297522e+01
5.600000000000000000e+02 -3.966758703029228172e+01
5.700000000000000000e+02 -6.072080662081536673e+01
5.800000000000000000e+02 -5.865684075541559395e+01
5.900000000000000000e+02 -6.209367079372832166e+01
6.000000000000000000e+02 -4.336814954170372971e+01
6.100000000000000000e+02 -5.261683427070548191e+01
6.200000000000000000e+02 -5.766470703736706582e+01
6.300000000000000000e+02 -6.201362858974854220e+01
6.400000000000000000e+02 -4.843968546530421548e+01
6.500000000000000000e+02 -4.441265160222722841e+01
6.600000000000000000e+02 -5.033566010517162681e+01
6.700000000000000000e+02 -5.938415338055465753e+01
6.800000000000000000e+02 -3.169253018408684497e+01
6.900000000000000000e+02 -5.493399018577355974e+01
7.000000000000000000e+02 -4.399026711565677772e+01
7.100000000000000000e+02 -5.993218751159729152e+01
7.200000000000000000e+02 -5.818976556082494511e+01
7.300000000000000000e+02 -5.425686866348794979e+01
7.400000000000000000e+02 -3.096298302354676935e+01
7.500000000000000000e+02 -5.833105695310420202e+01
7.600000000000000000e+02 -4.615438600364541344e+01
7.700000000000000000e+02 -4.256285736064736369e+01
7.800000000000000000e+02 -4.998151489200125752e+01
7.900000000000000000e+02 -4.902404512055814223e+01
8.000000000000000000e+02 -6.204829253635396924e+01
8.100000000000000000e+02 -4.398728773512210211e+01
8.200000000000000000e+02 -6.367904501285531893e+01
8.300000000000000000e+02 -5.286165913656488158e+01
8.400000000000000000e+02 -6.708911792213542924e+01
8.500000000000000000e+02 -5.541567580414003658e+01
8.600000000000000000e+02 -4.804417269932540790e+01
8.700000000000000000e+02 -6.456483776412756015e+01
8.800000000000000000e+02 -4.121457307714550922e+01
8.900000000000000000e+02 -4.999589613265904120e+01
9.000000000000000000e+02 -6.258715934267450365e+01
9.100000000000000000e+02 -5.686577468783664102e+01
9.200000000000000000e+02 -6.018125226514067094e+01
9.300000000000000000e+02 -4.181354315617527106e+01
9.400000000000000000e+02 -3.488969197669635491e+01
9.500000000000000000e+02 -5.330146154010729731e+01
9.600000000000000000e+02 -5.314899747082299086e+01
9.700000000000000000e+02 -5.147727851196978577e+01
9.800000000000000000e+02 -4.238879278248661819e+01
9.900000000000000000e+02 -4.356931502357416264e+01
1.000000000000000000e+03 -4.682457473660993941e+01
1.010000000000000000e+03 -5.137987568679754702e+01
1.020000000000000000e+03 -5.506112952051308440e+01
1.030000000000000000e+03 -4.977731273381663613e+01
1.040000000000000000e+03 -3.548751614013585254e+01
1.050000000000000000e+03 -4.439729633331771907e+01
1.060000000000000000e+03 -5.830985751468436007e+01
1.070000000000000000e+03 -4.285300318810161002e+01
1.080000000000000000e+03 -4.594073004184112818e+01
1.090000000000000000e+03 -6.292474607556557942e+01
1.100000000000000000e+03 -4.821812268592712769e+01
1.110000000000000000e+03 -3.803448542683089784e+01
1.120000000000000000e+03 -2.839418404485723357e+01
1.130000000000000000e+03 -4.631000134080294828e+01
1.140000000000000000e+03 -6.330541923465050758e+01
1.150000000000000000e+03 -4.961430624110191445e+01
1.160000000000000000e+03 -5.465633483825315864e+01
1.170000000000000000e+03 -5.284131913483773957e+01
1.180000000000000000e+03 -5.139677794175391057e+01
1.190000000000000000e+03 -4.181898625522900659e+01
1.200000000000000000e+03 -4.521794378328359443e+01
1.210000000000000000e+03 -5.623185418330390206e+01
1.220000000000000000e+03 -4.928582953715341120e+01
1.230000000000000000e+03 -5.911898851296812296e+01
1.240000000000000000e+03 -4.230113023983160048e+01
1.250000000000000000e+03 -5.518528947471794055e+01
1.260000000000000000e+03 -5.104028360162350708e+01
1.270000000000000000e+03 -4.296249542275111111e+01
1.280000000000000000e+03 -5.046893008831904837e+01
1.290000000000000000e+03 -3.857805048707150775e+01
1.300000000000000000e+03 -6.103965763380566045e+01
1.310000000000000000e+03 -4.715293684899940985e+01
1.320000000000000000e+03 -4.978447470625577154e+01
1.330000000000000000e+03 -4.749436239911786828e+01
1.340000000000000000e+03 -5.244683769289016340e+01
1.350000000000000000e+03 -6.147109485353917080e+01
1.360000000000000000e+03 -6.125102176442941726e+01
1.370000000000000000e+03 -5.416359113444065088e+01
1.380000000000000000e+03 -5.326284418471548321e+01
1.390000000000000000e+03 -5.027211908569161380e+01
1.400000000000000000e+03 -6.030443819109378722e+01
1.410000000000000000e+03 -3.237927739733064669e+01
1.420000000000000000e+03 -4.547119112873141944e+01
1.430000000000000000e+03 -4.900903362632571714e+01
1.440000000000000000e+03 -3.278435855848813674e+01
1.450000000000000000e+03 -5.763863745768860980e+01
1.460000000000000000e+03 -5.374733729627811130e+01
1.470000000000000000e+03 -6.580242660161013646e+01
1.480000000000000000e+03 -4.009879506690774065e+01
1.490000000000000000e+03 -4.527650006994596765e+01
1.500000000000000000e+03 -4.321156017629447632e+01
1.510000000000000000e+03 -5.458488700120035020e+01
1.520000000000000000e+03 -4.943130352133713501e+01
1.530000000000000000e+03 -4.763582567873567086e+01
1.540000000000000000e+03 -4.422111181131499080e+01
1.550000000000000000e+03 -5.748273564163351068e+01
1.560000000000000000e+03 -4.604265923359490387e+01
1.570000000000000000e+03 -3.928026756078384807e+01
1.580000000000000000e+03 -5.358891446592443231e+01
1.590000000000000000e+03 -5.151199975435471856e+01
1.600000000000000000e+03 -5.388415961775534413e+01
1.610000000000000000e+03 -3.865385280336732166e+01
1.620000000000000000e+03 -4.780874434130615214e+01
1.630000000000000000e+03 -3.578740225010732701e+01
1.640000000000000000e+03 -4.998415049785886310e+01
1.650000000000000000e+03 -6.203482802816838415e+01
1.660000000000000000e+03 -4.279433230988021108e+01
1.670000000000000000e+03 -5.980000614826060712e+01
1.680000000000000000e+03 -4.838353560138138931e+01
1.690000000000000000e+03 -3.673008971043606863e+01
1.700000000000000000e+03 -6.282000939061567379e+01
1.710000000000000000e+03 -4.885731440217507071e+01
1.720000000000000000e+03 -6.203196323919273425e+01
1.730000000000000000e+03 -5.757188787455586265e+01
1.740000000000000000e+03 -4.752392702134661562e+01
1.750000000000000000e+03 -3.914441926755832668e+01
1.760000000000000000e+03 -4.228537390046550115e+01
1.770000000000000000e+03 -4.306041390993897267e+01
1.780000000000000000e+03 -4.690347102499945464e+01
1.790000000000000000e+03 -5.042951059201404718e+01
1.800000000000000000e+03 -5.016446031598653121e+01
1.810000000000000000e+03 -4.886625254377911176e+01
1.820000000000000000e+03 -3.752667293300645213e+01
1.830000000000000000e+03 -5.331005590703426833e+01
1.840000000000000000e+03 -5.385035510784263124e+01
1.850000000000000000e+03 -6.378212012019934463e+01
1.860000000000000000e+03 -4.746342267818080529e+01
1.870000000000000000e+03 -4.741735687145228439e+01
1.880000000000000000e+03 -6.052978249191873772e+01
1.890000000000000000e+03 -5.167746996558850014e+01
1.900000000000000000e+03 -6.736591383296313040e+01
1.910000000000000000e+03 -6.153944871849827791e+01
1.920000000000000000e+03 -3.636110489037181281e+01
1.930000000000000000e+03 -6.137426498616206061e+01
1.940000000000000000e+03 -3.787119245521861899e+01
1.950000000000000000e+03 -4.352548375224665733e+01
1.960000000000000000e+03 -4.113321307023693407e+01
1.970000000000000000e+03 -4.350944093398299373e+01
1.980000000000000000e+03 -4.114805267713081349e+01
1.990000000000000000e+03 -5.709948417247050401e+01
2.000000000000000000e+03 -5.310631211508574268e+01
2.010000000000000000e+03 -5.915829341771409133e+01
2.020000000000000000e+03 -5.583032536047621619e+01
2.030000000000000000e+03 -4.229242128134561085e+01
2.040000000000000000e+03 -3.489834363940282458e+01
2.050000000000000000e+03 -2.220738577303460204e+01
2.060000000000000000e+03 -4.573366309468084978e+01
2.070000000000000000e+03 -4.570341092309794107e+01
2.080000000000000000e+03 -2.545811911948884187e+01
2.090000000000000000e+03 -4.655070091053740811e+01
2.100000000000000000e+03 -4.522825702359595113e+01
2.110000000000000000e+03 -4.038418534466240573e+01
2.120000000000000000e+03 -5.067794509198277098e+01
2.130000000000000000e+03 -4.141676988304717355e+01
2.140000000000000000e+03 -4.169895159714910449e+01
2.150000000000000000e+03 -6.997642413913818871e+01
2.160000000000000000e+03 -6.479390629062086759e+01
2.170000000000000000e+03 -4.626290421004319597e+01
2.180000000000000000e+03 -4.507086551727351065e+01
2.190000000000000000e+03 -4.461794238022260117e+01
2.200000000000000000e+03 -5.737897298493531650e+01
2.210000000000000000e+03 -6.723665455438161587e+01
2.220000000000000000e+03 -4.920074530457648621e+01
2.230000000000000000e+03 -5.738619225315397188e+01
2.240000000000000000e+03 -4.857255437799505415e+01
2.250000000000000000e+03 -5.115825561164094637e+01
2.260000000000000000e+03 -5.619633080000578218e+01
2.270000000000000000e+03 -6.024462139728212406e+01
2.280000000000000000e+03 -4.242460264468229525e+01
2.290000000000000000e+03 -3.818173558017952018e+01
2.300000000000000000e+03 -5.897288427520975773e+01
2.310000000000000000e+03 -4.568719621749573889e+01
2.320000000000000000e+03 -4.386020569616208320e+01
2.330000000000000000e+03 -4.619856104964999588e+01
2.340000000000000000e+03 -5.583531009329385597e+01
2.350000000000000000e+03 -5.206054954741296115e+01
2.360000000000000000e+03 -5.990308125560464703e+01
2.370000000000000000e+03 -4.331119753686773066e+01
2.380000000000000000e+03 -4.390174513630906716e+01
2.390000000000000000e+03 -4.234570635629277291e+01
2.400000000000000000e+03 -3.414278419496380934e+01
2.410000000000000000e+03 -4.498308838305946722e+01
2.420000000000000000e+03 -4.864434598972494683e+01
2.430000000000000000e+03 -5.386645522188580060e+01
2.440000000000000000e+03 -3.688765310409704767e+01
2.450000000000000000e+03 -4.239967898059409634e+01
2.460000000000000000e+03 -4.655396676996964800e+01
2.470000000000000000e+03 -4.087847603452176770e+01
2.480000000000000000e+03 -3.748587833799313529e+01
2.490000000000000000e+03 -4.035421965197706129e+01
2.500000000000000000e+03 -3.919151639831808609e+01
2.510000000000000000e+03 -2.740697776384682527e+01
2.520000000000000000e+03 -4.649392079303994052e+01
2.530000000000000000e+03 -6.834664569088856467e+01
2.540000000000000000e+03 -3.813028397017676951e+01
2.550000000000000000e+03 -5.237521796849881639e+01
2.560000000000000000e+03 -3.164909998321592610e+01
2.570000000000000000e+03 -5.936140695608796847e+01
2.580000000000000000e+03 -4.439076461445322508e+01
2.590000000000000000e+03 -4.650732800544600565e+01
2.600000000000000000e+03 -4.614831265101702940e+01
2.610000000000000000e+03 -5.683529333313568088e+01
2.620000000000000000e+03 -4.841516287167261368e+01
2.630000000000000000e+03 -6.321775669199548986e+01
2.640000000000000000e+03 -3.890412076828046395e+01
2.650000000000000000e+03 -5.222464465993843419e+01
2.660000000000000000e+03 -4.039719148661187376e+01
2.670000000000000000e+03 -5.711489673715952620e+01
2.680000000000000000e+03 -5.049855200632731567e+01
2.690000000000000000e+03 -5.808222138267888823e+01
2.700000000000000000e+03 -3.308000478077563855e+01
2.710000000000000000e+03 -5.146673608853937765e+01
2.720000000000000000e+03 -4.884980865505885816e+01
2.730000000000000000e+03 -4.743723850694332356e+01
2.740000000000000000e+03 -5.411488972185453150e+01
2.750000000000000000e+03 -5.527186339756219979e+01
2.760000000000000000e+03 -4.222429659950455516e+01
2.770000000000000000e+03 -5.221845671575101733e+01
2.780000000000000000e+03 -4.689103784084511517e+01
2.790000000000000000e+03 -4.232765818574615935e+01
2.800000000000000000e+03 -4.534261939950406628e+01
2.810000000000000000e+03 -5.659596886210953670e+01
2.820000000000000000e+03 -3.831609418313769311e+01
2.830000000000000000e+03 -6.902829357975571156e+01
2.840000000000000000e+03 -4.107310979752770663e+01
2.850000000000000000e+03 -4.243927036423763610e+01
2.860000000000000000e+03 -5.147945575159128140e+01
2.870000000000000000e+03 -4.380932704395446819e+01
2.880000000000000000e+03 -5.014778724414822619e+01
2.890000000000000000e+03 -5.076721191646416287e+01
2.900000000000000000e+03 -4.343117489916812701e+01
2.910000000000000000e+03 -5.302833255916844024e+01
2.920000000000000000e+03 -5.022049558835032457e+01
2.930000000000000000e+03 -5.723888480402582957e+01
2.940000000000000000e+03 -5.914150575431675350e+01
2.950000000000000000e+03 -4.654210654361043709e+01
2.960000000000000000e+03 -5.580574547106510863e+01
2.970000000000000000e+03 -3.252343357858556061e+01
2.980000000000000000e+03 -4.308825965878232722e+01
2.990000000000000000e+03 -4.651242732982266403e+01
3.000000000000000000e+03 -5.025670652100259161e+01
3.010000000000000000e+03 -5.041260833705769073e+01
3.020000000000000000e+03 -4.076755140538444522e+01
3.030000000000000000e+03 -4.156190009255381312e+01
3.040000000000000000e+03 -4.634214427310978124e+01
3.050000000000000000e+03 -5.721917505587332897e+01
3.060000000000000000e+03 -4.349041873518465451e+01
3.070000000000000000e+03 -4.631882489084796362e+01
3.080000000000000000e+03 -4.722667651723274673e+01
3.090000000000000000e+03 -4.092144786915658017e+01
3.100000000000000000e+03 -5.824763429813315696e+01
3.110000000000000000e+03 -6.266513889859180608e+01
3.120000000000000000e+03 -5.500463588191318820e+01
3.130000000000000000e+03 -6.036540090049570750e+01
3.140000000000000000e+03 -5.136698413640709759e+01
3.150000000000000000e+03 -5.570416005398841008e+01
3.160000000000000000e+03 -5.172158771581356973e+01
3.170000000000000000e+03 -4.670648813503347441e+01
3.180000000000000000e+03 -4.653872609261917148e+01
3.190000000000000000e+03 -4.504640021942142880e+01
3.200000000000000000e+03 -5.786220558934866176e+01
3.210000000000000000e+03 -5.053963308023818968e+01
3.220000000000000000e+03 -4.720988885383541600e+01
3.230000000000000000e+03 -5.755624612674878904e+01
3.240000000000000000e+03 -3.033049491350185178e+01
3.250000000000000000e+03 -5.163931097643278179e+01
3.260000000000000000e+03 -4.445144084495758108e+01
3.270000000000000000e+03 -5.413013039920500802e+01
3.280000000000000000e+03 -5.607188436690337596e+01
3.290000000000000000e+03 -4.766321306134292257e+01
3.300000000000000000e+03 -5.544604256728197100e+01
3.310000000000000000e+03 -3.871527387900534478e+01
3.320000000000000000e+03 -5.215755130212861701e+01
3.330000000000000000e+03 -4.660140767540647744e+01
3.340000000000000000e+03 -4.241411751703139998e+01
3.350000000000000000e+03 -4.984308828869765051e+01
3.360000000000000000e+03 -5.166033852751408517e+01
3.370000000000000000e+03 -5.561941959608856223e+01
3.380000000000000000e+03 -4.602804880981906166e+01
3.390000000000000000e+03 -6.188133263485283919e+01
3.400000000000000000e+03 -4.867064475252144717e+01
3.410000000000000000e+03 -5.015133958247803747e+01
3.420000000000000000e+03 -4.509882585767589802e+01
3.430000000000000000e+03 -6.075243389110657688e+01
3.440000000000000000e+03 -3.991774040364639831e+01
3.450000000000000000e+03 -3.979655982997623198e+01
3.460000000000000000e+03 -4.641399318061919388e+01
3.470000000000000000e+03 -4.159278251771136325e+01
3.480000000000000000e+03 -5.490683198628435235e+01
3.490000000000000000e+03 -4.398877742538944347e+01
3.500000000000000000e+03 -4.906529808180756191e+01
3.510000000000000000e+03 -5.672843670434378538e+01
3.520000000000000000e+03 -3.571606900461353717e+01
3.530000000000000000e+03 -5.450215189558345941e+01
3.540000000000000000e+03 -4.627866054940928819e+01
3.550000000000000000e+03 -5.548150865480057092e+01
3.560000000000000000e+03 -3.409282227522840003e+01
3.570000000000000000e+03 -4.805878312310124301e+01
3.580000000000000000e+03 -4.797398536942188230e+01
3.590000000000000000e+03 -5.357705423956522850e+01
3.600000000000000000e+03 -4.888332668607401388e+01
3.610000000000000000e+03 -5.528274959566969216e+01
3.620000000000000000e+03 -5.205762746265779839e+01
3.630000000000000000e+03 -5.248763228790348023e+01
3.640000000000000000e+03 -5.220911750369038629e+01
3.650000000000000000e+03 -4.905836529248647793e+01
3.660000000000000000e+03 -5.027148883211697239e+01
3.670000000000000000e+03 -4.431971784785700663e+01
3.680000000000000000e+03 -4.730878136927499611e+01
3.690000000000000000e+03 -5.540639388785891839e+01
3.700000000000000000e+03 -4.824041074415771391e+01
3.710000000000000000e+03 -4.026925001095916201e+01
3.720000000000000000e+03 -4.294020736452051779e+01
3.730000000000000000e+03 -5.706825797263587674e+01
3.740000000000000000e+03 -6.164326867097597784e+01
3.750000000000000000e+03 -5.118495544489403670e+01
3.760000000000000000e+03 -4.536645444378150671e+01
3.770000000000000000e+03 -7.344894944808756065e+01
3.780000000000000000e+03 -5.438435177290455869e+01
3.790000000000000000e+03 -4.386570609099533868e+01
3.800000000000000000e+03 -4.978516225560992581e+01
3.810000000000000000e+03 -4.715986963832049383e+01
3.820000000000000000e+03 -5.337692008172602698e+01
3.830000000000000000e+03 -3.823559361292181791e+01
3.840000000000000000e+03 -4.292147164461974285e+01
3.850000000000000000e+03 -4.850803933026332260e+01
3.860000000000000000e+03 -4.149898932664844864e+01
3.870000000000000000e+03 -4.527082778777416650e+01
3.880000000000000000e+03 -4.854373460089997394e+01
3.890000000000000000e+03 -5.075495061964835486e+01
3.900000000000000000e+03 -5.508748557908910470e+01
3.910000000000000000e+03 -5.028546900231815897e+01
3.920000000000000000e+03 -5.615983338845595085e+01
3.930000000000000000e+03 -4.099289570620939571e+01
3.940000000000000000e+03 -3.470640277803399698e+01
3.950000000000000000e+03 -3.556457896358094928e+01
3.960000000000000000e+03 -5.601344267180002845e+01
3.970000000000000000e+03 -5.134452419083797281e+01
3.980000000000000000e+03 -4.338339021905421333e+01
3.990000000000000000e+03 -5.017763834527454492e+01
4.000000000000000000e+03 -4.804468836134102361e+01
4.010000000000000000e+03 -5.411700966569651428e+01
4.020000000000000000e+03 -6.016033930561838616e+01
4.030000000000000000e+03 -4.823049857430195431e+01
4.040000000000000000e+03 -4.752713558499935687e+01
4.050000000000000000e+03 -5.959683531410721713e+01
4.060000000000000000e+03 -5.524522086008862232e+01
4.070000000000000000e+03 -4.521897510731483294e+01
4.080000000000000000e+03 -5.755544398583560906e+01
4.090000000000000000e+03 -6.661178678301195077e+01
4.100000000000000000e+03 -5.900204782698190797e+01
4.110000000000000000e+03 -3.768670004518649108e+01
4.120000000000000000e+03 -5.043661526867366973e+01
4.130000000000000000e+03 -4.201476593382520974e+01
4.140000000000000000e+03 -4.971388630589564883e+01
4.150000000000000000e+03 -5.067897641601401659e+01
4.160000000000000000e+03 -4.971268309452587886e+01
4.170000000000000000e+03 -4.504468134603603602e+01
4.180000000000000000e+03 -5.878334983658047719e+01
4.190000000000000000e+03 -4.490493693980362622e+01
4.200000000000000000e+03 -3.869201179252303291e+01
4.210000000000000000e+03 -5.112525324264140636e+01
4.220000000000000000e+03 -4.338178593722784626e+01
4.230000000000000000e+03 -5.288807249092041474e+01
4.240000000000000000e+03 -4.670539951522272304e+01
4.250000000000000000e+03 -5.448685392245346293e+01
4.260000000000000000e+03 -5.185852462884983538e+01
4.270000000000000000e+03 -5.974276766452704379e+01
4.280000000000000000e+03 -4.516683594795792089e+01
4.290000000000000000e+03 -4.723733353222218767e+01
4.300000000000000000e+03 -5.387820085668598580e+01
4.310000000000000000e+03 -3.664787026683479354e+01
4.320000000000000000e+03 -6.576988259884672061e+01
4.330000000000000000e+03 -5.865111117746428704e+01
4.340000000000000000e+03 -4.390077110805734861e+01
4.350000000000000000e+03 -5.315673240105725483e+01
4.360000000000000000e+03 -5.740085997270931273e+01
4.370000000000000000e+03 -5.962072765416417752e+01
4.380000000000000000e+03 -4.835179373953114634e+01
4.390000000000000000e+03 -5.999698903822658735e+01
4.400000000000000000e+03 -4.294421806908643902e+01
4.410000000000000000e+03 -4.145424132284873053e+01
4.420000000000000000e+03 -4.178277532257674665e+01
4.430000000000000000e+03 -4.972356929263335701e+01
4.440000000000000000e+03 -5.322594570270906189e+01
4.450000000000000000e+03 -4.043953306767203770e+01
4.460000000000000000e+03 -4.913600107372670323e+01
4.470000000000000000e+03 -5.119177364265609498e+01
4.480000000000000000e+03 -5.851142406701139009e+01
4.490000000000000000e+03 -5.988096508471259938e+01
4.500000000000000000e+03 -5.211910583407533437e+01
4.510000000000000000e+03 -4.665303117274776668e+01
4.520000000000000000e+03 -5.327848593252255682e+01
4.530000000000000000e+03 -6.121595674736741444e+01
4.540000000000000000e+03 -4.597596694624167668e+01
4.550000000000000000e+03 -4.793439398577834254e+01
4.560000000000000000e+03 -5.729635247087745853e+01
4.570000000000000000e+03 -5.762036010402393771e+01
4.580000000000000000e+03 -4.881720735651591525e+01
4.590000000000000000e+03 -5.230147830026547950e+01
4.600000000000000000e+03 -5.049001493517986461e+01
4.610000000000000000e+03 -4.117904969384739644e+01
4.620000000000000000e+03 -4.632008539799724645e+01
4.630000000000000000e+03 -2.969399609889101654e+01
4.640000000000000000e+03 -4.518614462565383150e+01
4.650000000000000000e+03 -4.001491404570059274e+01
4.660000000000000000e+03 -6.010436132903409856e+01
4.670000000000000000e+03 -4.986325640308626106e+01
4.680000000000000000e+03 -5.862395297797507965e+01
4.690000000000000000e+03 -5.927517680792078636e+01
4.700000000000000000e+03 -5.227517953746897206e+01
4.710000000000000000e+03 -4.293602477261606509e+01
4.720000000000000000e+03 -4.831638494779206638e+01
4.730000000000000000e+03 -4.529546497296479401e+01
4.740000000000000000e+03 -5.947078459917843674e+01
4.750000000000000000e+03 -5.539527850663338171e+01
4.760000000000000000e+03 -6.077775862565136578e+01
4.770000000000000000e+03 -5.045071003043388913e+01
4.780000000000000000e+03 -4.299985227099363527e+01
4.790000000000000000e+03 -5.925701404581513287e+01
4.800000000000000000e+03 -4.044721070212679592e+01
4.810000000000000000e+03 -5.969859261852244714e+01
4.820000000000000000e+03 -4.579588631123206000e+01
4.830000000000000000e+03 -6.118352733616301720e+01
4.840000000000000000e+03 -3.987390913231889300e+01
4.850000000000000000e+03 -3.381648473063680171e+01
4.860000000000000000e+03 -4.341902819391134472e+01
4.870000000000000000e+03 -3.912173013887115047e+01
4.880000000000000000e+03 -4.796367212910952560e+01
4.890000000000000000e+03 -4.616744944137439433e+01
4.900000000000000000e+03 -3.902833801826482585e+01
4.910000000000000000e+03 -4.289116217725732128e+01
4.920000000000000000e+03 -5.961694613271632193e+01
4.930000000000000000e+03 -4.779751436852158264e+01
4.940000000000000000e+03 -4.851382620399414236e+01
4.950000000000000000e+03 -3.145887799523249484e+01
4.960000000000000000e+03 -5.026999914184962392e+01
4.970000000000000000e+03 -3.447017227910156123e+01
4.980000000000000000e+03 -5.396970221656838618e+01
4.990000000000000000e+03 -4.167196528499844277e+01
5.000000000000000000e+03 -5.959568939851696001e+01
5.010000000000000000e+03 -4.449326676400212932e+01
5.020000000000000000e+03 -4.330478040956226238e+01
5.030000000000000000e+03 -4.524057561619126488e+01
5.040000000000000000e+03 -5.242735712785572133e+01
5.050000000000000000e+03 -6.488666815765255080e+01
5.060000000000000000e+03 -5.545297535660305499e+01
5.070000000000000000e+03 -5.307353892920426119e+01
5.080000000000000000e+03 -6.841459848539106758e+01
5.090000000000000000e+03 -4.828538793107548344e+01
5.100000000000000000e+03 -5.669675213827304816e+01
5.110000000000000000e+03 -4.735370126041325278e+01
5.120000000000000000e+03 -5.815544538889660942e+01
5.130000000000000000e+03 -4.737988543165072741e+01
5.140000000000000000e+03 -5.166136985154532368e+01
5.150000000000000000e+03 -5.142193078896014669e+01
5.160000000000000000e+03 -5.358049198633601407e+01
5.170000000000000000e+03 -5.378200124288352413e+01
5.180000000000000000e+03 -5.307995605650972948e+01
5.190000000000000000e+03 -6.292984539994224491e+01
5.200000000000000000e+03 -5.529770379412259729e+01
5.210000000000000000e+03 -6.546449609404197645e+01
5.220000000000000000e+03 -5.429032939872358554e+01
5.230000000000000000e+03 -4.966209092121582103e+01
5.240000000000000000e+03 -4.311730861899545886e+01
5.250000000000000000e+03 -5.528910942719564048e+01
5.260000000000000000e+03 -4.625064291322738796e+01
5.270000000000000000e+03 -5.702471318020592861e+01
5.280000000000000000e+03 -5.265980610534029438e+01
5.290000000000000000e+03 -6.987214582042439304e+01
5.300000000000000000e+03 -4.219381524480359502e+01
5.310000000000000000e+03 -4.967859210571559458e+01
5.320000000000000000e+03 -4.245376619645445260e+01
5.330000000000000000e+03 -5.238576039192921741e+01
5.340000000000000000e+03 -6.719179195902286494e+01
5.350000000000000000e+03 -4.654646102285343545e+01
5.360000000000000000e+03 -4.126785815209267128e+01
5.370000000000000000e+03 -5.756168922580253167e+01
5.380000000000000000e+03 -4.148329028306186217e+01
5.390000000000000000e+03 -4.538627878349302591e+01
5.400000000000000000e+03 -6.307090760910345040e+01
5.410000000000000000e+03 -3.994077330701065875e+01
5.420000000000000000e+03 -4.935945461382772237e+01
5.430000000000000000e+03 -4.280367152194084213e+01
5.440000000000000000e+03 -4.502479971054498975e+01
5.450000000000000000e+03 -6.694433148730587391e+01
5.460000000000000000e+03 -4.933338503414927345e+01
5.470000000000000000e+03 -5.050353673914495545e+01
5.480000000000000000e+03 -4.948991710377901398e+01
5.490000000000000000e+03 -7.390834700822345837e+01
5.500000000000000000e+03 -6.235396552005625637e+01
5.510000000000000000e+03 -4.374509847512030092e+01
5.520000000000000000e+03 -4.460676970321754453e+01
5.530000000000000000e+03 -3.544729450291766426e+01
5.540000000000000000e+03 -5.919221251918583704e+01
5.550000000000000000e+03 -5.192447207106939544e+01
5.560000000000000000e+03 -4.807419568779026520e+01
5.570000000000000000e+03 -4.657648401131829274e+01
5.580000000000000000e+03 -5.530824621755301251e+01
5.590000000000000000e+03 -6.275727051204884077e+01
5.600000000000000000e+03 -5.212901800393110108e+01
5.610000000000000000e+03 -4.706040416508577806e+01
5.620000000000000000e+03 -5.312120901775914206e+01
5.630000000000000000e+03 -4.176283639130618752e+01
5.640000000000000000e+03 -5.078239529803512653e+01
5.650000000000000000e+03 -3.989946304998173332e+01
5.660000000000000000e+03 -6.342052645569228275e+01
5.670000000000000000e+03 -3.674389799329872375e+01
5.680000000000000000e+03 -2.868530390056320556e+01
5.690000000000000000e+03 -3.622869434391708410e+01
5.700000000000000000e+03 -5.300478399378856409e+01
5.710000000000000000e+03 -5.264319032928149511e+01
5.720000000000000000e+03 -6.633768377382135384e+01
5.730000000000000000e+03 -3.835293536936460868e+01
5.740000000000000000e+03 -4.955850015185617252e+01
5.750000000000000000e+03 -5.311421893265855232e+01
5.760000000000000000e+03 -5.559489700245696042e+01
5.770000000000000000e+03 -5.228153936899492038e+01
5.780000000000000000e+03 -5.162172117212227107e+01
5.790000000000000000e+03 -5.364815830194095980e+01
5.800000000000000000e+03 -6.320280249354257052e+01
5.810000000000000000e+03 -6.017724156057474971e+01
5.820000000000000000e+03 -2.580710771250302926e+01
5.830000000000000000e+03 -4.742228430849041132e+01
5.840000000000000000e+03 -5.284842381149735502e+01
5.850000000000000000e+03 -5.632478793767411673e+01
5.860000000000000000e+03 -5.651008248861942462e+01
5.870000000000000000e+03 -4.129587578827457151e+01
5.880000000000000000e+03 -5.113562377873327591e+01
5.890000000000000000e+03 -5.656818040904568790e+01
5.900000000000000000e+03 -6.176582434335446692e+01
5.910000000000000000e+03 -5.994295911814575817e+01
5.920000000000000000e+03 -3.955259440080953226e+01
5.930000000000000000e+03 -5.918934773021018714e+01
5.940000000000000000e+03 -4.159547541934848169e+01
5.950000000000000000e+03 -5.570874371634945277e+01
5.960000000000000000e+03 -5.463278627287328248e+01
5.970000000000000000e+03 -5.176988805794309911e+01
5.980000000000000000e+03 -5.404183760297535599e+01
5.990000000000000000e+03 -4.738744847454645992e+01
6.000000000000000000e+03 -5.177550304433538031e+01
6.010000000000000000e+03 -5.041037380165668225e+01
6.020000000000000000e+03 -5.822912776135042634e+01
6.030000000000000000e+03 -3.391761178147739741e+01
6.040000000000000000e+03 -5.325390604311144216e+01
6.050000000000000000e+03 -4.603309083841621430e+01
6.060000000000000000e+03 -5.916047065733558696e+01
6.070000000000000000e+03 -5.756014223975567745e+01
6.080000000000000000e+03 -6.142571659616481128e+01
6.090000000000000000e+03 -5.303623937674124278e+01
6.100000000000000000e+03 -4.753464133211556941e+01
6.110000000000000000e+03 -5.368116067094049981e+01
6.120000000000000000e+03 -6.184810108273525486e+01
6.130000000000000000e+03 -4.754707451626990178e+01
6.140000000000000000e+03 -4.458746102552163393e+01
6.150000000000000000e+03 -4.280653631091649913e+01
6.160000000000000000e+03 -5.966220979853164863e+01
6.170000000000000000e+03 -5.572742214047072196e+01
6.180000000000000000e+03 -5.629573897746098510e+01
6.190000000000000000e+03 -5.216946882426733367e+01
6.200000000000000000e+03 -5.779614355557007599e+01
6.210000000000000000e+03 -4.673175557379874334e+01
6.220000000000000000e+03 -4.265653596015124549e+01
6.230000000000000000e+03 -6.195392638749591185e+01
6.240000000000000000e+03 -5.191731009863026003e+01
6.250000000000000000e+03 -3.430418640585215684e+01
6.260000000000000000e+03 -6.276953180886464168e+01
6.270000000000000000e+03 -3.240970145625209398e+01
6.280000000000000000e+03 -3.635852658029372719e+01
6.290000000000000000e+03 -4.906930878637347604e+01
6.300000000000000000e+03 -5.373690946440672889e+01
6.310000000000000000e+03 -5.475453980433858447e+01
6.320000000000000000e+03 -4.298398134006851734e+01
6.330000000000000000e+03 -4.797570424280727508e+01
6.340000000000000000e+03 -6.570456541020179486e+01
6.350000000000000000e+03 -4.393669556181204428e+01
6.360000000000000000e+03 -4.560709671773644658e+01
6.370000000000000000e+03 -5.093852629720826997e+01
6.380000000000000000e+03 -4.058185578398254023e+01
6.390000000000000000e+03 -5.791073511459624257e+01
6.400000000000000000e+03 -6.052502694221916357e+01
6.410000000000000000e+03 -5.039421639183399293e+01
6.420000000000000000e+03 -4.492642285712103245e+01
6.430000000000000000e+03 -4.937486717851674456e+01
6.440000000000000000e+03 -5.179675977853473512e+01
6.450000000000000000e+03 -5.137397422150770154e+01
6.460000000000000000e+03 -4.306155982552922978e+01
6.470000000000000000e+03 -5.161839801691051122e+01
6.480000000000000000e+03 -3.819892431403344801e+01
6.490000000000000000e+03 -3.901481621429973501e+01
6.500000000000000000e+03 -5.973388681870251560e+01
6.510000000000000000e+03 -5.905080653534755442e+01
6.520000000000000000e+03 -4.625608601228113059e+01
6.530000000000000000e+03 -3.332958519633462657e+01
6.540000000000000000e+03 -5.451017330471528055e+01
6.550000000000000000e+03 -4.609674644945525301e+01
6.560000000000000000e+03 -6.396208616364994270e+01
6.570000000000000000e+03 -4.336007083679238860e+01
6.580000000000000000e+03 -5.482518550047821293e+01
6.590000000000000000e+03 -5.849114136106376094e+01
6.600000000000000000e+03 -4.558618375821417601e+01
6.610000000000000000e+03 -5.566342275475460610e+01
6.620000000000000000e+03 -5.233127210561227827e+01
6.630000000000000000e+03 -5.238719278641704591e+01
6.640000000000000000e+03 -5.739089050707404027e+01
6.650000000000000000e+03 -4.912373977691090232e+01
6.660000000000000000e+03 -5.170823779918702456e+01
6.670000000000000000e+03 -4.280023377517006367e+01
6.680000000000000000e+03 -4.063542733782727367e+01
6.690000000000000000e+03 -5.447367589316544922e+01
6.700000000000000000e+03 -5.569957639162736740e+01
6.710000000000000000e+03 -2.418414746201545640e+01
6.720000000000000000e+03 -3.538186272271372701e+01
6.730000000000000000e+03 -3.414467495568774069e+01
6.740000000000000000e+03 -6.587765596011082891e+01
6.750000000000000000e+03 -4.518740513280312143e+01
6.760000000000000000e+03 -4.320880997887785213e+01
6.770000000000000000e+03 -5.955443643726754033e+01
6.780000000000000000e+03 -5.464521945702762196e+01
6.790000000000000000e+03 -4.404951095167330521e+01
6.800000000000000000e+03 -5.459187708630093994e+01
6.810000000000000000e+03 -6.019574809735746612e+01
6.820000000000000000e+03 -5.106182681472042617e+01
6.830000000000000000e+03 -4.982584225906421693e+01
6.840000000000000000e+03 -4.254337679561291452e+01
6.850000000000000000e+03 -6.002294402634601767e+01
6.860000000000000000e+03 -5.925323252436727017e+01
6.870000000000000000e+03 -4.947989034236422157e+01
6.880000000000000000e+03 -5.597224700633012162e+01
6.890000000000000000e+03 -4.473929484123130607e+01
6.900000000000000000e+03 -5.964765667053532638e+01
6.910000000000000000e+03 -4.971635002441471585e+01
6.920000000000000000e+03 -5.551382347444594956e+01
6.930000000000000000e+03 -5.268197957201185488e+01
6.940000000000000000e+03 -5.660954796185413329e+01
6.950000000000000000e+03 -4.187473504869523566e+01
6.960000000000000000e+03 -4.705341407998518832e+01
6.970000000000000000e+03 -5.020147338955198535e+01
6.980000000000000000e+03 -4.732178751122446414e+01
6.990000000000000000e+03 -5.304930281447022367e+01
7.000000000000000000e+03 -4.660822587316854282e+01
7.010000000000000000e+03 -6.237631087406636254e+01
7.020000000000000000e+03 -5.513464000562837697e+01
7.030000000000000000e+03 -3.878551850468837614e+01
7.040000000000000000e+03 -3.788723527348227549e+01
7.050000000000000000e+03 -5.971165605625144224e+01
7.060000000000000000e+03 -4.804262571327855369e+01
7.070000000000000000e+03 -4.262932046488253235e+01
7.080000000000000000e+03 -4.700150410374633481e+01
7.090000000000000000e+03 -5.299641880997965160e+01
7.100000000000000000e+03 -3.672819894971213728e+01
7.110000000000000000e+03 -6.059899579357054478e+01
7.120000000000000000e+03 -4.823204556034880142e+01
7.130000000000000000e+03 -5.016130904811331703e+01
7.140000000000000000e+03 -4.715459842660528977e+01
7.150000000000000000e+03 -5.297865711833059521e+01
7.160000000000000000e+03 -4.875080154806025234e+01
7.170000000000000000e+03 -5.771570028113369943e+01
7.180000000000000000e+03 -5.275382847952126042e+01
7.190000000000000000e+03 -4.490711417942512185e+01
7.200000000000000000e+03 -4.292233108131244279e+01
7.210000000000000000e+03 -5.003038819192592257e+01
7.220000000000000000e+03 -4.709426597077801091e+01
7.230000000000000000e+03 -5.252258271340645734e+01
7.240000000000000000e+03 -4.616865265274417141e+01
7.250000000000000000e+03 -4.733009539925386377e+01
7.260000000000000000e+03 -3.736807821531424167e+01
7.270000000000000000e+03 -3.954869828780263674e+01
7.280000000000000000e+03 -5.729789945692431274e+01
7.290000000000000000e+03 -4.031823790244285277e+01
7.300000000000000000e+03 -4.706911312357177479e+01
7.310000000000000000e+03 -4.203430379463917177e+01
7.320000000000000000e+03 -6.025550759538962353e+01
7.330000000000000000e+03 -4.261270468882374018e+01
7.340000000000000000e+03 -3.703175198957244163e+01
7.350000000000000000e+03 -3.287723501707884566e+01
7.360000000000000000e+03 -3.719710760924720461e+01
7.370000000000000000e+03 -5.418519164331708993e+01
7.380000000000000000e+03 -3.594714288338979458e+01
7.390000000000000000e+03 -2.994873313460617936e+01
7.400000000000000000e+03 -3.000505488586754410e+01
7.410000000000000000e+03 -2.994947797973985359e+01
7.420000000000000000e+03 -4.689648093989885069e+01
7.430000000000000000e+03 -3.867023939630806240e+01
7.440000000000000000e+03 -3.627103592497724804e+01
7.450000000000000000e+03 -4.959511215496502956e+01
7.460000000000000000e+03 -3.462223527792928479e+01
7.470000000000000000e+03 -4.992525043651941274e+01
7.480000000000000000e+03 -3.534937601572980981e+01
7.490000000000000000e+03 -3.526480744516850052e+01
7.500000000000000000e+03 -3.851628563675640748e+01
7.510000000000000000e+03 -3.923013375370990730e+01
7.520000000000000000e+03 -2.716169453175131920e+01
7.530000000000000000e+03 -2.658220501775600297e+01
7.540000000000000000e+03 -4.253925149948797468e+01
7.550000000000000000e+03 -4.216436521413387339e+01
7.560000000000000000e+03 -4.013798538009469041e+01
7.570000000000000000e+03 -4.362718376088237449e+01
7.580000000000000000e+03 -4.814386735567817510e+01
7.590000000000000000e+03 -5.495713768069683880e+01
7.600000000000000000e+03 -4.260319358942457058e+01
7.610000000000000000e+03 -4.970626596722041057e+01
7.620000000000000000e+03 -4.213308171851973327e+01
7.630000000000000000e+03 -4.612785805773085457e+01
7.640000000000000000e+03 -4.002201872236021529e+01
7.650000000000000000e+03 -4.710371977439767477e+01
7.660000000000000000e+03 -4.217708487718577715e+01
7.670000000000000000e+03 -5.626130421397361658e+01
7.680000000000000000e+03 -6.044882355546675967e+01
7.690000000000000000e+03 -5.856195894454193507e+01
7.700000000000000000e+03 -4.432200967903752087e+01
7.710000000000000000e+03 -5.919043635002093140e+01
7.720000000000000000e+03 -4.319534547069228125e+01
7.730000000000000000e+03 -5.419596324986554237e+01
7.740000000000000000e+03 -3.834497125601229328e+01
7.750000000000000000e+03 -3.857593054322952497e+01
7.760000000000000000e+03 -5.717098930530282530e+01
7.770000000000000000e+03 -5.059744452176689578e+01
7.780000000000000000e+03 -4.372699300879416739e+01
7.790000000000000000e+03 -4.017316498871572605e+01
7.800000000000000000e+03 -5.987403229539151539e+01
7.810000000000000000e+03 -4.503219086610218369e+01
7.820000000000000000e+03 -3.066636277300753477e+01
7.830000000000000000e+03 -1.686816396754899827e+01
7.840000000000000000e+03 -4.388914006481618912e+01
7.850000000000000000e+03 -3.873137399304852124e+01
7.860000000000000000e+03 -2.874993353985396283e+01
7.870000000000000000e+03 -4.630049024140377156e+01
7.880000000000000000e+03 -3.445779639072673461e+01
7.890000000000000000e+03 -3.691057141590227531e+01
7.900000000000000000e+03 -3.416805163372907828e+01
7.910000000000000000e+03 -3.551599214255384851e+01
7.920000000000000000e+03 -4.039123272554251542e+01
7.930000000000000000e+03 -3.346165196811228526e+01
7.940000000000000000e+03 -3.769987807447449768e+01
7.950000000000000000e+03 -4.412697484557499195e+01
7.960000000000000000e+03 -4.304924123293391602e+01
7.970000000000000000e+03 -2.813171207890780323e+01
7.980000000000000000e+03 -4.411431247830260105e+01
7.990000000000000000e+03 -2.959235338603481225e+01
8.000000000000000000e+03 -2.490991310110766932e+01
8.010000000000000000e+03 -2.423720335384457059e+01
8.020000000000000000e+03 -2.715774112296491793e+01
8.030000000000000000e+03 -4.519032721755829130e+01
8.040000000000000000e+03 -4.678274881756539116e+01
8.050000000000000000e+03 -4.511595729575030589e+01
8.060000000000000000e+03 -2.491203304494965565e+01
8.070000000000000000e+03 -4.770372117745866802e+01
8.080000000000000000e+03 -4.067352903120347207e+01
8.090000000000000000e+03 -4.726666897133287648e+01
8.100000000000000000e+03 -3.133219702672906593e+01
8.110000000000000000e+03 -3.507286658379967292e+01
8.120000000000000000e+03 -3.278596284031451091e+01
8.130000000000000000e+03 -3.469207883315572616e+01
8.140000000000000000e+03 -4.476473416733511357e+01
8.150000000000000000e+03 -3.949730397357940603e+01
8.160000000000000000e+03 -4.387166485206469702e+01
8.170000000000000000e+03 -4.142966143343761587e+01
8.180000000000000000e+03 -3.007633083558181752e+01
8.190000000000000000e+03 -2.368286668705549758e+01
8.200000000000000000e+03 -4.623396984138908294e+01
8.210000000000000000e+03 -4.431708224199940105e+01
8.220000000000000000e+03 -4.409328492722129766e+01
8.230000000000000000e+03 -3.775940838938858946e+01
8.240000000000000000e+03 -3.133024897022562172e+01
8.250000000000000000e+03 -4.291322105236985607e+01
8.260000000000000000e+03 -5.185268045933950276e+01
8.270000000000000000e+03 -2.757273445397817468e+01
8.280000000000000000e+03 -3.115377796932532917e+01
8.290000000000000000e+03 -2.543961258270611481e+01
8.300000000000000000e+03 -4.758649401257490297e+01
8.310000000000000000e+03 -3.389119842712186426e+01
8.320000000000000000e+03 -2.596570243019523971e+01
8.330000000000000000e+03 -1.559195777467460609e+01
8.340000000000000000e+03 -4.482781682057901662e+01
8.350000000000000000e+03 -3.481893168899769364e+01
8.360000000000000000e+03 -5.101409943038603245e+01
8.370000000000000000e+03 -3.043133548544487610e+01
8.380000000000000000e+03 -5.257008091462280674e+01
8.390000000000000000e+03 -2.747155010735806613e+01
8.400000000000000000e+03 -4.319832485122695687e+01
8.410000000000000000e+03 -4.785016918989411039e+01
8.420000000000000000e+03 -5.232496956986584280e+01
8.430000000000000000e+03 -4.053435758276619794e+01
8.440000000000000000e+03 -3.809837022098798798e+01
8.450000000000000000e+03 -3.755864397797475362e+01
8.460000000000000000e+03 -1.487593241809961420e+01
8.470000000000000000e+03 -3.321654062335532132e+01
8.480000000000000000e+03 -3.261808620634117517e+01
8.490000000000000000e+03 -4.593116164666244572e+01
8.500000000000000000e+03 -5.779241932990171193e+01
8.510000000000000000e+03 -4.650841662525674991e+01
8.520000000000000000e+03 -5.137133861565010307e+01
8.530000000000000000e+03 -5.979593814791518014e+01
8.540000000000000000e+03 -4.276768977240663361e+01
8.550000000000000000e+03 -3.489622369556084180e+01
8.560000000000000000e+03 -4.651477645678269823e+01
8.570000000000000000e+03 -3.841223650116064903e+01
8.580000000000000000e+03 -5.399605827514439937e+01
8.590000000000000000e+03 -5.007903230873252909e+01
8.600000000000000000e+03 -3.698602995752100497e+01
8.610000000000000000e+03 -4.275880892658210541e+01
8.620000000000000000e+03 -5.528991156810882757e+01
8.630000000000000000e+03 -3.612269715181788143e+01
8.640000000000000000e+03 -4.242804039145307371e+01
8.650000000000000000e+03 -4.336499827383051553e+01
8.660000000000000000e+03 -3.620726572237919072e+01
8.670000000000000000e+03 -3.257121825869947429e+01
8.680000000000000000e+03 -4.735587850003474841e+01
8.690000000000000000e+03 -3.441476726031241640e+01
8.700000000000000000e+03 -4.008871100971343537e+01
8.710000000000000000e+03 -4.054083200585117197e+01
8.720000000000000000e+03 -3.928227291306680513e+01
8.730000000000000000e+03 -3.261338795242110677e+01
8.740000000000000000e+03 -2.423124459277520870e+01
8.750000000000000000e+03 -2.230696583782833997e+01
8.760000000000000000e+03 -2.362631575267608497e+01
8.770000000000000000e+03 -2.399782158703891355e+01
8.780000000000000000e+03 -3.867992238304577057e+01
8.790000000000000000e+03 -3.236672962161728151e+01
8.800000000000000000e+03 -5.445562772261882856e+01
8.810000000000000000e+03 -5.324210311253175121e+01
8.820000000000000000e+03 -3.866015533911375712e+01
8.830000000000000000e+03 -4.977227070521948349e+01
8.840000000000000000e+03 -4.067599274972253198e+01
8.850000000000000000e+03 -4.600037494831424567e+01
8.860000000000000000e+03 -4.882133265264085509e+01
8.870000000000000000e+03 -3.993258001054029194e+01
8.880000000000000000e+03 -4.863076688998035024e+01
8.890000000000000000e+03 -4.467718621623912867e+01
8.900000000000000000e+03 -4.712377329722725250e+01
8.910000000000000000e+03 -3.885433073588359321e+01
8.920000000000000000e+03 -4.223329203688811617e+01
8.930000000000000000e+03 -4.119377470918225725e+01
8.940000000000000000e+03 -1.933016361322614785e+01
8.950000000000000000e+03 -4.145779366117854181e+01
8.960000000000000000e+03 -3.006744998975728933e+01
8.970000000000000000e+03 -4.241274241832308434e+01
8.980000000000000000e+03 -4.327802328052965208e+01
8.990000000000000000e+03 -3.948338109915772520e+01
9.000000000000000000e+03 -5.482002888032203458e+01
9.010000000000000000e+03 -4.948040600437984438e+01
9.020000000000000000e+03 -5.313919989252624987e+01
9.030000000000000000e+03 -4.643186946382726887e+01
9.040000000000000000e+03 -5.617427192489324739e+01
9.050000000000000000e+03 -4.411511461921578814e+01
9.060000000000000000e+03 -4.150958904585836962e+01
9.070000000000000000e+03 -4.327962756235602626e+01
9.080000000000000000e+03 -3.562473953206968247e+01
9.090000000000000000e+03 -4.363085069077121858e+01
9.100000000000000000e+03 -6.354531666347178032e+01
9.110000000000000000e+03 -4.750966037224786476e+01
9.120000000000000000e+03 -5.590790384593692863e+01
9.130000000000000000e+03 -4.216453710147241196e+01
9.140000000000000000e+03 -5.216024420376572834e+01
9.150000000000000000e+03 -4.862268818506900203e+01
9.160000000000000000e+03 -4.952756043091910954e+01
9.170000000000000000e+03 -4.435736117499710218e+01
9.180000000000000000e+03 -5.824551435429117419e+01
9.190000000000000000e+03 -6.489910134180688317e+01
9.200000000000000000e+03 -4.688089648787129704e+01
9.210000000000000000e+03 -6.107558208756037033e+01
9.220000000000000000e+03 -5.131937134363173669e+01
9.230000000000000000e+03 -5.688869299964186865e+01
9.240000000000000000e+03 -5.519989989849377565e+01
9.250000000000000000e+03 -4.891781874534088814e+01
9.260000000000000000e+03 -5.285346584009451476e+01
9.270000000000000000e+03 -4.893449181717919316e+01
9.280000000000000000e+03 -5.293918032624608117e+01
9.290000000000000000e+03 -2.325286186180981574e+01
9.300000000000000000e+03 -4.068407145463388019e+01
9.310000000000000000e+03 -6.916322514050901304e+01
9.320000000000000000e+03 -6.537024453674297320e+01
9.330000000000000000e+03 -6.219193305559325324e+01
9.340000000000000000e+03 -4.209331844753764784e+01
9.350000000000000000e+03 -6.276592217475531754e+01
9.360000000000000000e+03 -5.310751532645551976e+01
9.370000000000000000e+03 -5.430075723059496795e+01
9.380000000000000000e+03 -2.832153299643464450e+01
9.390000000000000000e+03 -7.755562444468775141e+01
9.400000000000000000e+03 -5.562343030065447635e+01
9.410000000000000000e+03 -4.802560886676316443e+01
9.420000000000000000e+03 -4.617317901932570123e+01
9.430000000000000000e+03 -5.088948110994507346e+01
9.440000000000000000e+03 -5.912334299221111422e+01
9.450000000000000000e+03 -5.423733080267398776e+01
9.460000000000000000e+03 -4.897299458101198866e+01
9.470000000000000000e+03 -2.978561205033243908e+01
9.480000000000000000e+03 -4.329601415529676700e+01
9.490000000000000000e+03 -5.156471187150675206e+01
9.500000000000000000e+03 -3.959946234845123314e+01
9.510000000000000000e+03 -5.295189998929799202e+01
9.520000000000000000e+03 -4.010188903900144908e+01
9.530000000000000000e+03 -5.150833282446587447e+01
9.540000000000000000e+03 -5.813911609173537443e+01
9.550000000000000000e+03 -4.999308863946290415e+01
9.560000000000000000e+03 -4.444255999913305288e+01
9.570000000000000000e+03 -5.474027315523982651e+01
9.580000000000000000e+03 -4.492917305453766375e+01
9.590000000000000000e+03 -5.792970001761506182e+01
9.600000000000000000e+03 -5.436762140528674081e+01
9.610000000000000000e+03 -4.695601125481294247e+01
9.620000000000000000e+03 -4.935372503587641546e+01
9.630000000000000000e+03 -4.618423710477172506e+01
9.640000000000000000e+03 -4.372051858570919336e+01
9.650000000000000000e+03 -5.112731589070388338e+01
9.660000000000000000e+03 -5.717110389686185812e+01
9.670000000000000000e+03 -6.301458585784209987e+01
9.680000000000000000e+03 -3.970190720222062453e+01
9.690000000000000000e+03 -6.189038536801589885e+01
9.700000000000000000e+03 -5.525610705819610047e+01
9.710000000000000000e+03 -5.486506336301931697e+01
9.720000000000000000e+03 -4.946092543934539520e+01
9.730000000000000000e+03 -4.720307065607336483e+01
9.740000000000000000e+03 -4.928250638194165134e+01
9.750000000000000000e+03 -5.316137335919781748e+01
9.760000000000000000e+03 -4.868296334511676093e+01
9.770000000000000000e+03 -5.472709512595181991e+01
9.780000000000000000e+03 -4.967985261286487741e+01
9.790000000000000000e+03 -4.752948471195939106e+01
9.800000000000000000e+03 -2.471934733844715737e+01
9.810000000000000000e+03 -2.608757055321956386e+01
9.820000000000000000e+03 -3.221988053872525626e+01
9.830000000000000000e+03 -5.407896526809982873e+01
9.840000000000000000e+03 -5.305296974435906776e+01
9.850000000000000000e+03 -5.491256156423565926e+01
9.860000000000000000e+03 -4.607697940552323956e+01
9.870000000000000000e+03 -4.633784708964630283e+01
9.880000000000000000e+03 -4.545193974681502880e+01
9.890000000000000000e+03 -4.797994413049124773e+01
9.900000000000000000e+03 -5.191158052067894602e+01
9.910000000000000000e+03 -5.259557753650612710e+01
9.920000000000000000e+03 -4.614269766462474109e+01
9.930000000000000000e+03 -5.754255243544517384e+01
9.940000000000000000e+03 -3.562514060252627246e+01
9.950000000000000000e+03 -6.069874774570282483e+01
9.960000000000000000e+03 -5.217897992366651039e+01
9.970000000000000000e+03 -5.213257034226091235e+01
9.980000000000000000e+03 -5.568445030583590949e+01
9.990000000000000000e+03 -5.458643398724720441e+01
